4166 4165
1248 1906
852 1906
3288 1906
3684 1906
986 1906
1897 1906
2031 1906
1635 1906
506 1906
640 1906
3713 1906
4109 1906
2718 1906
2852 1906
2456 1906
3367 1906
1461 1906
1065 1906
3501 1906
1199 1906
70 1906
3239 1906
2110 1906
2244 1906
1848 1906
719 1906
853 1906
457 1906
3926 1906
591 1906
195 1906
2669 1906
1278 1906
3714 1906
3318 1906
3452 1906
2323 1906
1927 1906
21 1906
3056 1906
2061 1906
1665 1906
670 1906
804 1906
408 1906
2882 1906
3531 1906
3135 1906
3665 1906
2536 1906
3269 1906
2274 1906
1878 1906
3918 1906
2012 1906
883 1906
487 1906
1616 1906
621 1906
225 1906
2661 1906
3744 1906
3482 1906
3086 1906
3220 1906
2091 1906
1695 1906
4131 1906
1829 1906
3869 1906
834 1906
438 1906
2874 1906
2478 1906
572 1906
176 1906
1087 1906
1221 1906
3695 1906
3299 1906
3433 1906
2304 1906
1908 1906
3948 1906
2042 1906
1646 1906
4082 1906
651 1906
255 1906
2691 1906
3087 1906
389 1906
2429 1906
1300 1906
1434 1906
1038 1906
43 1906
3512 1906
4161 1906
3899 1906
864 1906
468 1906
2904 1906
2508 1906
602 1906
2642 1906
1513 1906
1117 1906
1647 1906
1251 1906
256 1906
3725 1906
4112 1906
3117 1906
2721 1906
3850 1906
2855 1906
1726 1906
2459 1906
1464 1906
1068 1906
1202 1906
73 1906
806 1906
1851 1906
3929 1906
4063 1906
2934 1906
2538 1906
3667 1906
2672 1906
2276 1906
1677 1906
1281 1906
2410 1906
3321 1906
1415 1906
286 1906
1019 1906
3059 1906
1930 1906
24 1906
2064 1906
673 1906
4142 1906
411 1906
3147 1906
3880 1906
2885 1906
2489 1906
2623 1906
1494 1906
1098 1906
3534 1906
1232 1906
3272 1906
2143 1906
2277 1906
1881 1906
886 1906
490 1906
624 1906
228 1906
4093 1906
2702 1906
2836 1906
3747 1906
3351 1906
1445 1906
3485 1906
2356 1906
3089 1906
54 1906
2490 1906
2094 1906
1099 1906
703 1906
1832 1906
837 1906
441 1906
2915 1906
3960 1906
3564 1906
3698 1906
2569 1906
3302 1906
2307 1906
1911 1906
3040 1906
2045 1906
916 1906
520 1906
1649 1906
654 1906
258 1906
392 1906
1041 1906
3777 1906
3515 1906
3119 1906
3253 1906
2124 1906
2258 1906
1129 1906
1862 1906
3902 1906
867 1906
471 1906
1600 1906
605 1906
209 1906
1254 1906
3990 1906
3728 1906
3332 1906
3466 1906
2337 1906
3070 1906
2075 1906
1679 1906
4115 1906
1813 1906
684 1906
288 1906
2724 1906
818 1906
422 1906
2462 1906
1333 1906
1467 1906
1071 1906
76 1906
3545 1906
3283 1906
2288 1906
1892 1906
3932 1906
2026 1906
897 1906
2937 1906
635 1906
2675 1906
1546 1906
1680 1906
1284 1906
289 1906
1022 1906
3758 1906
27 1906
2105 1906
4145 1906
3150 1906
2754 1906
3883 1906
2888 1906
1759 1906
2492 1906
1497 1906
1101 1906
2230 1906
1235 1906
106 1906
240 1906
2318 1906
3962 1906
4096 1906
2967 1906
3101 1906
1972 1906
2705 1906
1710 1906
1314 1906
2443 1906
1448 1906
319 1906
1052 1906
57 1906
444 1906
3180 1906
3913 1906
2918 1906
2522 1906
2656 1906
1527 1906
3567 1906
1265 1906
3305 1906
270 1906
1914 1906
8 1906
657 1906
4126 1906
3131 1906
2735 1906
2869 1906
1740 1906
3780 1906
3384 1906
1478 1906
1082 1906
3518 1906
3914 1906
87 1906
2523 1906
2127 1906
1865 1906
736 1906
870 1906
474 1906
212 1906
2948 1906
3993 1906
3597 1906
1295 1906
3731 1906
3335 1906
300 1906
2340 1906
1944 1906
38 1906
3073 1906
2078 1906
949 1906
1083 1906
687 1906
425 1906
3161 1906
3810 1906
1508 1906
3944 1906
3548 1906
2553 1906
2157 1906
3286 1906
2291 1906
1162 1906
1895 1906
900 1906
504 1906
1633 1906
638 1906
242 1906
1287 1906
3761 1906
3365 1906
3499 1906
2370 1906
3103 1906
2108 1906
1712 1906
4148 1906
1113 1906
717 1906
1846 1906
2757 1906
851 1906
455 1906
2495 1906
1500 1906
3974 1906
3578 1906
3712 1906
2583 1906
3316 1906
2321 1906
1925 1906
2059 1906
930 1906
2970 1906
668 1906
272 1906
2708 1906
3104 1906
1713 1906
1317 1906
1055 1906
3791 1906
60 1906
3529 1906
2138 1906
2272 1906
1143 1906
3183 1906
2787 1906
881 1906
485 1906
2921 1906
2525 1906
3916 1906
1926 1906
1530 1906
1268 1906
139 1906
273 1906
3742 1906
2351 1906
3396 1906
3000 1906
4129 1906
698 1906
3134 1906
2738 1906
1743 1906
1347 1906
2476 1906
1481 1906
352 1906
1085 1906
90 1906
823 1906
477 1906
3946 1906
911 1906
2951 1906
2555 1906
3085 1906
2689 1906
1560 1906
1694 1906
565 1906
1298 1906
3338 1906
303 1906
1036 1906
41 1906
690 1906
4159 1906
3164 1906
2768 1906
2902 1906
1773 1906
2506 1906
1511 1906
1115 1906
3551 1906
1249 1906
120 1906
2160 1906
254 1906
2294 1906
1898 1906
903 1906
507 1906
3976 1906
2981 1906
2719 1906
3630 1906
1724 1906
1328 1906
3764 1906
3368 1906
1462 1906
333 1906
2373 1906
71 1906
2507 1906
2111 1906
1116 1906
720 1906
458 1906
2932 1906
1541 1906
3977 1906
3581 1906
3715 1906
2586 1906
2190 1906
3319 1906
2324 1906
1928 1906
933 1906
537 1906
1666 1906
1067 1906
671 1906
1754 1906
3794 1906
3398 1906
3532 1906
2403 1906
2537 1906
2141 1906
2275 1906
1146 1906
750 1906
1879 1906
884 1906
488 1906
2924 1906
226 1906
4007 1906
3611 1906
3745 1906
3349 1906
3483 1906
2354 1906
1958 1906
2092 1906
963 1906
1696 1906
701 1906
3137 1906
2741 1906
835 1906
439 1906
1350 1906
93 1906
3562 1906
3696 1906
2567 1906
2171 1906
2305 1906
1909 1906
2820 1906
914 1906
518 1906
2954 1906
3350 1906
652 1906
1563 1906
1697 1906
1301 1906
172 1906
306 1906
3379 1906
3775 1906
2122 1906
4162 1906
3033 1906
731 1906
3167 1906
2771 1906
865 1906
2905 1906
1776 1906
1380 1906
2509 1906
1514 1906
385 1906
519 1906
123 1906
3592 1906
257 1906
2335 1906
944 1906
3380 1906
2984 1906
4113 1906
3118 1906
1989 1906
1593 1906
2722 1906
1727 1906
1331 1906
1465 1906
336 1906
1069 1906
74 1906
2114 1906
3197 1906
2801 1906
3930 1906
2935 1906
2539 1906
1544 1906
1148 1906
3584 1906
1678 1906
549 1906
153 1906
1282 1906
287 1906
2327 1906
4009 1906
3410 1906
4143 1906
3148 1906
2752 1906
2886 1906
1757 1906
1361 1906
3797 1906
1495 1906
3535 1906
104 1906
2540 1906
2144 1906
753 1906
887 1906
491 1906
2965 1906
1574 1906
4010 1906
3614 1906
1708 1906
3748 1906
3352 1906
2223 1906
317 1906
2357 1906
1961 1906
2095 1906
966 1906
1100 1906
704 1906
3178 1906
3827 1906
3961 1906
3565 1906
134 1906
2570 1906
2174 1906
3303 1906
2308 1906
1179 1906
783 1906
1912 1906
917 1906
521 1906
655 1906
4040 1906
3778 1906
3382 1906
3516 1906
2387 1906
1991 1906
3120 1906
2521 1906
2125 1906
4165 1906
1130 1906
734 1906
2774 1906
868 1906
472 1906
1517 1906
3991 1906
126 1906
3595 1906
3729 1906
2600 1906
3333 1906
2338 1906
1942 1906
2076 1906
947 1906
551 1906
2987 1906
685 1906
2725 1906
1596 1906
1730 1906
1334 1906
339 1906
3412 1906
3808 1906
77 1906
3546 1906
2551 1906
2155 1906
2289 1906
1160 1906
764 1906
3200 1906
2804 1906
898 1906
3933 1906
2938 1906
1809 1906
1943 1906
1547 1906
552 1906
156 1906
1285 1906
4021 1906
290 1906
3759 1906
2368 1906
3413 1906
3017 1906
4146 1906
3151 1906
2022 1906
2755 1906
1760 1906
1364 1906
1498 1906
369 1906
1102 1906
503 1906
107 1906
3230 1906
3963 1906
2968 1906
1973 1906
1577 1906
2706 1906
1711 1906
582 1906
1315 1906
320 1906
58 1906
707 1906
3443 1906
3181 1906
2785 1906
2919 1906
1790 1906
1394 1906
1528 1906
1132 1906
3568 1906
137 1906
2177 1906
271 1906
1915 1906
786 1906
920 1906
2998 1906
3132 1906
2003 1906
3647 1906
1741 1906
1345 1906
3781 1906
350 1906
2390 1906
88 1906
2128 1906
999 1906
1133 1906
737 1906
3211 1906
3860 1906
1558 1906
3994 1906
3598 1906
2603 1906
2207 1906
301 1906
3336 1906
2341 1906
1212 1906
1945 1906
950 1906
688 1906
4073 1906
1771 1906
3811 1906
2816 1906
2420 1906
3549 1906
2554 1906
1425 1906
2158 1906
1163 1906
767 1906
1896 1906
901 1906
505 1906
1550 1906
4024 1906
3628 1906
3762 1906
2633 1906
3366 1906
2371 1906
1975 1906
2109 1906
980 1906
3020 1906
1114 1906
718 1906
2758 1906
1763 1906
3841 1906
3975 1906
110 1906
2846 1906
3579 1906
2584 1906
2188 1906
2322 1906
1193 1906
3233 1906
931 1906
535 1906
2971 1906
1976 1906
1580 1906
1318 1906
189 1906
4054 1906
323 1906
3792 1906
2401 1906
3446 1906
3050 1906
1144 1906
748 1906
3184 1906
2788 1906
1793 1906
1397 1906
1531 1906
402 1906
536 1906
140 1906
4005 1906
2614 1906
3659 1906
3263 1906
961 1906
3397 1906
3001 1906
2006 1906
1610 1906
2739 1906
1744 1906
615 1906
1348 1906
353 1906
1086 1906
91 1906
740 1906
3476 1906
1174 1906
3214 1906
2818 1906
3947 1906
2952 1906
1823 1906
1957 1906
828 1906
1561 1906
3601 1906
566 1906
170 1906
1299 1906
2210 1906
304 1906
953 1906
3427 1906
3031 1906
3165 1906
2036 1906
2769 1906
1774 1906
1378 1906
3814 1906
1512 1906
383 1906
2423 1906
121 1906
2161 1906
1166 1906
770 1906
3244 1906
2982 1906
3893 1906
1987 1906
1591 1906
4027 1906
3631 1906
1725 1906
596 1906
2636 1906
2240 1906
334 1906
2770 1906
2374 1906
3369 1906
1379 1906
983 1906
721 1906
3457 1906
3195 1906
4106 1906
1804 1906
3844 1906
3978 1906
2849 1906
2453 1906
3582 1906
2587 1906
2191 1906
1196 1906
800 1906
1929 1906
934 1906
538 1906
4057 1906
3661 1906
3795 1906
2666 1906
3399 1906
2800 1906
2404 1906
1409 1906
1013 1906
2142 1906
1147 1906
18 1906
751 1906
489 1906
3874 1906
4008 1906
143 1906
3612 1906
2617 1906
2221 1906
2355 1906
1226 1906
1959 1906
964 1906
568 1906
3004 1906
3400 1906
702 1906
1613 1906
1351 1906
222 1906
4087 1906
356 1906
3429 1906
3825 1906
3959 1906
2434 1906
2568 1906
1439 1906
2172 1906
3083 1906
1177 1906
781 1906
3217 1906
915 1906
1826 1906
1960 1906
1564 1906
435 1906
569 1906
173 1906
3642 1906
4038 1906
2647 1906
2385 1906
3296 1906
994 1906
3430 1906
3034 1906
1128 1906
3168 1906
2039 1906
1643 1906
2772 1906
1777 1906
648 1906
1381 1906
386 1906
3855 1906
124 1906
2598 1906
1207 1906
3247 1906
3381 1906
2252 1906
1856 1906
2985 1906
1990 1906
1594 1906
599 1906
203 1906
1332 1906
337 1906
3460 1906
3064 1906
3198 1906
2802 1906
1807 1906
1411 1906
3847 1906
1545 1906
416 1906
550 1906
154 1906
2590 1906
2194 1906
3277 1906
3411 1906
3015 1906
3149 1906
2020 1906
1624 1906
4060 1906
1758 1906
629 1906
1362 1906
3798 1906
367 1906
2803 1906
2407 1906
105 1906
1016 1906
1150 1906
754 1906
3228 1906
2832 1906
1837 1906
3877 1906
1575 1906
4011 1906
3615 1906
2486 1906
580 1906
184 1906
2620 1906
2224 1906
318 1906
1229 1906
1363 1906
967 1906
3441 1906
4090 1906
3694 1906
3828 1906
397 1906
2833 1906
2437 1906
2571 1906
1442 1906
1046 1906
2175 1906
1180 1906
784 1906
522 1906
3907 1906
4041 1906
3645 1906
610 1906
3779 1906
2650 1906
2254 1906
3383 1906
2388 1906
1259 1906
1393 1906
997 1906
3037 1906
1131 1906
2 1906
735 1906
1780 1906
3858 1906
3992 1906
2863 1906
2467 1906
3596 1906
2601 1906
2205 1906
2339 1906
1210 1906
814 1906
3250 1906
948 1906
1859 1906
1993 1906
1597 1906
4071 1906
206 1906
3675 1906
3809 1906
2418 1906
2552 1906
1423 1906
1027 1906
3463 1906
3067 1906
1161 1906
3201 1906
2072 1906
1676 1906
2805 1906
2206 1906
1810 1906
815 1906
419 1906
553 1906
157 1906
4022 1906
2631 1906
3676 1906
3280 1906
3414 1906
2285 1906
3018 1906
2023 1906
1627 1906
1761 1906
632 1906
236 1906
1365 1906
370 1906
3493 1906
3097 1906
3231 1906
2835 1906
2236 1906
1840 1906
2969 1906
1974 1906
845 1906
449 1906
1578 1906
3618 1906
583 1906
187 1906
321 1906
970 1906
3706 1906
3444 1906
3048 1906
3182 1906
2053 1906
1657 1906
2786 1906
1791 1906
1395 1906
3831 1906
400 1906
4 1906
2440 1906
534 1906
138 1906
1049 1906
1183 1906
787 1906
3261 1906
2865 1906
3395 1906
2999 1906
3910 1906
2004 1906
1608 1906
4044 1906
3648 1906
1742 1906
613 1906
217 1906
2653 1906
351 1906
2391 1906
1262 1906
1396 1906
1000 1906
5 1906
3474 1906
3212 1906
4123 1906
1821 1906
3861 1906
430 1906
2866 1906
2470 1906
564 1906
3599 1906
2604 1906
1475 1906
1079 1906
2208 1906
1213 1906
817 1906
951 1906
2034 1906
4074 1906
3678 1906
3812 1906
2683 1906
2817 1906
1688 1906
2421 1906
1426 1906
1030 1906
2159 1906
1164 1906
35 1906
768 1906
3891 1906
4025 1906
2896 1906
3629 1906
2634 1906
2238 1906
2372 1906
1243 1906
847 1906
1377 1906
981 1906
3021 1906
1630 1906
4104 1906
373 1906
3842 1906
2847 1906
2451 1906
2585 1906
1456 1906
3496 1906
1194 1906
798 1906
3234 1906
1843 1906
1581 1906
452 1906
586 1906
190 1906
4055 1906
2664 1906
2268 1906
3709 1906
3313 1906
1011 1906
3447 1906
3051 1906
16 1906
2056 1906
1660 1906
2789 1906
1794 1906
665 1906
799 1906
403 1906
141 1906
2877 1906
3526 1906
1224 1906
3660 1906
3264 1906
2269 1906
1873 1906
3002 1906
2007 1906
878 1906
1611 1906
616 1906
220 1906
354 1906
1003 1906
3739 1906
3477 1906
3081 1906
3215 1906
2086 1906
2819 1906
1824 1906
3864 1906
829 1906
433 1906
1562 1906
2473 1906
567 1906
171 1906
1216 1906
3690 1906
3294 1906
3428 1906
2299 1906
3032 1906
3943 1906
2037 1906
1641 1906
4077 1906
1775 1906
646 1906
250 1906
2686 1906
384 1906
2424 1906
1429 1906
1033 1906
771 1906
3507 1906
3245 1906
4156 1906
1854 1906
1458 1906
3894 1906
1988 1906
859 1906
2899 1906
2503 1906
597 1906
201 1906
2637 1906
3632 1906
1642 1906
1246 1906
984 1906
3720 1906
3458 1906
2067 1906
4107 1906
3112 1906
2716 1906
3845 1906
414 1906
2850 1906
2454 1906
1459 1906
1063 1906
2192 1906
1197 1906
68 1906
801 1906
3924 1906
4058 1906
2929 1906
3662 1906
627 1906
2667 1906
2271 1906
1672 1906
1276 1906
2405 1906
1410 1906
281 1906
1014 1906
3054 1906
19 1906
752 1906
4137 1906
406 1906
3142 1906
3875 1906
2880 1906
2484 1906
2618 1906
1489 1906
2222 1906
1227 1906
831 1906
3267 1906
965 1906
1876 1906
1614 1906
619 1906
223 1906
3692 1906
4088 1906
2697 1906
2831 1906
2435 1906
3346 1906
1440 1906
1044 1906
3480 1906
3084 1906
1178 1906
49 1906
2089 1906
1827 1906
832 1906
436 1906
3905 1906
174 1906
2910 1906
2648 1906
3559 1906
1257 1906
3693 1906
3297 1906
2302 1906
3035 1906
2040 1906
1644 1906
649 1906
253 1906
1382 1906
4118 1906
387 1906
2861 1906
3772 1906
1470 1906
3510 1906
3114 1906
3644 1906
3248 1906
2119 1906
2253 1906
1857 1906
3897 1906
862 1906
466 1906
1595 1906
600 1906
204 1906
3723 1906
3327 1906
3461 1906
2332 1906
3065 1906
2070 1906
1674 1906
4110 1906
1808 1906
679 1906
1412 1906
813 1906
417 1906
2457 1906
155 1906
1066 1906
3540 1906
3278 1906
2283 1906
1887 1906
3927 1906
2021 1906
892 1906
1625 1906
630 1906
234 1906
2670 1906
3066 1906
368 1906
1279 1906
1017 1906
22 1906
3095 1906
3491 1906
2100 1906
4140 1906
1838 1906
3878 1906
2749 1906
447 1906
2883 1906
2487 1906
581 1906
1492 1906
1096 1906
2225 1906
1230 1906
101 1906
235 1906
3308 1906
2313 1906
3957 1906
2051 1906
4091 1906
2962 1906
660 1906
3096 1906
2700 1906
2834 1906
1705 1906
1309 1906
2438 1906
1443 1906
314 1906
1047 1906
52 1906
785 1906
3521 1906
3908 1906
2913 1906
2517 1906
3646 1906
2651 1906
1522 1906
2255 1906
1260 1906
3300 1906
265 1906
998 1906
3 1906
4121 1906
3126 1906
2730 1906
3859 1906
2864 1906
2468 1906
1473 1906
1077 1906
3513 1906
1211 1906
82 1906
2256 1906
1860 1906
469 1906
3938 1906
4072 1906
207 1906
2943 1906
2681 1906
1290 1906
3726 1906
3330 1906
1424 1906
295 1906
3464 1906
3068 1906
1939 1906
33 1906
2073 1906
682 1906
4151 1906
816 1906
420 1906
2894 1906
1503 1906
3939 1906
3543 1906
3677 1906
3281 1906
2152 1906
2286 1906
1890 1906
2024 1906
895 1906
499 1906
1628 1906
633 1906
237 1906
3756 1906
3360 1906
3494 1906
3098 1906
63 1906
2103 1906
1707 1906
2237 1906
1108 1906
712 1906
1841 1906
846 1906
450 1906
188 1906
3969 1906
3707 1906
3311 1906
3445 1906
2316 1906
1920 1906
3049 1906
2054 1906
1658 1906
4094 1906
663 1906
267 1906
2703 1906
401 1906
1312 1906
1446 1906
1050 1906
55 1906
3128 1906
3524 1906
3262 1906
2133 1906
2267 1906
1871 1906
3911 1906
2005 1906
876 1906
480 1906
2782 1906
2520 1906
614 1906
2916 1906
2654 1906
1525 1906
1659 1906
1263 1906
268 1906
3341 1906
3737 1906
6 1906
3475 1906
2084 1906
4124 1906
693 1906
3129 1906
2733 1906
2867 1906
1738 1906
1342 1906
2471 1906
1476 1906
1080 1906
85 1906
219 1906
2297 1906
3941 1906
4075 1906
2946 1906
2550 1906
3679 1906
3080 1906
2684 1906
1689 1906
1293 1906
1427 1906
298 1906
1031 1906
36 1906
4154 1906
3159 1906
2763 1906
3892 1906
2897 1906
2501 1906
2635 1906
1506 1906
1110 1906
2239 1906
1244 1906
115 1906
848 1906
3284 1906
249 1906
1893 1906
502 1906
3971 1906
636 1906
4105 1906
3110 1906
2714 1906
2848 1906
1719 1906
1323 1906
3363 1906
1457 1906
1061 1906
3497 1906
66 1906
2106 1906
1844 1906
715 1906
849 1906
453 1906
2927 1906
2531 1906
3576 1906
1274 1906
3710 1906
3314 1906
2319 1906
1923 1906
17 1906
2057 1906
928 1906
532 1906
1661 1906
1062 1906
666 1906
3789 1906
1487 1906
3527 1906
2532 1906
2136 1906
3265 1906
2270 1906
1141 1906
1874 1906
879 1906
483 1906
617 1906
221 1906
1266 1906
4002 1906
3740 1906
3344 1906
3478 1906
2349 1906
1953 1906
3082 1906
2087 1906
1691 1906
4127 1906
1825 1906
696 1906
2736 1906
830 1906
434 1906
2474 1906
1479 1906
3557 1906
3691 1906
2562 1906
3295 1906
2300 1906
1904 1906
2038 1906
909 1906
513 1906
2949 1906
647 1906
251 1906
2687 1906
1692 1906
1296 1906
3770 1906
39 1906
3508 1906
2117 1906
1721 1906
4157 1906
3162 1906
2766 1906
860 1906
464 1906
2900 1906
2504 1906
3895 1906
1509 1906
1247 1906
118 1906
252 1906
3721 1906
2330 1906
3375 1906
2979 1906
4108 1906
677 1906
3113 1906
2717 1906
1722 1906
1326 1906
2455 1906
1460 1906
331 1906
1064 1906
69 1906
456 1906
3192 1906
890 1906
3925 1906
2930 1906
2534 1906
3663 1906
2668 1906
1539 1906
1673 1906
544 1906
1277 1906
3317 1906
282 1906
1015 1906
20 1906
669 1906
3405 1906
4138 1906
3143 1906
2747 1906
3876 1906
2881 1906
1752 1906
2485 1906
1490 1906
1094 1906
3530 1906
1228 1906
99 1906
2139 1906
1877 1906
882 1906
486 1906
3955 1906
2960 1906
2698 1906
3609 1906
1703 1906
1307 1906
3743 1906
3347 1906
1441 1906
312 1906
2352 1906
1956 1906
50 1906
2090 1906
1095 1906
699 1906
437 1906
3173 1906
2911 1906
3822 1906
1520 1906
1124 1906
3560 1906
3956 1906
2565 1906
2169 1906
3298 1906
2303 1906
1907 1906
912 1906
516 1906
1645 1906
650 1906
4035 1906
1733 1906
3773 1906
3377 1906
3511 1906
2382 1906
3115 1906
2516 1906
2120 1906
4160 1906
1125 1906
729 1906
1858 1906
863 1906
467 1906
3986 1906
3590 1906
3724 1906
2595 1906
3328 1906
2333 1906
1937 1906
2071 1906
942 1906
1675 1906
680 1906
284 1906
2720 1906
418 1906
1329 1906
3803 1906
72 1906
3145 1906
3541 1906
2546 1906
2150 1906
2284 1906
1155 1906
1888 1906
3928 1906
2799 1906
893 1906
497 1906
2933 1906
3329 1906
631 1906
1542 1906
1280 1906
151 1906
4016 1906
285 1906
3358 1906
3754 1906
2363 1906
2101 1906
4141 1906
3012 1906
710 1906
3146 1906
2750 1906
844 1906
1755 1906
1359 1906
2488 1906
1493 1906
364 1906
1097 1906
498 1906
102 1906
3571 1906
2314 1906
3225 1906
3958 1906
923 1906
3359 1906
2963 1906
1968 1906
1572 1906
2701 1906
1706 1906
577 1906
1310 1906
315 1906
1048 1906
3784 1906
53 1906
3176 1906
2780 1906
3909 1906
2914 1906
1785 1906
2518 1906
1523 1906
1127 1906
3563 1906
1261 1906
132 1906
266 1906
1910 1906
3988 1906
4122 1906
2993 1906
3127 1906
1998 1906
2731 1906
1736 1906
1340 1906
3776 1906
1474 1906
345 1906
1078 1906
83 1906
2519 1906
2123 1906
732 1906
470 1906
3206 1906
2944 1906
2548 1906
1553 1906
3989 1906
3593 1906
1687 1906
1291 1906
3331 1906
2202 1906
296 1906
2336 1906
1940 1906
34 1906
945 1906
683 1906
3157 1906
2761 1906
1766 1906
3806 1906
1504 1906
3940 1906
3544 1906
2415 1906
113 1906
2549 1906
2153 1906
1158 1906
762 1906
1891 1906
896 1906
500 1906
238 1906
4019 1906
3623 1906
3757 1906
2628 1906
3361 1906
326 1906
2366 1906
1970 1906
3099 1906
2104 1906
975 1906
1109 1906
713 1906
2753 1906
451 1906
3836 1906
3970 1906
3574 1906
3708 1906
2579 1906
2183 1906
3312 1906
2317 1906
1188 1906
1921 1906
926 1906
530 1906
2966 1906
664 1906
1313 1906
3787 1906
3391 1906
3525 1906
2396 1906
2134 1906
3045 1906
1139 1906
743 1906
3179 1906
2783 1906
877 1906
1788 1906
1392 1906
1922 1906
1526 1906
4000 1906
135 1906
3604 1906
3738 1906
2347 1906
956 1906
3392 1906
2996 1906
3130 1906
2001 1906
1605 1906
2734 1906
1739 1906
1343 1906
348 1906
1081 1906
3817 1906
86 1906
1169 1906
3209 1906
2813 1906
3942 1906
2947 1906
1818 1906
1952 1906
1556 1906
1690 1906
561 1906
165 1906
1294 1906
299 1906
3422 1906
3026 1906
4155 1906
3160 1906
2764 1906
1769 1906
1373 1906
2502 1906
1507 1906
378 1906
1111 1906
116 1906
2156 1906
765 1906
3972 1906
2977 1906
2581 1906
3111 1906
1982 1906
1586 1906
2715 1906
3626 1906
1720 1906
1324 1906
3760 1906
3364 1906
2235 1906
329 1906
2369 1906
67 1906
978 1906
1112 1906
716 1906
3190 1906
2794 1906
2928 1906
1799 1906
3839 1906
1537 1906
3973 1906
3577 1906
2448 1906
146 1906
2582 1906
2186 1906
280 1906
2320 1906
1191 1906
795 1906
1924 1906
929 1906
533 1906
3007 1906
3141 1906
4052 1906
3656 1906
1750 1906
3790 1906
3394 1906
359 1906
2795 1906
2399 1906
3528 1906
2533 1906
1404 1906
1008 1906
2137 1906
1142 1906
746 1906
880 1906
484 1906
4003 1906
3607 1906
3741 1906
2612 1906
2216 1906
3345 1906
2350 1906
1954 1906
959 1906
563 1906
1093 1906
697 1906
1346 1906
3820 1906
3424 1906
3954 1906
3558 1906
2563 1906
2167 1906
2301 1906
1172 1906
776 1906
910 1906
514 1906
2950 1906
1559 1906
4033 1906
168 1906
3637 1906
302 1906
3771 1906
2380 1906
1984 1906
989 1906
4158 1906
3029 1906
1123 1906
727 1906
3163 1906
2767 1906
1638 1906
1772 1906
1376 1906
1510 1906
381 1906
515 1906
119 1906
2593 1906
2197 1906
3242 1906
940 1906
3376 1906
2980 1906
1985 1906
1589 1906
1723 1906
594 1906
198 1906
1327 1906
332 1906
3455 1906
3193 1906
2797 1906
2931 1906
1802 1906
1406 1906
2535 1906
1936 1906
1540 1906
3580 1906
545 1906
149 1906
2189 1906
283 1906
932 1906
3406 1906
3010 1906
4139 1906
3144 1906
2015 1906
1619 1906
2748 1906
1753 1906
1357 1906
3793 1906
1491 1906
362 1906
2402 1906
100 1906
2140 1906
1145 1906
749 1906
3223 1906
2827 1906
2961 1906
3872 1906
1570 1906
4006 1906
3610 1906
1704 1906
575 1906
179 1906
2615 1906
2219 1906
313 1906
3348 1906
2353 1906
1358 1906
962 1906
700 1906
3436 1906
3174 1906
4085 1906
1783 1906
1387 1906
3823 1906
2828 1906
2432 1906
3561 1906
130 1906
2566 1906
2170 1906
1175 1906
779 1906
913 1906
517 1906
4036 1906
3640 1906
3774 1906
2645 1906
3378 1906
343 1906
2383 1906
1388 1906
992 1906
2121 1906
1126 1906
730 1906
3853 1906
3987 1906
122 1906
2858 1906
3591 1906
2596 1906
2200 1906
2334 1906
1205 1906
809 1906
1938 1906
943 1906
547 1906
2983 1906
681 1906
1592 1906
1330 1906
4066 1906
335 1906
3408 1906
3804 1906
2413 1906
2017 1906
2547 1906
1418 1906
2151 1906
3062 1906
1156 1906
760 1906
3196 1906
894 1906
1805 1906
1543 1906
548 1906
152 1906
3621 1906
4017 1906
2626 1906
2364 1906
3275 1906
973 1906
3409 1906
3013 1906
2018 1906
1622 1906
2751 1906
1756 1906
1360 1906
365 1906
3834 1906
103 1906
2577 1906
3488 1906
1186 1906
3226 1906
2830 1906
2231 1906
1835 1906
2964 1906
1969 1906
1573 1906
3613 1906
578 1906
182 1906
1311 1906
4047 1906
316 1906
3701 1906
3439 1906
3043 1906
3177 1906
2048 1906
2781 1906
1786 1906
1390 1906
3826 1906
1524 1906
395 1906
529 1906
133 1906
2173 1906
782 1906
3256 1906
3390 1906
2994 1906
1999 1906
1603 1906
4039 1906
3643 1906
1737 1906
608 1906
1341 1906
346 1906
2386 1906
84 1906
995 1906
733 1906
3469 1906
3207 1906
2811 1906
1816 1906
3856 1906
1554 1906
3594 1906
2465 1906
559 1906
163 1906
2599 1906
2203 1906
297 1906
1208 1906
812 1906
1941 1906
946 1906
3420 1906
3024 1906
2029 1906
4069 1906
3673 1906
1767 1906
3807 1906
2678 1906
376 1906
2812 1906
2416 1906
1421 1906
1025 1906
2154 1906
1159 1906
30 1906
763 1906
501 1906
3237 1906
3886 1906
4020 1906
2891 1906
3624 1906
2629 1906
2233 1906
3362 1906
2367 1906
1238 1906
1971 1906
1372 1906
976 1906
3016 1906
714 1906
4099 1906
3837 1906
2842 1906
2446 1906
3575 1906
2580 1906
1451 1906
2184 1906
1189 1906
793 1906
3229 1906
927 1906
531 1906
1576 1906
4050 1906
185 1906
3654 1906
3788 1906
2659 1906
2397 1906
1006 1906
3442 1906
3046 1906
1140 1906
11 1906
2784 1906
1655 1906
1789 1906
398 1906
3867 1906
4001 1906
136 1906
2872 1906
2610 1906
1219 1906
3655 1906
3259 1906
3393 1906
2997 1906
1868 1906
2002 1906
1606 1906
611 1906
215 1906
1344 1906
4080 1906
349 1906
3472 1906
3076 1906
3210 1906
2081 1906
2814 1906
1819 1906
824 1906
428 1906
1557 1906
562 1906
166 1906
3685 1906
3289 1906
3423 1906
3027 1906
2032 1906
1636 1906
2765 1906
1770 1906
641 1906
1374 1906
379 1906
2419 1906
117 1906
1028 1906
766 1906
3502 1906
3240 1906
2844 1906
2978 1906
1849 1906
3889 1906
1983 1906
854 1906
1587 1906
3627 1906
2498 1906
592 1906
196 1906
2632 1906
4023 1906
330 1906
1241 1906
1375 1906
979 1906
3453 1906
3057 1906
3191 1906
2062 1906
4102 1906
1800 1906
3840 1906
2711 1906
409 1906
2845 1906
2449 1906
1454 1906
1058 1906
2187 1906
1192 1906
796 1906
3270 1906
3919 1906
2013 1906
4053 1906
3657 1906
622 1906
2662 1906
2266 1906
2796 1906
1667 1906
1271 1906
2400 1906
1405 1906
1009 1906
14 1906
747 1906
4132 1906
3870 1906
4004 1906
2875 1906
2479 1906
3608 1906
2613 1906
1484 1906
2217 1906
1222 1906
826 1906
1955 1906
960 1906
1609 1906
4083 1906
218 1906
3687 1906
3821 1906
2692 1906
3425 1906
2826 1906
2430 1906
2564 1906
1435 1906
1039 1906
2168 1906
3079 1906
1173 1906
44 1906
777 1906
3213 1906
1822 1906
431 1906
3900 1906
4034 1906
169 1906
2643 1906
2247 1906
1252 1906
3292 1906
990 1906
3426 1906
3030 1906
1901 1906
2035 1906
1639 1906
644 1906
248 1906
778 1906
382 1906
2856 1906
2460 1906
3505 1906
3109 1906
1203 1906
3639 1906
3243 1906
2248 1906
1852 1906
1986 1906
857 1906
461 1906
1590 1906
595 1906
199 1906
2673 1906
3718 1906
3322 1906
3456 1906
3060 1906
25 1906
3194 1906
2065 1906
1669 1906
2798 1906
1803 1906
674 1906
1407 1906
3843 1906
808 1906
412 1906
2452 1906
546 1906
150 1906
1195 1906
3669 1906
3273 1906
3407 1906
2278 1906
1882 1906
3011 1906
3922 1906
2016 1906
1620 1906
4056 1906
625 1906
229 1906
2665 1906
363 1906
1408 1906
1012 1906
3486 1906
3090 1906
3224 1906
4135 1906
1833 1906
1437 1906
3873 1906
1967 1906
442 1906
2878 1906
2482 1906
576 1906
180 1906
2616 1906
2220 1906
1091 1906
1621 1906
1225 1906
3437 1906
3952 1906
2046 1906
1650 1906
4086 1906
3091 1906
2695 1906
3824 1906
393 1906
2829 1906
2433 1906
1304 1906
1438 1906
1042 1906
1176 1906
47 1906
780 1906
1863 1906
3903 1906
4037 1906
2908 1906
2512 1906
606 1906
3641 1906
2646 1906
2250 1906
2384 1906
1255 1906
1389 1906
260 1906
993 1906
4116 1906
3121 1906
3854 1906
2859 1906
2463 1906
2597 1906
1468 1906
1072 1906
2201 1906
1206 1906
810 1906
3246 1906
1855 1906
598 1906
202 1906
3671 1906
4067 1906
3805 1906
2676 1906
2280 1906
2414 1906
3325 1906
1419 1906
1023 1906
3459 1906
3063 1906
1157 1906
28 1906
2068 1906
1806 1906
811 1906
415 1906
3884 1906
4018 1906
2889 1906
2493 1906
2627 1906
3538 1906
1236 1906
840 1906
3276 1906
3672 1906
2281 1906
1885 1906
3014 1906
2019 1906
1623 1906
494 1906
628 1906
232 1906
4097 1906
366 1906
3751 1906
1449 1906
1053 1906
3489 1906
3093 1906
3227 1906
2098 1906
1702 1906
2232 1906
1836 1906
841 1906
445 1906
579 1906
183 1906
3964 1906
3702 1906
3306 1906
3440 1906
2311 1906
3044 1906
2049 1906
1653 1906
4089 1906
1787 1906
658 1906
262 1906
1391 1906
396 1906
2436 1906
1045 1906
3519 1906
3257 1906
2262 1906
1866 1906
3906 1906
2000 1906
871 1906
475 1906
1604 1906
2515 1906
609 1906
213 1906
2649 1906
347 1906
1258 1906
996 1906
3732 1906
1 1906
3074 1906
3470 1906
2079 1906
1683 1906
4119 1906
1817 1906
3857 1906
2728 1906
426 1906
2862 1906
2466 1906
560 1906
1471 1906
1075 1906
2204 1906
1209 1906
80 1906
214 1906
3287 1906
2292 1906
3936 1906
2030 1906
4070 1906
2941 1906
3674 1906
639 1906
3075 1906
2679 1906
1684 1906
1288 1906
2417 1906
1422 1906
293 1906
1026 1906
31 1906
3500 1906
4149 1906
3154 1906
3887 1906
2892 1906
2496 1906
3625 1906
2630 1906
1501 1906
2234 1906
1239 1906
843 1906
3279 1906
244 1906
977 1906
1626 1906
4100 1906
3704 1906
3105 1906
2709 1906
3838 1906
2843 1906
1714 1906
2447 1906
1452 1906
1056 1906
3492 1906
1190 1906
61 1906
794 1906
1839 1906
448 1906
3917 1906
4051 1906
186 1906
2922 1906
2660 1906
2264 1906
1269 1906
873 1906
3309 1906
1403 1906
274 1906
1007 1906
3047 1906
1918 1906
12 1906
3705 1906
2052 1906
1656 1906
661 1906
4130 1906
399 1906
2873 1906
2477 1906
1482 1906
3522 1906
1220 1906
3260 1906
2131 1906
2265 1906
1869 1906
874 1906
478 1906
1607 1906
612 1906
216 1906
2690 1906
3735 1906
3339 1906
1433 1906
3473 1906
2344 1906
3077 1906
42 1906
2082 1906
1686 1906
2815 1906
1820 1906
691 1906
825 1906
429 1906
2469 1906
167 1906
2903 1906
3552 1906
3686 1906
2557 1906
3290 1906
2295 1906
1899 1906
3028 1906
2033 1906
904 1906
1637 1906
642 1906
246 1906
2682 1906
380 1906
1029 1906
3765 1906
3503 1906
3107 1906
3241 1906
2112 1906
4152 1906
2246 1906
1850 1906
3890 1906
855 1906
459 1906
2895 1906
2499 1906
593 1906
1242 1906
3716 1906
3320 1906
3454 1906
2325 1906
2063 1906
4103 1906
2974 1906
672 1906
3108 1906
2712 1906
2450 1906
1321 1906
1455 1906
1059 1906
64 1906
797 1906
3533 1906
3187 1906
3920 1906
885 1906
2925 1906
2529 1906
3658 1906
2663 1906
1534 1906
1668 1906
1272 1906
277 1906
1010 1906
3746 1906
15 1906
4133 1906
3138 1906
2742 1906
3871 1906
2876 1906
1747 1906
2480 1906
1485 1906
1089 1906
2218 1906
1223 1906
94 1906
827 1906
1872 1906
481 1906
3950 1906
4084 1906
2955 1906
3688 1906
2693 1906
1698 1906
1302 1906
2431 1906
3342 1906
1436 1906
307 1906
1040 1906
1951 1906
45 1906
2085 1906
694 1906
4163 1906
432 1906
3901 1906
2906 1906
2510 1906
2644 1906
1515 1906
3555 1906
1253 1906
3689 1906
3293 1906
2164 1906
2298 1906
1902 1906
907 1906
511 1906
1640 1906
645 1906
4114 1906
2723 1906
2857 1906
1728 1906
3768 1906
3372 1906
1466 1906
3506 1906
2377 1906
75 1906
2511 1906
2115 1906
2249 1906
1120 1906
724 1906
1853 1906
858 1906
462 1906
200 1906
2936 1906
3981 1906
3585 1906
3719 1906
3323 1906
2328 1906
1932 1906
3061 1906
2066 1906
937 1906
1670 1906
675 1906
279 1906
413 1906
3536 1906
3140 1906
3670 1906
2541 1906
2145 1906
3274 1906
2279 1906
1883 1906
3923 1906
888 1906
492 1906
626 1906
230 1906
1275 1906
3749 1906
3353 1906
3487 1906
2358 1906
2096 1906
1700 1906
4136 1906
705 1906
2745 1906
839 1906
443 1906
2879 1906
2483 1906
1354 1906
1488 1906
1092 1906
97 1906
3566 1906
231 1906
3700 1906
2309 1906
1913 1906
3953 1906
918 1906
2958 1906
656 1906
3092 1906
2696 1906
1567 1906
1701 1906
1305 1906
310 1906
1043 1906
48 1906
2126 1906
4166 1906
3171 1906
2775 1906
869 1906
3904 1906
2909 1906
2513 1906
1518 1906
1122 1906
2251 1906
1652 1906
523 1906
127 1906
1256 1906
261 1906
1905 1906
3983 1906
4117 1906
2988 1906
3122 1906
2726 1906
2860 1906
1731 1906
1335 1906
2464 1906
1469 1906
340 1906
1073 1906
3509 1906
78 1906
2118 1906
861 1906
465 1906
3934 1906
4068 1906
2939 1906
2543 1906
2677 1906
1548 1906
3588 1906
1682 1906
1286 1906
3722 1906
3326 1906
1420 1906
291 1906
2331 1906
1935 1906
29 1906
2069 1906
1074 1906
678 1906
4147 1906
3152 1906
2756 1906
2890 1906
3801 1906
1499 1906
1103 1906
3539 1906
3935 1906
108 1906
2544 1906
2148 1906
2282 1906
1886 1906
757 1906
891 1906
495 1906
233 1906
4014 1906
1316 1906
3752 1906
3356 1906
3490 1906
2361 1906
1965 1906
59 1906
3094 1906
2099 1906
1104 1906
708 1906
842 1906
446 1906
1529 1906
3965 1906
3569 1906
3703 1906
2574 1906
2178 1906
3307 1906
2312 1906
1916 1906
2050 1906
921 1906
525 1906
1654 1906
659 1906
263 1906
2699 1906
1308 1906
3782 1906
3386 1906
51 1906
3124 1906
3520 1906
2129 1906
2263 1906
1134 1906
738 1906
1867 1906
2778 1906
872 1906
476 1906
2912 1906
1521 1906
3995 1906
264 1906
3337 1906
3733 1906
2342 1906
1946 1906
2080 1906
4120 1906
2991 1906
689 1906
3125 1906
2729 1906
1734 1906
1338 1906
1472 1906
1076 1906
81 1906
3550 1906
2293 1906
3204 1906
2808 1906
902 1906
3937 1906
2942 1906
1947 1906
1551 1906
2680 1906
1685 1906
1289 1906
160 1906
294 1906
3763 1906
32 1906
3417 1906
4150 1906
3155 1906
2759 1906
3888 1906
2893 1906
1764 1906
1368 1906
2497 1906
1502 1906
1106 1906
3542 1906
1240 1906
111 1906
245 1906
1889 1906
3967 1906
4101 1906
2972 1906
2576 1906
3106 1906
1977 1906
2710 1906
1715 1906
1319 1906
3755 1906
1453 1906
324 1906
1057 1906
62 1906
2102 1906
711 1906
3185 1906
2923 1906
2527 1906
1532 1906
1136 1906
3572 1906
3968 1906
1270 1906
3310 1906
2181 1906
275 1906
2315 1906
1919 1906
13 1906
924 1906
528 1906
3997 1906
662 1906
3136 1906
2740 1906
1745 1906
1349 1906
3785 1906
3389 1906
1483 1906
3523 1906
2394 1906
92 1906
2528 1906
2132 1906
1137 1906
741 1906
1870 1906
875 1906
479 1906
2953 1906
3998 1906
3602 1906
3736 1906
2607 1906
3340 1906
305 1906
2345 1906
1949 1906
3078 1906
2083 1906
954 1906
558 1906
1088 1906
692 1906
2732 1906
3166 1906
3815 1906
3949 1906
3553 1906
2558 1906
2162 1906
3291 1906
2296 1906
1167 1906
1900 1906
905 1906
509 1906
2945 1906
643 1906
247 1906
1292 1906
4028 1906
3766 1906
3370 1906
3504 1906
2375 1906
2113 1906
1717 1906
4153 1906
1118 1906
722 1906
3158 1906
2762 1906
856 1906
460 1906
2500 1906
1371 1906
1505 1906
3979 1906
114 1906
3583 1906
3717 1906
2588 1906
2326 1906
935 1906
539 1906
2975 1906
3371 1906
2713 1906
1584 1906
1718 1906
1322 1906
327 1906
1060 1906
3796 1906
65 1906
3188 1906
2792 1906
3921 1906
2926 1906
1797 1906
2530 1906
1931 1906
1535 1906
540 1906
144 1906
1273 1906
278 1906
3401 1906
3005 1906
4134 1906
3139 1906
2010 1906
2743 1906
1748 1906
1352 1906
2481 1906
1486 1906
357 1906
1090 1906
95 1906
2135 1906
744 1906
482 1906
3218 1906
3951 1906
2956 1906
2560 1906
2694 1906
1565 1906
3605 1906
1699 1906
570 1906
1303 1906
3343 1906
2214 1906
308 1906
2348 1906
46 1906
957 1906
695 1906
3431 1906
4164 1906
3169 1906
2773 1906
2907 1906
1778 1906
3818 1906
1516 1906
3556 1906
2427 1906
125 1906
2561 1906
2165 1906
259 1906
1170 1906
774 1906
1903 1906
908 1906
512 1906
2986 1906
4031 1906
3635 1906
1729 1906
3769 1906
2640 1906
3373 1906
338 1906
2378 1906
1383 1906
987 1906
2116 1906
1121 1906
725 1906
463 1906
3199 1906
3848 1906
3982 1906
2853 1906
3586 1906
2591 1906
2195 1906
3324 1906
2329 1906
1200 1906
1933 1906
938 1906
542 1906
1671 1906
676 1906
1325 1906
4061 1906
3799 1906
3403 1906
3537 1906
2408 1906
2542 1906
1413 1906
2146 1906
1151 1906
755 1906
1884 1906
889 1906
493 1906
1538 1906
4012 1906
147 1906
3616 1906
3750 1906
2621 1906
3354 1906
2359 1906
1963 1906
2097 1906
968 1906
3008 1906
706 1906
2746 1906
1617 1906
1751 1906
1355 1906
360 1906
3829 1906
98 1906
2572 1906
2176 1906
2310 1906
1181 1906
3221 1906
2825 1906
919 1906
3355 1906
2959 1906
1830 1906
1964 1906
1568 1906
573 1906
177 1906
1306 1906
4042 1906
311 1906
2389 1906
3434 1906
3038 1906
3172 1906
2043 1906
2776 1906
1781 1906
1385 1906
2514 1906
1519 1906
390 1906
524 1906
128 1906
2602 1906
3251 1906
3984 1906
3385 1906
2989 1906
3123 1906
1994 1906
1598 1906
2727 1906
3638 1906
1732 1906
603 1906
1336 1906
341 1906
2381 1906
79 1906
728 1906
3202 1906
2806 1906
2940 1906
1811 1906
3851 1906
1549 1906
1153 1906
3589 1906
3985 1906
554 1906
158 1906
2594 1906
2198 1906
292 1906
807 1906
1337 1906
941 1906
3415 1906
3019 1906
3153 1906
4064 1906
3668 1906
1762 1906
1366 1906
3802 1906
371 1906
2807 1906
2411 1906
109 1906
2545 1906
2149 1906
1020 1906
1154 1906
758 1906
496 1906
3232 1906
3881 1906
1579 1906
4015 1906
3619 1906
584 1906
3753 1906
2624 1906
2228 1906
322 1906
3357 1906
2362 1906
1233 1906
1966 1906
1367 1906
971 1906
1105 1906
709 1906
1792 1906
3832 1906
3966 1906
2837 1906
2441 1906
3570 1906
2575 1906
2179 1906
1184 1906
788 1906
1917 1906
922 1906
526 1906
1571 1906
4045 1906
3649 1906
3783 1906
3387 1906
2392 1906
1996 1906
2526 1906
2130 1906
1001 1906
3041 1906
1135 1906
739 1906
3175 1906
2779 1906
1784 1906
3862 1906
527 1906
131 1906
3600 1906
3996 1906
3734 1906
2605 1906
2209 1906
2343 1906
1214 1906
3254 1906
952 1906
556 1906
2992 1906
3388 1906
1997 1906
1601 1906
1735 1906
1339 1906
210 1906
344 1906
3813 1906
2422 1906
2556 1906
3467 1906
3071 1906
1165 1906
769 1906
3205 1906
2809 1906
1814 1906
1948 1906
1552 1906
423 1906
557 1906
161 1906
4026 1906
3680 1906
982 1906
3418 1906
3022 1906
3156 1906
2027 1906
1631 1906
2760 1906
1765 1906
1369 1906
1107 1906
374 1906
508 1906
112 1906
761 1906
3235 1906
2839 1906
2973 1906
1978 1906
1582 1906
3622 1906
1716 1906
587 1906
191 1906
1320 1906
325 1906
2365 1906
974 1906
3448 1906
3052 1906
3186 1906
2790 1906
1795 1906
1399 1906
3835 1906
1533 1906
404 1906
3573 1906
2444 1906
142 1906
2578 1906
2182 1906
276 1906
1187 1906
791 1906
925 1906
3003 1906
2008 1906
1612 1906
4048 1906
3652 1906
1746 1906
3786 1906
2657 1906
2261 1906
355 1906
2791 1906
2395 1906
1400 1906
1004 1906
1138 1906
742 1906
3216 1906
3865 1906
3999 1906
2870 1906
3603 1906
2608 1906
2212 1906
2346 1906
1217 1906
821 1906
1950 1906
955 1906
2995 1906
4078 1906
3682 1906
3816 1906
2821 1906
2425 1906
3554 1906
2559 1906
1430 1906
1034 1906
2163 1906
1168 1906
772 1906
3208 1906
906 1906
510 1906
1555 1906
4029 1906
164 1906
3633 1906
3767 1906
2638 1906
2242 1906
2376 1906
1980 1906
985 1906
589 1906
3025 1906
1119 1906
723 1906
3421 1906
1634 1906
1768 1906
243 1906
377 1906
3450 1906
3846 1906
3980 1906
2851 1906
2589 1906
2193 1906
1198 1906
802 1906
3238 1906
3634 1906
936 1906
2976 1906
1847 1906
1981 1906
1585 1906
590 1906
194 1906
4059 1906
328 1906
2406 1906
3451 1906
3055 1906
1149 1906
3189 1906
2060 1906
1664 1906
2793 1906
1798 1906
1402 1906
803 1906
407 1906
1536 1906
541 1906
145 1906
2185 1906
2619 1906
3664 1906
3268 1906
3402 1906
2273 1906
3006 1906
2011 1906
1615 1906
2744 1906
1749 1906
620 1906
224 1906
1353 1906
358 1906
2398 1906
96 1906
745 1906
3481 1906
3219 1906
2823 1906
2957 1906
1828 1906
1432 1906
3868 1906
1962 1906
833 1906
1566 1906
3606 1906
571 1906
175 1906
2611 1906
2215 1906
309 1906
958 1906
3432 1906
3036 1906
3170 1906
2041 1906
4081 1906
1779 1906
3819 1906
388 1906
2824 1906
2428 1906
2166 1906
1037 1906
1171 1906
775 1906
3249 1906
3898 1906
1992 1906
4032 1906
3636 1906
601 1906
205 1906
2641 1906
2245 1906
3374 1906
2379 1906
1250 1906
1384 1906
988 1906
726 1906
3462 1906
4111 1906
3116 1906
3849 1906
2854 1906
2458 1906
3587 1906
2592 1906
1463 1906
2196 1906
1201 1906
805 1906
1934 1906
939 1906
543 1906
1588 1906
4062 1906
197 1906
3666 1906
3800 1906
2671 1906
3404 1906
2409 1906
1414 1906
1018 1906
2147 1906
3058 1906
1152 1906
23 1906
756 1906
1801 1906
410 1906
3879 1906
4013 1906
148 1906
2884 1906
3617 1906
2622 1906
2226 1906
2360 1906
1231 1906
3271 1906
969 1906
3009 1906
1880 1906
2014 1906
1618 1906
623 1906
227 1906
1356 1906
4092 1906
361 1906
3830 1906
2439 1906
2573 1906
1444 1906
3484 1906
3088 1906
1182 1906
3222 1906
2093 1906
2227 1906
1831 1906
836 1906
440 1906
1569 1906
574 1906
178 1906
4043 1906
2652 1906
3697 1906
3301 1906
3435 1906
2306 1906
3039 1906
2044 1906
1648 1906
2777 1906
1782 1906
653 1906
1386 1906
391 1906
129 1906
3514 1906
3252 1906
2257 1906
1861 1906
2990 1906
1995 1906
866 1906
1599 1906
604 1906
208 1906
342 1906
991 1906
3727 1906
3465 1906
3069 1906
3203 1906
2074 1906
1812 1906
1416 1906
3852 1906
421 1906
2461 1906
555 1906
159 1906
2199 1906
1070 1906
1204 1906
3282 1906
3416 1906
2287 1906
3931 1906
2025 1906
1629 1906
4065 1906
634 1906
2674 1906
372 1906
2412 1906
1283 1906
1417 1906
1021 1906
26 1906
759 1906
3495 1906
4144 1906
1842 1906
3882 1906
2887 1906
2491 1906
585 1906
3620 1906
2625 1906
1496 1906
2229 1906
1234 1906
838 1906
239 1906
972 1906
2055 1906
4095 1906
3699 1906
3100 1906
2704 1906
3833 1906
2838 1906
1709 1906
2442 1906
1447 1906
1051 1906
2180 1906
1185 1906
56 1906
789 1906
1834 1906
3912 1906
4046 1906
181 1906
2917 1906
3650 1906
2655 1906
2259 1906
2393 1906
1264 1906
3304 1906
1398 1906
269 1906
1002 1906
3042 1906
3438 1906
7 1906
2047 1906
1651 1906
4125 1906
790 1906
394 1906
3863 1906
2868 1906
2472 1906
2606 1906
1477 1906
3517 1906
1215 1906
819 1906
3255 1906
3651 1906
2260 1906
1864 1906
1602 1906
473 1906
607 1906
211 1906
4076 1906
2685 1906
3730 1906
3334 1906
1428 1906
1032 1906
3468 1906
3072 1906
37 1906
2077 1906
1681 1906
2810 1906
2211 1906
1815 1906
686 1906
820 1906
424 1906
162 1906
2898 1906
3547 1906
1245 1906
3681 1906
3285 1906
3419 1906
2290 1906
1894 1906
3023 1906
2028 1906
899 1906
1632 1906
637 1906
241 1906
1370 1906
375 1906
1024 1906
3498 1906
3102 1906
3236 1906
2107 1906
2840 1906
2241 1906
1845 1906
3885 1906
1979 1906
850 1906
454 1906
1583 1906
2494 1906
588 1906
192 1906
1237 1906
3711 1906
3315 1906
3449 1906
3053 1906
2058 1906
1662 1906
4098 1906
1796 1906
667 1906
2707 1906
405 1906
9 1906
2445 1906
2841 1906
1450 1906
1054 1906
792 1906
193 1906
3266 1906
1875 1906
3915 1906
2009 1906
4049 1906
2920 1906
2524 1906
618 1906
3653 1906
2658 1906
1663 1906
1267 1906
1401 1906
1005 1906
10 1906
3479 1906
2088 1906
4128 1906
3133 1906
2737 1906
3866 1906
2871 1906
2475 1906
2609 1906
1480 1906
1084 1906
2213 1906
1218 1906
89 1906
822 1906
3258 1906
3945 1906
4079 1906
3683 1906
2688 1906
2822 1906
1693 1906
1297 1906
2426 1906
1431 1906
1035 1906
3471 1906
40 1906
773 1906
427 1906
3896 1906
4030 1906
2901 1906
2505 1906
2639 1906
2243 1906

