77237 4557
43964 8666
43629 30782
26091 66732
70967 17306
22572 39936
10516 19149
21644 34742
34160 71234
66905 63897
46082 30170
17528 269
18022 30335
43287 74474
15713 10288
12503 24220
9877 23219
74178 6429
8813 30933
63533 15916
66841 25416
30280 69686
12845 59303
66537 28797
28488 26331
49037 51267
53430 50861
35977 1062
60695 77148
2666 51178
76279 325
6904 23508
32749 12416
46613 40953
51118 16516
40393 2854
73887 34137
22464 10838
38241 3579
24776 717
67714 35634
69164 55462
75964 58227
70382 34974
24984 66617
57068 26466
24427 56900
63202 35823
44090 55851
64043 2553
65032 59664
24431 56641
64943 37778
35780 52460
67934 61157
43052 2081
74229 52532
74594 39447
72973 3442
43214 12388
35615 44021
8372 34466
48904 1846
56758 41472
70770 74045
1111 21512
29959 13091
30802 10333
46675 62368
20976 3070
70593 35538
4810 59615
44151 35831
51446 29270
73197 3946
40594 74156
53270 63654
55546 62241
14169 75850
10891 73203
38208 51116
29856 12854
35326 75530
36003 7363
23415 4100
13460 1611
27753 54088
584 28154
8669 23210
8943 65292
34080 29725
4899 75535
75801 9573
73823 52379
62411 61236
57326 10379
56113 13275
48680 11729
51547 4862
29065 288
9831 71703
57165 55315
47070 62874
9947 47068
64867 61681
5611 27103
56350 14535
75702 40914
42689 30155
48879 58777
69418 10070
59234 40411
9515 46885
38383 61711
404 52516
39362 12047
51230 22080
14213 18858
65162 28911
32885 49828
76987 8852
23653 71497
42416 32513
18046 5777
9836 53243
11537 65334
36664 15573
45583 15550
20333 36130
30519 6881
38285 4286
19359 30969
47954 69580
64683 53908
54240 44425
37993 38229
42982 38751
1199 28669
465 43720
49328 58007
17272 27101
56261 11954
65763 35292
30776 70458
42285 17885
41553 35786
75728 45230
62356 46989
41911 8784
16698 66578
44542 29556
5536 63681
26407 17104
30366 22215
49988 14861
75373 31712
11102 73340
60649 76065
8393 44314
59304 41801
44743 51911
25471 15024
2193 69392
8240 34650
57200 67034
72857 64963
56512 57063
52102 29830
65405 26171
50097 68252
7680 61825
56918 75952
52692 72563
12806 68848
58557 69229
3784 31366
63899 3967
31030 64753
53189 9124
41442 9509
67389 18399
10820 62372
24686 62231
16927 70314
28706 24921
63193 49970
35756 58894
70166 37388
49635 72135
49775 47003
64140 53493
64095 41556
2728 21147
26084 9109
59246 66040
56121 21756
69394 46850
21822 55373
50756 30517
71738 75751
55435 36326
64383 26238
40382 58403
1855 70011
22571 36100
75685 35222
62116 45443
47291 38480
3891 26100
257 55983
17482 18112
28110 66630
70957 26518
73309 25967
72054 66953
60421 52536
15382 1851
36422 20380
53627 64452
69067 40426
70777 64723
31746 4139
63215 48654
60116 65226
26923 77019
7027 19888
25036 39174
1674 68516
29608 12054
42364 41437
50470 15084
13849 21545
974 75752
60324 62896
67277 2629
75173 52695
23041 4764
49346 45707
28993 27965
16200 59610
43322 44295
18374 55297
283 51174
47236 26098
49213 21091
15208 64869
30784 31727
40908 11134
62295 20316
58926 61087
63143 8368
1154 15037
75062 72111
56370 19026
75011 73686
73011 35061
12204 44296
10216 17394
20687 32717
52265 62421
49254 11594
41653 63683
45871 29390
43405 3618
8835 4118
73957 8080
1404 26439
23446 59465
11899 19079
11110 17607
8143 15496
168 6311
30162 65571
63647 74977
73405 47087
12690 6633
27125 7781
59512 67196
53789 65775
42288 6666
34100 49690
24102 70508
57387 59918
58060 32397
3403 37262
61442 49016
32155 62085
29582 68495
1391 59430
36011 70221
55798 69616
38629 71138
3239 67747
68611 69965
40643 67553
3173 39954
28278 5221
66161 60416
68303 22228
35198 42319
14750 54210
17648 65383
52531 52462
8059 11867
31980 19343
37701 40954
6369 6287
67845 17706
38781 38697
51117 54922
54603 3970
62022 22242
9488 65952
50778 67650
49373 43055
13620 58451
26255 43747
17988 54950
41600 50071
40027 74532
27682 2873
49593 28914
192 49320
18199 35248
16203 61067
51749 52511
29744 27509
14919 45243
28831 24101
41406 53589
50693 23225
5301 67285
37476 60470
67442 36807
42414 7807
47943 11837
54380 12979
28267 19598
54998 14749
57157 33805
58010 19083
58839 73990
70703 6827
42779 3884
1110 29330
10593 63909
54128 43611
40484 23628
44971 47963
7027 47060
42396 31552
46077 56281
51685 62819
19528 42627
39253 36943
49887 5755
1975 21937
73906 26189
13492 53175
20708 57841
9662 4380
67562 43934
7153 31371
8303 70643
18071 75341
61488 58800
16177 46268
26380 8966
51718 1825
51348 38738
2457 60261
76889 18567
69608 62295
14001 22958
21299 60151
35826 59055
57851 71612
29648 68085
7553 73714
8095 71782
68956 14897
66703 33592
71058 40509
64598 44457
38039 50352
66477 4089
25860 39523
24260 10253
58874 71072
49455 62290
36656 36212
75484 70575
34250 70269
63943 30498
39501 62426
65359 71238
11444 10509
24421 37942
1568 8084
10303 55681
59975 18773
23537 57893
71621 68586
52503 44360
26218 24220
10718 65988
37853 58828
23909 17908
73352 67379
26095 44386
41589 58009
54006 31360
51158 42261
58362 63577
5225 56627
32286 72707
32976 49327
17048 62424
68127 943
35172 76178
42915 64789
26147 20489
44266 5612
75031 684
38428 47401
22104 634
20447 13984
64331 23970
34100 19563
2718 3011
39022 4225
14284 20370
20970 4082
10418 62470
9962 31831
34744 44740
40945 43161
32488 31609
35297 7948
66919 67609
22866 72340
15097 53089
49793 43194
68633 40680
10741 12092
57734 44658
72471 23284
60009 50419
28092 29013
17147 34336
53592 23591
12990 75778
29432 6156
27885 20281
17242 24216
65240 64554
30369 29334
27360 64410
16703 34030
45157 16822
31780 6654
49147 67412
4068 32412
42248 32817
59931 31553
52565 56218
54128 26725
24506 47946
70645 34439
72517 8325
26912 52470
76570 51270
61001 61676
64739 17590
68000 73138
16552 64341
14126 54326
57066 11553
7955 4371
1618 38254
74300 47775
8586 39966
68691 65215
14022 17759
11256 41036
76542 5393
67055 15432
34503 10023
46919 60126
62164 8800
56419 38394
17992 11508
75767 29568
21806 21076
73861 4313
34388 64158
76940 14973
8730 50941
45159 8358
67916 37488
73554 68715
5963 43751
22631 58342
16881 12056
21927 27638
28081 70679
40406 58293
67066 20959
2349 767
76545 30509
24642 8974
19341 372
76917 3585
19444 46285
62004 4911
14803 53908
71373 30954
15377 62774
64072 11920
70500 51854
60477 44651
45016 11054
29872 37931
69889 961
35055 3795
20488 66413
16506 74001
75244 37269
71568 44375
9603 70469
39388 36065
64155 18635
39227 21293
68615 47266
18099 67985
73648 29401
70686 158
37989 75200
32398 6981
54748 27471
7937 52185
37454 70346
57425 30423
50435 37174
29568 19885
31964 60911
37924 75070
25613 26264
52280 33445
29810 54701
6176 14372
38290 57871
76333 25239
41223 4146
24051 36510
27761 70687
74278 51008
72121 33304
29392 15908
39693 31723
52150 44940
49184 70029
66228 14476
59460 48630
60259 20053
64956 47379
11001 41145
67854 76866
27401 7627
31851 61994
12649 16226
5857 15085
20759 40731
57659 21707
50724 73620
50158 28886
55568 27595
1611 32054
68013 37231
19517 31585
3518 24471
15887 74350
23231 38555
34572 67761
12522 51584
74923 20279
27724 19693
22761 16828
23449 73194
8051 62019
7862 76870
18323 15920
37913 21940
34769 36900
61734 76690
45689 11402
46770 29261
21179 57913
66322 3269
38113 4852
46962 27216
70485 57048
49904 22217
58139 9633
30637 2441
23501 1676
17751 55098
24622 56203
20034 20970
46119 55165
75696 16823
46438 34651
43993 11705
40173 22510
72964 39721
8331 62423
50918 1032
11663 60611
2083 24671
63692 3668
28222 44119
57368 49993
70837 22045
30959 63560
17275 12179
18725 8967
13929 65240
17710 1819
61403 17192
56483 17556
51069 41508
41072 48178
73816 63391
48954 17879
7121 34655
33406 76752
8201 75675
49924 25699
44730 49883
6896 20393
34341 22844
35698 36931
24717 53968
8233 14531
22773 25266
27533 45070
56982 1555
30716 70748
2901 24372
20659 39875
51261 22955
68658 50344
5993 73732
351 53546
63111 20367
7114 29219
54239 50830
33082 40038
21878 52042
14722 62782
57808 41117
59893 40896
4723 48394
63335 63945
24115 50786
21230 42292
8257 70852
3515 27425
56499 46439
16225 73316
27461 34994
68771 11007
13711 21080
72524 76551
31942 71821
73421 62015
36430 55059
6788 51950
1499 34283
62032 72545
23943 33497
13134 54173
68304 63299
48271 64666
48567 28478
75157 53009
50790 24887
26681 35004
73923 57014
57147 26445
52197 71177
11960 61606
53195 46256
32312 36570
43398 26942
32347 56041
54139 29171
14663 47577
5953 28904
55279 21861
18885 39067
868 53669
48892 63557
55924 22651
17602 34665
56848 56284
44008 58541
55334 8327
17815 64988
39217 37295
15140 40417
70164 47045
19155 41902
19975 74129
42505 7332
9404 2059
8127 57924
67803 31497
43372 36459
9588 38097
64687 11916
9707 59251
4911 1215
2012 18895
26131 2672
53149 56060
16143 50336
39170 34101
69767 41832
48638 12120
9758 32766
3795 6029
42623 49926
76100 63858
35987 7519
17393 32726
9121 18596
76557 2561
35852 27445
38891 28535
29658 45135
17557 41050
30604 26174
55837 15192
66086 62222
27451 72985
42715 49291
1026 72693
68562 35957
63395 37643
43008 68203
15099 18665
32216 38681
65179 30255
4393 26107
13052 60239
45608 53524
39609 53517
3516 39538
75887 47211
63597 60000
7456 28420
8582 27628
11855 65623
58817 39055
62241 73576
42876 60850
47419 3902
52871 70465
14586 39993
33904 11848
44114 39553
25500 65599
3745 4608
71198 61624
19816 67553
68020 51745
73536 11482
35094 8676
45352 58415
50308 8659
42234 69604
3507 23475
28153 58480
52566 7686
39933 888
39241 13578
42040 45158
59951 66087
40909 42345
33247 2129
56535 21627
41027 57118
4160 43287
23804 25192
47448 28747
46106 39140
72103 3528
52880 54047
41150 76967
54267 64630
50892 4630
58948 34448
58516 6381
23054 67890
35888 19918
36169 14684
11095 69933
31143 66968
4160 37630
60013 22614
22878 37305
19279 74087
70773 41072
65309 67467
41054 32267
40570 58492
50325 73608
5398 41854
64238 24875
17883 3820
43653 62095
72495 59867
22350 68713
63715 67287
60162 33030
41451 677
37365 3598
51496 58408
72166 6823
38670 74421
45039 70849
26739 70933
36369 10958
55477 14574
54720 69980
37768 6203
12361 43078
45594 54892
37958 5280
57068 53774
21242 26175
10280 65640
70049 52130
67538 20837
42965 19442
54863 53032
46956 31187
20366 70306
5123 11942
47053 45083
10683 76381
36419 33037
56558 68426
63132 70736
26366 40858
46255 6378
27773 25261
24152 33206
23323 28400
16194 11953
18513 54416
57497 31935
23970 14921
76416 69049
64492 7851
67794 33981
1275 34518
75 42488
10032 5911
6956 7420
64854 62097
60638 32743
45122 21433
64123 28370
68507 11142
52097 61728
76736 71619
12753 59794
53067 5483
2088 62887
40839 47523
41775 34227
49990 12131
45136 52184
27223 63002
67471 55204
27557 39987
11472 9601
75772 39118
7356 1239
13239 49824
18920 66295
45444 68552
38723 54523
26 4544
24435 26067
45294 77015
14797 46065
15560 65192
76283 5335
29818 11847
12988 43948
46977 38770
52261 17140
74141 64922
27974 62497
54932 48800
54843 62686
43109 74610
15651 65804
12203 52803
77026 44454
2135 16285
36671 50203
11443 24562
71314 66497
2441 37153
69923 28819
45239 46841
26935 1220
58878 61790
18661 48930
46091 13580
71848 52323
36750 71177
51774 65029
16810 8527
18088 56207
9121 11113
75133 16513
53547 19130
9839 20518
1659 55058
30829 52924
27536 32707
76090 75398
32322 64986
77195 22984
17295 67273
21320 59152
24893 44980
62464 41140
75401 2300
28334 57942
49639 46037
75457 49858
47002 35350
48419 24456
66544 70749
72919 74799
27939 66308
51685 19401
15534 29424
75512 41800
15766 58857
73150 39125
53512 19559
1256 22746
4930 7457
20716 3810
31832 33423
65445 72174
35042 67426
71530 38664
16151 59049
23150 72677
32781 59879
7973 62782
11819 72037
68307 27322
26923 76435
43453 55184
54891 19849
66996 36736
14209 56960
6254 52220
44397 15096
59973 14937
76407 45626
72656 5377
30138 41384
54163 72366
2491 33545
54639 47220
73753 13238
63069 75113
38176 4279
10014 15279
48175 28948
18059 16120
43066 69943
55725 28684
28575 18911
8558 5993
49809 41506
53844 53666
37003 40724
4976 11831
46347 8679
6259 31253
8601 40780
41161 53283
10994 21013
6506 70120
16951 27705
53097 63796
13651 6609
23293 236
46077 3836
17660 32860
66470 40539
1700 32944
32601 20670
55975 41483
73282 72734
68387 35401
31891 40136
69994 31349
21300 23207
47353 59548
2330 13454
2439 67663
27708 53369
38087 57726
32851 17928
37111 42284
62602 39374
38338 50663
59068 43037
19786 75309
7578 68129
34315 30866
37057 59511
51132 13995
29838 33902
25930 37238
34733 48115
23700 69126
75066 70342
28817 38688
68675 4434
24045 74530
16806 30741
74537 7819
44768 24820
11158 39937
63892 14337
14185 45891
63192 865
32019 48435
28570 60953
75471 49193
51630 48916
11377 65150
10957 70571
52151 29111
44400 70855
65071 11830
55865 44217
55383 48266
61994 49969
37577 2247
64315 62671
15683 51880
74648 59184
15204 6885
64305 29903
5230 46899
58116 58288
28907 63994
26987 30545
59178 15861
31329 63013
73134 50668
19482 4542
17500 34168
8909 19796
71013 22041
73329 7158
66249 64877
53846 46347
28044 8419
65827 56437
55591 72359
19250 52945
32537 46532
56671 40646
36506 76274
75249 29644
11043 32528
46211 57009
73665 35602
59887 5560
35168 12184
37354 20677
24633 13995
59099 3266
26327 62785
62209 68853
72643 12199
70805 54936
37832 21469
14778 31600
24353 55676
10203 67721
49798 12677
30476 10987
76305 32750
41889 18341
22887 19810
58530 70593
61538 41974
20583 14516
22399 43935
72924 52083
74900 6464
73157 54420
37129 75247
40413 58195
21772 19979
66508 43422
24673 64518
34788 27103
75400 66156
5505 76163
47639 51391
12167 67066
39652 69330
45604 46136
44664 23261
6231 38971
20203 15808
19357 37708
43026 36518
14770 19559
35191 73802
46074 28760
26463 57555
35684 65598
30540 43065
3535 51646
57431 23759
56705 65912
28558 20258
60514 36933
12879 67653
10170 1470
18703 58423
20838 35917
23149 55250
24268 25106
74589 28500
28940 33128
44343 41263
64598 27406
862 32076
11234 45062
23993 48930
12482 17772
61214 7101
31335 11893
32407 36348
36936 26040
41675 56301
24536 27666
54478 58177
54322 19614
50668 6508
71884 31758
1414 61456
36353 74594
44643 51997
5329 9226
59442 52263
41080 7604
49016 30904
19383 33802
16729 70009
50175 50934
40688 29445
53348 47637
41348 63526
19770 30312
71644 20707
10206 41034
4636 72466
56690 53603
70932 7898
75074 18347
17039 70808
10199 31195
33248 66132
28954 74128
73976 3553
30299 59868
36074 33680
26625 48590
54628 11704
28987 30705
54147 7087
57940 6765
67287 19314
73890 75953
17189 75484
67301 6417
29694 18031
12627 10030
36780 17892
68677 10309
4299 67303
51499 74944
21993 15013
71365 47013
5742 26145
20790 5530
21968 60820
31259 14885
47618 59315
23227 75833
30925 55427
37702 6158
23082 31006
72448 50423
43073 21271
47175 5755
63266 74573
21097 24117
64448 61747
41985 67358
15532 18932
23406 76100
3772 38037
30006 75393
39839 55411
69003 62651
57685 46031
75910 54733
33348 8892
74748 39918
20205 65005
9173 59594
41016 54255
15003 2000
63173 15240
26202 34994
15436 34312
72570 67014
41689 59344
27177 73517
8286 60853
15475 26921
72236 14938
25431 48214
51741 32755
6800 26550
27113 59797
9808 61538
11172 34868
54525 12464
38505 42102
54207 42397
1304 67810
44253 73875
4902 26490
63859 41587
57499 58979
18435 43407
28040 49161
66933 55695
69447 39107
10234 48405
62297 72064
60571 74438
12220 56607
47350 37785
32093 62278
47572 11182
73061 32663
66403 54828
4698 12207
64419 3050
39108 60687
74303 21874
16540 5594
69617 73260
57628 14068
4288 38875
44058 52995
9013 50987
40757 36746
63319 63980
32290 36404
17478 60902
51898 33353
35558 6958
33551 25857
23851 16913
46772 42625
69825 56850
48450 48805
55493 10272
71362 55592
4515 69770
45604 56926
66649 47426
6256 72220
5298 28682
37314 69723
67216 65180
22739 42937
24346 76792
75044 12810
26833 18142
28758 485
20022 55898
13347 7313
38610 61205
17002 73746
51436 9357
14335 21597
74346 44853
18048 69398
5789 16761
7929 16736
7817 21748
62494 65910
71229 49442
38746 34004
21017 34206
72324 40928
25526 4406
50869 61562
30428 9964
47339 54987
51506 39222
61727 46440
70594 25024
70185 38560
4727 47152
70810 37071
34688 10642
40964 33409
53254 4441
75304 36010
75551 41400
39508 27687
43417 14367
12796 57432
31359 35993
6549 40284
6798 42337
23255 59683
76327 76824
74134 69900
37129 71268
52343 25481
40405 47796
58429 5849
8128 33775
18221 57926
33467 1232
11996 681
74742 8958
61937 16277
57378 57596
44677 47625
66367 8699
74538 3795
5531 65003
48656 72685
63898 52387
33387 5818
61800 2573
44358 7872
40674 77004
15834 75494
59395 5678
26896 69444
47917 48030
71889 58361
77102 73266
54402 32655
6260 68535
56895 8057
31189 57696
17343 74848
40500 44542
9352 47217
26443 32729
48680 60777
50578 33632
56949 15203
34224 22943
29117 36429
69169 41079
4792 60211
53012 63509
13457 56596
5502 66494
29145 16871
56532 9172
57374 18384
31149 48705
27505 42059
25007 2483
3865 41772
42390 33730
4798 27159
49571 49055
72955 34635
10364 58955
31697 66180
69622 54009
67351 15644
12359 4947
60333 45831
57879 33948
49301 20678
51098 40550
50507 24833
2507 29940
45030 70128
2876 51880
48871 37080
43205 39577
23256 9761
39086 38120
74469 63343
37738 59810
49808 20222
29564 48201
33990 13937
32772 39678
48119 59518
69589 45057
77185 52488
65908 13912
44659 27295
26249 52991
25689 2818
5694 69445
37828 9638
9540 24663
47926 36119
33793 8855
26652 43289
27484 32708
75086 6766
49682 24319
11956 32535
17604 43459
70698 69515
11222 31636
47881 77029
25680 24582
65772 35721
5721 41705
13463 50273
15671 70237
59470 66264
13225 4401
75500 11744
42568 59413
53965 32528
62369 65882
69854 33151
73386 53265
40307 31386
55436 6744
33547 6434
1221 60069
68938 59891
51577 49457
21698 57367
21885 48742
36095 55550
4697 73025
76934 3047
40174 58448
18538 45852
47295 501
28200 76461
13357 39530
14970 35113
59926 15777
62066 31585
59683 42177
48238 57273
26589 464
17408 18157
11283 18828
70743 66525
55467 62695
35562 47215
72738 36726
1527 20569
75001 61581
34719 18302
21357 50922
18305 72939
5176 63610
5545 57177
39322 59930
27771 26713
33613 62794
63209 17083
32054 6055
36710 16576
1167 62141
34230 39164
66629 73707
3434 34979
34796 5015
71569 49198
37852 23685
75386 46381
66901 11870
68299 39236
38308 59242
22461 69066
37389 55445
70011 32088
32448 51473
5211 32427
29879 17615
74815 23668
32494 29452
65850 42154
49141 29431
44923 64249
61001 40214
63061 19026
25145 55109
10836 74108
49573 50524
15826 70245
13400 17368
28774 26608
15158 50489
17676 8271
15616 50284
70403 568
48739 21696
77121 71646
56525 5573
49931 39651
66210 20890
6167 2377
49309 55029
50165 17452
359 1672
64765 60812
59592 6087
13530 68338
7835 46599
1968 35371
27832 1481
71792 42831
6828 28546
72896 9297
58118 17838
2214 51053
13588 76272
9233 75362
56907 42535
37753 57425
9270 71717
18838 33824
29817 47302
1550 27624
10546 60246
6600 66445
22299 74350
36189 76638
20633 6523
29254 67604
8580 63462
11837 52022
8400 34484
46891 40789
53220 50013
38603 16692
41470 23640
21580 49673
47050 75342
36667 4289
47517 72513
4338 44938
72444 62391
33863 44609
15195 52977
55667 65420
50557 62685
35762 25273
16902 11105
49817 11233
31279 7590
11240 28390
48019 28931
55797 54009
45538 8512
41751 21300
45458 41880
11704 76380
36350 16632
2873 19361
5966 703
28552 56315
17787 60516
45310 41115
36652 59078
25113 24932
5277 5939
28475 11363
4851 26476
56823 47473
69542 38653
5171 38086
70472 20013
52172 39919
34035 68865
49987 74964
57465 1076
15127 46169
38059 39316
64415 62109
71885 7056
19056 60037
39118 66541
7020 13273
67909 20057
2889 30452
13337 70372
73473 57293
14946 69548
24705 14791
19117 19602
50423 63336
18959 50278
5700 33484
69244 1582
20606 49035
57241 13876
50616 10697
23022 26319
35108 54676
36343 18965
30842 58304
57155 52942
39583 76705
37090 24821
27278 36232
76984 20254
45824 12266
10501 24357
46462 16229
72180 62788
5578 30116
49711 49437
56451 17628
10671 61692
43900 31279
73001 28786
64214 68921
62718 76038
39473 15971
33794 44607
60982 67144
29036 57164
64093 27426
26343 18203
70737 61880
64798 57537
61975 51004
35019 337
72668 16684
70853 43481
2051 31545
8272 26561
64772 50080
33709 11931
34228 1119
67539 42983
30341 37763
46660 6386
56262 206
47676 43858
11301 8618
5021 37602
70191 62237
20645 57262
64919 31525
55281 6377
65324 38255
52297 48945
2734 42569
70391 52877
52099 10528
68847 33005
3144 60934
18250 27083
6346 6022
22646 61737
35973 16407
15449 31271
73243 60605
51663 74965
24672 72801
14819 17369
1353 61458
16921 22714
46953 8301
13980 31092
7052 11288
19443 8610
29155 26159
40296 16430
60932 57092
10794 12578
17144 24857
60785 18986
19763 18005
73304 6843
23112 20941
37299 59553
62379 73696
70233 28060
58488 20870
31817 74968
40588 45505
35433 35008
66543 13948
75482 31776
14939 29713
60982 37701
59134 61283
49370 49614
28761 35775
53102 27887
46286 51793
58842 30672
54047 56439
60578 3502
75466 56268
63157 38685
27803 46508
54968 29428
55553 54290
1744 22510
44501 29042
58080 55577
5493 41366
19672 23457
73592 37052
61040 74422
70466 37837
73307 60746
69718 69843
32456 30753
55982 27491
20923 13125
22826 28698
55770 17549
7363 30491
56048 11486
68151 64513
59294 44280
29403 17198
59997 25449
59244 9899
3391 11971
69946 39527
37288 2137
65674 54452
11063 54329
1847 44186
64800 52384
70969 54263
34672 5696
13353 73725
39825 11165
37763 31148
60647 75515
23307 66047
5966 7147
26371 36914
28445 62836
29373 63749
73447 73072
76390 74795
47417 76162
19872 69423
20196 24932
50586 57439
16342 37364
25730 72200
59567 43513
73416 59498
28523 18209
45399 57984
15474 3848
65064 68119
1065 66903
40663 51375
13426 13527
23445 6726
1258 43912
12598 48164
39470 35181
48917 7924
17373 36828
71359 57953
70075 44573
10731 68880
27768 64844
14329 59194
15964 15726
15475 27872
71551 18001
40027 15329
75198 35269
14409 3380
63969 42899
75544 48100
27472 56974
61622 5707
76419 74979
6381 37088
2600 53971
9453 20153
29825 6732
39295 62246
6631 70856
43759 1033
60130 67654
40704 60839
38156 68734
11914 39925
13236 68198
10358 48897
2858 8451
25314 52228
54506 71990
1045 48355
64438 12874
67611 76940
4274 20558
47125 70374
34109 21438
33331 62461
31802 26390
37055 14944
5812 46177
45210 46053
76918 31364
76503 70929
39834 10216
45545 36243
71254 45570
3805 50969
50679 44439
58991 61760
2368 13175
68333 44658
42000 52665
35670 64487
24673 42144
50312 18344
47420 65339
23835 63905
2133 14934
23771 74357
65622 60030
31798 26806
67583 36468
26959 40601
612 4945
52650 12561
40761 5772
27840 76487
18132 66785
72046 64350
58763 57178
43229 53956
59049 61593
41682 47027
50748 3863
40839 65326
52287 11691
75583 10102
16674 4207
54688 20221
16545 62071
57015 17133
56166 36584
49833 19370
10370 21234
30515 11823
14791 41194
48331 10032
37958 14465
75749 66508
41854 45269
9881 58083
52641 55873
62325 35533
11285 39442
72133 12834
4045 28906
54703 60358
60910 65684
70572 42745
27505 17068
15213 9288
13830 75572
69616 20636
37244 33030
19872 43232
10329 72358
7993 11498
64179 37859
17735 51521
65194 56447
16705 5483
63168 45319
35236 54121
57345 73273
39224 17974
59130 53012
18345 71637
69392 39968
59473 53760
23511 64473
21230 9699
54524 64714
29506 27097
72385 53477
2155 67552
40955 50998
70910 6006
39122 14170
33721 24406
29216 67682
19656 25155
65445 18243
7957 47308
76831 13306
39063 51111
63408 33264
69532 28198
62403 64333
17678 63036
76956 2720
23322 57748
30614 53842
35124 20215
62062 60656
35785 32235
51916 14542
30951 53198
48344 1060
11098 17986
61150 27937
21250 18954
18071 71189
62723 23892
16300 61434
52008 47693
14323 32592
75779 22162
71212 68724
54141 48824
13955 73221
15404 12215
64725 47580
64107 34735
54928 26051
70762 21312
66666 50872
65351 68013
24381 50040
40540 52188
57733 5883
41778 54569
72090 71064
19522 67569
63472 60876
27488 38087
5400 3719
58989 50426
73141 54520
35646 30620
68455 26300
27632 74992
11014 38673
70207 24967
54155 72849
49757 55587
59211 5478
20288 55847
17876 51249
66089 4407
73617 13918
59840 35630
67468 47709
67071 9837
62355 61264
58791 49480
35528 18555
68348 39536
40124 21892
59469 64770
40482 73538
39473 64298
74844 50935
57479 12540
68577 8740
42238 60947
13474 46358
60107 54818
67923 60303
40328 3493
68237 8937
74351 17296
72769 31500
60032 39857
53219 60162
48034 24265
18424 30939
63093 28017
76866 8666
30538 9442
61083 26468
68415 76077
13023 48148
60522 59234
53634 74633
70731 14885
52646 21539
38608 62958
59559 66771
38453 46985
11748 20215
23481 74234
15397 20182
36472 55256
36209 54388
14065 43915
76623 56156
54601 40981
49857 41013
14460 68122
25125 69804
67700 70209
76726 33245
53005 59271
11946 71320
4547 41543
59021 54263
41615 8889
32531 15526
6706 74748
65432 27913
34284 47140
47176 35359
39626 22940
5210 10746
68998 36625
49841 16200
22120 6526
71846 65059
11487 16396
21017 9028
50266 55482
18586 34132
8944 10820
59599 42841
19809 12676
7182 39515
35280 72624
12191 52289
64924 4853
48791 11016
25147 3031
33019 73150
23511 34117
37701 10359
5931 52506
52819 18856
70433 23054
16273 70079
47128 30973
10781 43007
3663 1909
33587 48352
2062 867
4563 7167
39999 37157
69964 26138
2171 26523
25313 68970
74775 52403
63951 30397
44559 57281
58029 38975
10346 56441
26487 14032
32208 67988
43574 72341
45944 77208
41181 23284
45259 17390
1008 26795
13114 37374
11047 4846
53355 24958
4225 53555
15627 18792
21045 65620
66667 66116
34761 17362
58518 75883
15221 12740
20290 24891
10058 11836
13514 68234
58599 41427
15645 36336
132 60903
63917 30376
19473 42950
14335 21543
75083 51328
7456 66563
43584 17487
69985 58892
67195 26198
18831 40971
852 20927
55461 49413
65518 56874
21418 60590
18778 68322
25826 47740
67918 36886
63264 65544
56442 17843
66248 17500
43818 32822
9813 64442
3456 52038
19232 19559
47396 34040
61058 67812
56650 62231
62519 773
5048 68243
18170 53132
63098 58278
50410 47224
47824 17225
19088 19322
45794 46020
10829 55641
10162 70602
13424 32445
1106 16354
31115 66468
22973 73242
23883 51506
61895 31947
64712 15168
50053 65917
37881 27169
37990 39499
61565 77069
47089 40426
65436 51857
12138 58167
3325 31259
59178 62701
61187 65374
36242 68766
11298 63294
17644 3896
73465 35843
49502 68114
38591 7150
20175 70301
54652 23364
4086 44454
74561 64298
7399 32012
71067 7990
11747 46389
14839 75067
5476 660
65212 48149
28257 23997
26505 44026
59514 35301
41516 73185
17893 9151
16751 68996
39468 55165
19524 75937
36592 1902
66256 26498
76472 69001
60052 1621
18673 54110
43911 56273
37248 58086
75261 63784
9558 9230
9721 58980
25009 14669
30644 34816
38071 5514
63247 22663
75305 16578
46245 31532
34665 47944
74721 45983
43457 16060
75776 72451
65701 36160
3252 74973
49857 59050
38006 26624
13956 3313
59872 72256
75169 21120
49441 5327
42554 48723
76485 52351
21353 75008
53529 42754
26254 44915
28645 55726
37594 63539
9150 25363
44670 7135
52206 10085
69785 58834
13447 67622
26225 40049
34209 41289
30983 21799
5937 55535
10459 30513
57550 15387
28086 67404
18727 18631
14254 49665
48332 37628
46089 18838
62206 34804
44285 39723
26686 34601
52096 26699
41629 19074
64068 274
5933 10918
2593 36849
14921 43685
56388 13000
50609 48868
896 34182
9335 61895
64617 14745
26310 7554
62979 74131
62374 5117
55839 12183
50210 11709
21965 44223
32265 65289
2103 55271
52090 73049
40341 39359
73025 5323
56950 17089
30434 60444
73184 7153
37402 18879
29220 3102
66427 52873
2493 55313
51878 43450
36266 5779
8302 34291
55068 58178
39689 47282
48968 51852
25988 34313
50640 66094
21568 33682
76752 38542
56730 76693
68491 15445
22834 73660
65295 31032
7858 48888
72834 57671
10740 62072
36232 29851
20935 53139
60561 13358
7532 22974
53364 66354
71257 4819
35312 61781
3202 6058
36682 58460
48841 44922
48423 30674
75575 24915
34783 6869
46799 20789
49981 26766
73913 7568
31140 6461
13411 964
43688 42082
18164 76157
17636 15994
17323 70702
50802 68465
7994 50739
21158 70005
54508 59773
33083 42373
16427 41554
15433 48689
68923 57038
34472 68570
12623 23256
43421 74168
49948 37556
54996 40379
57962 19113
50134 7095
42183 49006
63493 7123
49237 10519
23339 50769
17993 14317
76929 68281
65980 28982
70048 76028
58374 47021
64303 5536
11507 41890
23660 54387
22388 36997
63957 70913
58992 33973
31863 1171
43924 60617
13817 21896
35650 68663
59323 13433
20632 48504
33527 70089
42285 41447
46730 73513
11604 21708
29273 40251
68876 49392
6146 45144
23958 24926
35180 42246
41483 71532
41698 50174
45746 9017
36026 29471
40039 63829
55195 39290
33176 1601
75197 666
60671 23535
47401 20583
32496 18466
5656 16763
6956 25392
1598 37310
19366 31507
55276 29909
34664 70330
8131 38685
77016 73250
38762 54960
76859 28306
74382 4245
65579 64752
9790 26570
71372 63528
49782 51128
60563 30390
63539 60471
41105 7493
60218 70285
35059 58930
618 59252
8951 61463
50195 47919
63619 25116
40563 61475
25243 41360
31360 38
3038 11803
56981 45124
38427 54597
75067 30887
18237 20145
39327 32896
67551 59406
75599 34689
56912 20592
22325 7879
57578 64218
7687 20893
5394 41501
55028 59915
39931 12222
31503 31959
23389 64495
26048 47242
16592 35955
65514 70262
41828 31686
13936 6001
42185 66075
72035 68279
1862 14622
23011 64283
4006 31712
68522 20094
42524 50494
51506 42763
42496 33808
52029 16237
12657 48844
46339 28648
4191 8345
22006 11630
47188 59298
43516 13155
57128 67257
47921 18910
6931 74744
68388 24825
65433 36832
17333 73343
26897 8993
4223 54951
43464 56421
13277 33541
25308 4462
58973 48624
3695 41771
41208 36529
59635 48972
8504 21946
57081 23087
42158 44779
66089 61345
9695 58861
58483 26888
72359 42747
5131 32473
51965 65800
74324 30267
31206 16028
16770 33903
49515 46946
8870 56011
36435 59430
41663 68865
6103 9745
11821 32779
22254 2584
52109 19392
57603 53527
42605 62702
26144 68920
12246 65874
19055 4251
46563 6118
17325 62614
73148 54549
22956 55995
23789 76721
77061 45958
62181 20071
34621 50207
4631 39856
30540 33587
55543 72765
34738 44376
53915 1554
20888 35745
10012 66911
40381 3251
68328 63518
9330 30596
74036 20716
62815 76316
34054 20411
14151 64261
5724 31418
13295 62848
13397 12157
936 25702
48354 61264
38645 74637
33925 9829
69768 36843
67046 49052
49768 51713
21803 5807
24552 11222
14161 16016
13574 50779
7990 72971
563 71585
69759 72306
23581 30504
32718 14870
23510 43541
66737 49056
61645 2541
39858 52758
51874 40669
4823 36800
56849 8570
7329 28759
58336 1218
72499 53357
71020 75610
61349 69353
70540 63373
74763 29424
5652 7082
67167 53484
18626 73808
12900 7945
30163 46180
23079 34314
21267 23704
32854 22872
47852 52507
46806 8856
58902 38755
59994 16959
74799 54601
25716 43237
2409 45454
23648 35819
30948 47538
23598 67718
61386 9870
24614 42028
1111 8907
43725 68115
53885 30555
67881 47350
7717 30008
51208 23438
60763 59205
28628 32436
38569 44561
23820 6591
7755 11726
13539 3443
20080 6622
51509 33494
19317 59590
18644 9360
48816 54397
26078 75610
35555 10209
39564 66145
66195 22448
17988 33492
3366 40889
72363 42155
62183 65211
1408 32848
60402 22051
25806 21559
42027 31575
24980 2349
29191 72155
46637 72488
65974 77159
64695 28468
41384 63783
9925 59434
41650 67051
71059 7699
5076 61695
53737 20233
7853 20720
9725 40686
70674 75974
60157 36103
43501 43394
28478 7399
2758 77111
57962 39692
49511 74758
45110 1036
16638 35228
8783 73500
24882 20886
14994 73921
71111 45917
61142 16060
41188 1621
62798 62194
10481 61350
76698 66890
5137 75009
65613 23417
34761 59639
2982 43500
66144 22150
24728 31301
37282 42007
28125 37432
19049 61823
50153 42855
12760 56119
63621 73378
75354 9667
34971 20867
73381 55886
44093 3762
74279 24462
29003 19127
69082 54233
14327 74891
17201 2278
53563 33792
63470 10083
30022 4208
15409 17246
10495 18624
41348 52582
37275 59760
54091 54593
17710 70686
55798 23567
24834 18343
70598 25747
28625 13927
13169 18352
75847 72654
14954 8565
31971 67633
3397 24386
49106 31266
43284 14856
56842 17537
58974 58862
24019 12388
56603 8624
23029 16933
46377 56596
7895 13007
15714 74669
25631 60013
27160 37023
41223 18328
23840 66953
6759 14545
8567 77092
29574 55551
25293 2799
21466 40769
64923 69112
59410 3585
15027 13020
56695 53331
6573 76570
26929 67863
15390 38672
6638 22019
32326 73580
57916 40353
486 67553
7139 8306
60854 6565
65235 19511
24033 43297
66309 65326
12235 47243
42585 59972
13475 19195
38771 13257
62677 20079
49082 50133
30306 947
41905 70799
47429 11552
13887 1383
59051 13567
21474 65066
208 15494
72261 77043
44351 6864
44090 66495
68513 66108
65851 28941
48454 24183
59796 31477
39275 42740
49010 7368
10562 18137
7330 43830
46393 28144
38559 58828
74404 73874
2610 7252
59617 60787
22924 72852
19787 57641
76545 33426
16663 63540
38271 71787
57789 34133
55140 48547
75675 25204
11538 39479
24242 48552
71771 23672
33120 20204
26303 51464
64081 2499
18294 76963
34297 71099
36873 5962
62889 45719
64055 21923
41468 34180
69925 10296
65593 26668
67194 19567
77140 56208
17049 21094
35826 54332
28064 35986
11814 38681
74499 55164
17209 47061
30946 76231
52035 64931
66682 35756
58948 74929
59256 30722
43714 31926
57470 38186
71047 5454
48016 47468
25481 76768
61525 62747
5227 42066
13179 18019
22790 4074
12762 69638
65526 11981
36345 8178
58607 5552
17576 50911
42426 61394
69605 29580
10349 51748
59461 44682
30886 25154
57042 71450
40960 6918
38656 49999
51808 7181
70057 50651
39132 64337
23538 56634
65768 67213
55289 74926
71106 42256
38201 64358
4552 65812
67182 18672
9097 64451
53850 71588
75526 61954
56370 42391
22947 54774
54058 46282
36161 24879
57762 6026
63500 67699
49156 26925
39627 30960
20462 18142
31286 34815
76982 24786
6756 35188
12016 27802
20731 59471
39749 38533
40393 2763
60944 1093
3632 32190
13015 20224
66163 55934
10694 35666
56735 32582
18874 63793
426 34523
40320 74608
61926 18192
45699 8856
43599 23177
63134 22357
42359 7280
15705 50027
48375 7642
14644 10189
4235 47014
69042 22362
6095 77177
11674 48225
53949 7771
60904 74512
7149 31857
6379 49466
11254 15214
34947 2675
60853 23462
15924 3267
73639 25514
47271 32172
66785 24727
62787 27618
45238 19199
65510 46487
21021 5165
47484 13971
11593 32143
28753 53841
47090 63767
70534 10637
22522 42831
42180 32541
76589 51112
39600 69829
52611 65547
16541 36047
76057 63116
40881 44967
43560 25972
47478 15510
63274 4063
69618 20320
45524 57504
55453 11826
10581 833
49466 41063
73006 72711
60995 5358
41308 72101
74121 19673
67033 36555
19143 18036
62738 60456
72183 23067
37722 15975
42824 54461
7293 59433
39211 55616
9635 10753
9189 70796
21049 33613
73826 76766
15907 59830
40493 57780
24348 63789
24902 53646
74888 32847
16362 11212
64393 19827
29655 35201
47330 41481
76123 25
39692 69925
43705 39693
26209 49222
6840 62992
53964 57985
1494 34762
53144 73873
30117 58537
20733 69980
31299 42035
19974 31267
68565 12484
62460 561
52743 37348
2454 47721
54 39830
42057 35314
38463 26423
72535 37346
40052 1269
62127 55297
66620 76557
31218 55027
15457 27176
11369 52539
31505 75091
63299 66629
17601 1521
39271 1198
36357 75990
45216 3220
44078 36240
24697 73225
9100 36586
33066 10736
32632 50437
42407 20156
53962 68390
45333 7039
75458 50912
38558 59356
67354 25404
30218 15815
46901 25102
29046 53006
19556 73773
48907 1462
18141 32769
12500 39374
17985 1488
37126 63784
20211 22440
35383 30908
48820 64067
58998 41230
59447 9565
59029 72071
45747 4814
13419 27077
64790 42601
18322 42988
13 68593
8886 45939
17343 22702
45694 75325
21151 22360
27236 27660
65391 54001
44246 33729
11751 41592
58455 46845
76542 3526
17300 50704
73080 27216
12935 28052
39889 41117
33848 34691
44743 46549
62186 30635
4307 23183
54494 864
75109 58734
77062 76373
57701 43875
67965 1448
54191 31271
6257 16352
9267 50447
114 4960
11958 11189
60249 4717
48572 9039
28443 25107
35284 16390
19606 42839
52731 32934
11227 63700
18819 38178
40847 42518
44826 9966
44237 49693
73920 31520
35387 17979
5251 61690
14964 58904
22177 7722
73805 9167
38075 25370
13885 50280
70856 35706
12944 4171
5347 57871
43018 77046
12209 60090
51346 6675
42905 18782
52489 72103
4019 12027
32538 35861
34841 69340
24487 65039
25775 43155
71119 60553
14872 60483
456 2980
9743 6359
34019 21345
41796 28708
39603 68242
16362 49616
57378 10544
20644 35867
71734 33127
60200 74761
22281 22947
71988 17173
44945 38151
18529 66955
64626 8746
3446 47304
61081 12925
53091 24177
24499 20626
46545 42611
41089 41534
28575 17395
3654 62911
62050 33203
42617 36292
21907 71266
62396 15675
77184 62353
54939 55800
20701 35885
9065 53628
46505 22769
14672 74839
44515 3405
40578 73260
64866 50579
49132 56451
59233 39667
15819 73661
933 75758
57655 10156
18921 60690
72007 41745
23594 65522
51850 3827
54628 58238
5231 42477
40194 75714
10567 4153
63278 13704
67265 69356
17050 3801
44588 14622
12476 143
21369 13425
65137 9873
53226 71820
680 72136
7926 52164
36672 69179
44580 63370
15567 53559
75585 16810
9072 69823
54556 62392
53027 65460
23778 18777
29391 20326
12122 42778
76725 71875
74482 53314
18531 16153
54897 13752
10255 68598
37607 27550
66463 50395
10351 50141
38801 34620
32820 10804
13502 12525
58544 48467
62205 76924
74886 25704
56052 48449
41080 43161
37290 73285
541 32614
50375 52514
24165 6735
5673 8684
3935 72705
49333 46920
32842 19193
31887 44521
76226 48369
38716 32303
66152 44239
44141 17177
50388 63186
33361 62540
28362 63465
57423 67840
43333 30738
37587 61499
22990 34243
76436 18759
15807 55354
75224 15118
18431 62581
13792 66113
14462 15843
69014 4948
35848 34514
27396 70518
50071 41378
18097 15609
2454 27298
61764 6004
50322 60845
27081 28255
17118 74206
11162 25222
14023 42713
74086 68523
19727 26773
396 28561
64045 64304
51877 17155
60743 19421
33131 27181
71647 2317
26144 37650
66133 22618
34935 69952
77166 25550
67082 51698
29662 25497
9117 6007
40190 32952
57133 64452
33093 62617
6976 24763
14834 23563
20020 39683
47264 56373
56974 36171
61070 54497
42004 46231
5976 22735
28633 69534
46844 21406
53853 51263
56882 12904
66699 35839
73947 14708
39307 49344
18755 35514
26976 32151
59715 40684
51865 43545
61708 36588
9665 46909
63463 25201
32080 3729
65482 9308
20767 64170
73052 69857
73081 63239
37968 39597
17482 13103
13134 13846
29474 39009
27926 19841
64273 69923
8162 27111
58919 76707
71742 36453
20586 31440
66495 39348
44931 42770
20844 63226
58555 34996
72586 70700
45072 53857
49220 15856
55520 53884
7346 34932
61504 75231
29603 434
12943 41949
51734 48615
12250 55497
67761 18644
39230 42313
17460 42369
68418 49007
45592 46164
66270 10075
60403 12316
35919 15954
33780 45108
72617 75010
54748 37948
15718 11852
55005 21803
67766 69991
32276 31761
72642 27153
54517 71183
14142 2501
44001 7185
73700 62964
66413 72089
54759 5797
31183 15325
26681 54060
39801 30766
76345 75089
4805 72299
74950 3326
60787 15438
11323 17028
3028 16390
2860 15265
59106 21606
35816 20120
45524 10049
48395 71944
32090 22450
60430 17760
21931 24103
73520 1268
42828 51214
22440 45034
35975 24988
50580 37201
43871 10723
53272 64039
13447 1608
41343 64533
3785 10626
18103 40502
24634 57897
24745 9124
34047 66519
74906 19327
9035 60961
5236 20147
72629 70796
53708 38713
47382 66684
16692 29189
34430 39344
32354 68926
2015 8994
22048 59943
33212 46591
58581 10278
12241 30785
57244 17797
60143 18727
28330 68826
62289 48201
65411 67862
61542 40459
15032 17889
569 69516
23021 25431
56859 70042
8854 25378
24451 75609
42900 11323
27576 21002
1228 29036
19425 74265
4374 75966
20990 43384
55113 43427
12452 6015
55070 51050
23426 48525
60375 70382
32950 43817
1691 17951
47844 14928
24508 22780
15004 44250
28256 67155
69136 54875
11139 14336
34453 31083
58150 6649
43400 11496
67295 14108
68147 70576
5914 16804
61815 8164
38456 51167
39406 11760
42517 7356
20132 7145
4706 8969
63076 39167
25920 58122
30300 49900
2465 63473
45821 3496
37751 25193
15827 51498
39439 11830
21803 33851
58263 68003
33908 31633
75822 75712
77015 68494
30998 64616
12489 73008
16484 16829
45094 74142
11808 29110
48690 14202
13264 2752
35729 43905
64479 62531
58744 2261
24531 71902
42972 67693
57683 64166
77188 5897
66331 5851
27942 55602
62342 65716
15507 70102
57818 15421
947 23517
18025 21468
49959 68743
50011 10287
16633 27022
8051 3690
51544 66250
49113 18213
50447 19485
9568 2188
48998 20447
17396 26895
13539 4570
17327 44063
47556 1297
55978 13645
26225 54305
53962 75852
64853 45452
28680 2613
40958 2947
66681 58401
10590 42220
59299 63731
72604 30162
48521 46567
2069 22839
36203 68117
39366 29084
26586 26813
18706 76369
14946 12772
5101 17962
26891 73727
15867 74178
49629 52859
17989 49667
2487 36040
21401 51082
70546 71583
10804 70329
23742 38507
4245 20112
11414 43685
54382 6981
47088 24698
55361 13160
52056 76610
43404 75814
56490 58831
10491 4949
47747 60620
2053 27153
24531 36043
48761 58189
75355 610
12730 13268
24218 14529
6462 24885
50276 30871
19026 69527
38855 25233
3562 7668
9883 2442
71187 48086
64252 13834
52744 38753
38104 61371
33641 14161
45069 19392
22687 10210
66536 72634
72433 61439
38478 65261
5018 71569
50940 51452
41721 44910
65861 45520
55772 72141
61123 20291
52693 42499
54166 7105
59682 27115
18954 7513
1801 44994
29068 48607
46571 29589
5857 54733
56617 3149
65821 1389
19433 7218
34988 37624
22027 48488
740 43328
13938 14966
11543 41225
64442 13786
20808 47697
23866 41710
15183 539
5384 45509
61670 68022
73681 74428
12973 21410
12052 45797
12197 38567
30772 37668
7098 68910
67018 26634
52643 28884
76502 3200
10779 14527
9682 57899
39968 49082
37502 46790
74200 43996
63484 45237
74947 50197
8482 47673
73609 73621
60459 72046
68248 2975
50433 50020
60080 70329
14540 13880
44794 60756
23205 59841
15316 40408
28722 17508
18450 29572
47278 13966
37939 43008
57918 10408
58035 49425
21515 64420
12925 33914
11707 53691
40213 53383
68108 44025
37798 10086
68876 63347
73793 13105
71099 75397
26627 24976
8871 68952
5944 4878
48194 20619
5156 50354
55724 15044
37215 28015
63202 29393
23892 22985
20812 75379
21633 61262
12800 58356
73208 29978
64512 13226
51993 4952
27380 43643
3114 60192
28272 58225
62909 60667
65598 19759
59425 7213
1935 12225
754 64680
46258 38617
49437 5184
17066 56533
75220 51235
5287 28184
23679 22059
11884 47888
52856 47965
68152 44225
71651 10245
694 11940
16012 59601
72200 1793
4088 30834
30108 11335
58456 10999
7769 61484
32272 75881
45040 29913
35044 66004
38189 35059
33333 7331
40540 23023
70443 43843
30192 54345
25752 25363
13206 42656
41145 72560
16615 55177
23039 10745
63945 51816
61713 70454
17866 45074
10647 5959
20645 22819
57521 41574
54041 3249
59638 58976
59395 44431
68978 52790
32078 5799
33777 70505
3107 12051
56114 32330
19479 16750
70483 38259
66896 58391
61675 7036
29553 45354
32606 74715
26989 44036
29152 19526
72265 45844
75719 40989
54647 21345
54832 23642
42732 53753
37908 21956
71517 23584
3865 50166
62348 48162
16075 17791
50294 55449
7114 23330
7442 52966
48171 65214
38987 11109
75785 12417
13448 10495
2543 19943
71811 58447
15059 36513
54100 67148
38142 17549
13474 51200
22350 43079
34892 37744
35039 52023
49596 40216
62351 62581
64000 75528
12872 25876
37561 36262
73813 71517
48027 45728
7531 48320
6625 36878
60092 11129
68496 54871
30150 49787
21754 74840
35738 19572
51826 44434
29103 59131
54322 75455
14997 72265
26434 46914
39949 68732
51062 24561
24150 882
45653 62412
35911 48281
32915 6659
11793 39739
56225 30080
61353 17291
51774 39670
26704 37240
55321 45065
24587 67953
12736 5168
10337 32848
40044 30690
18715 57433
3337 65192
60847 66208
70406 71766
20933 42918
58184 46078
59683 59346
60732 34736
75167 71198
34414 11152
63114 62760
40537 47561
46582 55183
41246 27870
18994 47579
68563 56064
35919 10499
10078 75226
37172 44271
47820 21320
25864 58927
59760 68196
47420 10238
63657 57940
73567 50973
9338 40813
37941 72597
69524 56745
15315 41061
27637 66168
52726 57536
22281 73171
47215 40988
37665 34755
54294 49175
39259 47623
11124 57408
68563 59038
11004 56180
3656 70771
32779 50015
53781 41865
27608 44943
1257 63519
63471 48746
17659 67194
54559 39014
42152 27949
30648 61798
39180 71803
48568 67500
59607 52948
38655 2632
25737 14132
32484 42900
3841 36823
62127 20490
41121 75473
10803 38604
25487 64287
541 68946
66403 37551
25970 52506
25331 29659
58067 46180
64351 60320
12572 6506
23509 41221
16570 17207
22660 21911
28184 56371
63301 32097
48631 49997
42907 27743
20637 11383
73273 48410
13623 34401
60250 69879
75843 71350
49278 74196
7347 47326
52510 7235
53993 46042
54136 12385
31691 57120
29233 30183
26288 25238
2152 4856
27607 60267
10119 42559
49736 35383
5738 17010
73491 2817
54451 59874
21612 52874
22373 8384
28011 67001
4900 60413
14545 44353
13594 54530
51953 57418
60175 58221
49378 20219
76123 12528
3374 27126
59989 4848
57620 54477
27763 24907
34676 25929
29099 66936
21147 37275
41725 60926
57126 63655
25157 69004
69673 11538
4701 61637
837 54054
1268 18140
21517 64543
20862 62217
72513 20375
9359 22432
15130 14030
44471 7348
12542 47436
37708 54678
54187 53649
9448 52045
4386 4964
71777 1387
2816 38210
2915 41487
44445 73117
70436 22707
22185 45839
53184 76016
43656 22038
47313 47227
12194 5755
59187 29950
16144 48050
51564 20579
51182 34923
23393 70420
24688 60015
36088 72683
53144 76819
40307 13625
17948 26118
19774 8110
44541 72681
76620 49942
47750 31134
23579 74896
51606 22912
68657 17728
7306 51300
23460 58437
16084 61626
60037 4083
4680 25310
64011 13115
3134 30540
28048 26486
7129 71940
74396 11136
76351 72421
37073 39133
34117 58494
24980 44294
61378 12749
36227 55966
73234 46422
29429 3518
22104 76107
42422 38357
31035 38231
55024 19604
50780 53579
20309 10115
30146 10105
47736 37364
39863 21582
61701 6614
46062 27887
32240 23402
57913 15236
13083 22899
58078 36357
23092 40375
74178 23601
1833 69316
49061 20007
64206 73784
60053 11238
8293 21917
63615 45055
51892 28652
30043 26578
58314 47601
40907 16900
39538 1347
72282 20203
59474 35510
67450 151
23569 3417
58472 23277
774 8289
19411 56334
67272 14294
21095 37568
72849 1331
22783 72351
31080 54080
49114 14807
28741 60846
46862 57373
41233 59114
55898 51370
57434 71201
68698 44281
13622 26946
57155 222
8524 16717
8830 32859
39057 8334
63737 25167
51988 31370
44816 55083
54126 50223
40002 29832
48311 14833
53151 15492
57906 57955
38089 56094
69722 49713
30340 68126
28334 59637
29136 17134
8749 28477
43366 46811
30433 30267
74075 23007
43280 41146
20702 53335
3770 15545
66950 47203
64179 19477
38730 74520
3778 17126
9047 61876
72306 17010
56347 76020
7264 16275
53228 38986
30063 32427
68767 27505
34563 76586
49733 76154
71856 48975
7214 25579
47027 34185
51789 4040
66288 59771
68680 10912
17576 65841
14240 43102
23497 14027
62425 39172
4898 49178
64259 66165
15656 1661
61229 57204
57712 13070
20353 11051
42993 29016
48718 34153
9711 75632
77183 42438
43865 34049
43479 4966
45454 38988
1629 53297
44738 37586
42588 74601
2126 34181
11407 50869
46026 66769
9284 30009
32458 13793
9290 1716
12500 69227
12625 68733
6323 15177
59837 89
16459 39927
31311 21738
75068 51654
68070 59899
52387 70283
37478 55364
25653 2956
51814 16119
54378 53425
49426 74891
19529 34817
4800 25049
43453 49272
18368 66047
74049 41354
836 53745
11063 19015
4562 16546
15827 35900
76484 62974
34258 59339
51991 25996
27685 22730
52432 57638
2560 50135
11666 14475
32045 11301
47517 12562
57758 46936
39835 64763
72734 21872
52199 41831
8805 39357
48917 67178
32134 70456
60376 45372
69502 5377
5748 59389
72460 15890
60439 31693
69656 65973
5727 53853
74871 67741
26742 44590
8238 12679
36560 59088
33290 60237
72552 72755
72309 14265
72537 21628
52874 56234
13333 22115
64092 51484
5597 60424
9594 60543
68290 37549
4834 18559
61195 6048
70293 58801
49959 45044
7593 31572
30984 57987
34524 64841
52655 5084
11248 14729
50605 19937
72846 63789
52522 64455
12623 58964
28923 9638
4057 58351
40108 55709
39600 26112
18662 36678
60941 67758
74733 22787
26256 67862
39111 74444
47708 50198
36501 63625
17780 68720
75751 58611
48312 34363
31052 39553
74394 4222
29039 5684
63721 69490
12804 57291
12794 61707
27235 39746
26213 11979
47334 32991
31057 27510
55344 31400
7701 6831
6367 72513
27012 8820
50906 35447
33903 71933
61909 21238
71377 29467
15727 1014
21069 51001
26973 36484
29146 70076
6933 35740
30863 38984
72310 56058
4203 64044
58757 47454
21207 13144
65569 15813
19481 7153
74365 10323
22901 65992
22469 13673
31567 65231
31031 9557
43358 46113
16034 71767
23520 39619
69331 11492
60342 46617
15293 18321
49696 22811
2411 49363
61505 45069
13687 6876
65777 18215
17330 14231
42728 25831
48866 45250
19482 47949
16548 65837
76932 76012
50206 20029
44802 22297
55519 52728
29771 11739
95 66317
52535 70041
33439 13488
62042 15328
63374 47029
71899 58307
13174 58154
62574 50243
62852 45641
20258 31030
66810 69775
32702 4335
11540 16962
72769 70240
66266 61511
14077 16493
50015 50798
66656 13056
42478 21496
14539 68983
22392 38249
2943 31939
54288 35805
1568 53904
51834 35554
8385 52329
5274 22963
56586 51678
62073 31243
45830 73455
37227 26306
19723 39358
14564 61019
32657 71259
5145 73099
43153 40738
32178 11360
39310 56743
21941 70514
19169 42218
22345 72324
54460 63243
19537 71512
32729 46666
15337 67278
22265 66028
50794 24233
51362 25508
28972 58430
26303 38220
30650 45920
25319 23003
59373 69633
6964 111
48450 76403
12098 55519
72870 72106
1505 15015
15518 24135
54949 76504
17782 50941
13646 65036
72086 52633
60890 6583
14985 60675
40967 55937
43310 9288
49208 56604
70982 45407
51689 9809
75991 42726
321 20189
61250 35119
69712 23560
9546 59693
41463 56140
19570 36761
38740 62117
24370 31871
27654 74342
56615 37983
50917 54820
33085 46458
27746 68567
60647 48560
4661 17794
70688 17432
52553 76544
75048 14405
75256 64764
40335 65495
51202 8351
74692 49675
57948 44393
689 10385
7957 69247
23583 41061
68567 44833
17276 1948
48443 74943
44549 66551
28973 54207
72911 48177
58388 11453
44915 59438
6412 24228
68220 70883
3789 53412
68899 69743
51765 15294
63312 18527
75681 43480
31809 17110
76239 7670
26605 65861
71933 69177
6266 43507
74058 29359
36265 47119
12899 15544
38470 56986
50182 74350
48183 23841
55518 74013
8818 74243
14664 9863
70137 1091
68691 68518
49010 21175
19642 21567
31180 28427
57341 12022
3419 47090
37451 30736
74056 31878
600 73101
14711 49050
3698 46096
11115 37197
19710 43695
12256 53121
42458 804
337 5773
60506 27480
39790 1384
44870 71602
2800 6630
53714 42209
41374 1104
54595 15800
39761 58066
42648 72757
73045 69468
17896 25576
46935 9553
46010 801
51293 75320
55393 44598
26468 59597
14020 33331
59828 6627
64005 24124
29717 1499
55852 21843
52236 65775
43602 7873
64176 58386
72530 38291
62538 60315
34518 70990
2390 47527
39385 58080
64991 21680
8994 5277
72216 15320
19081 32008
28299 68090
65279 71510
25444 38830
12218 29452
6829 24084
44342 68040
64125 50957
43293 61919
14171 2588
37094 13177
45225 63814
60143 60388
65108 37513
72152 8510
64635 19128
48254 8602
68063 34960
54475 58000
50868 62448
9391 34899
70973 5540
38981 31136
14169 50141
75353 32787
16091 30523
72790 56652
72369 7052
19393 65055
76270 75878
61996 1277
36781 18351
35586 54247
9024 30123
20118 21136
46161 22186
72603 53384
34511 57638
36944 22515
18389 24524
2447 15766
75221 56775
10815 16623
36630 56619
26172 12713
56073 26519
4142 56415
36740 51503
31415 33159
74163 19163
52979 16719
25486 50329
43635 69589
1654 15986
39376 32592
59695 62044
69799 30627
5254 18275
12844 19210
65484 17626
54347 54270
65108 65899
25229 14157
22741 20037
34672 21984
66245 64033
42097 37410
61926 10235
26438 976
28602 61172
58443 2460
27711 74290
54485 64973
23333 31468
63807 5748
47944 54029
39740 2010
32954 72513
49835 69807
11339 36900
32859 64139
8152 55691
62288 35204
761 43179
46130 66498
32478 36303
27152 10612
67682 17052
49519 46238
48097 52172
1808 34366
28258 59906
74699 29880
7870 28242
23705 46508
74767 57750
31408 76813
17841 76639
40066 76569
55824 35362
70618 22070
70144 4889
943 9306
59517 67793
16865 12673
73274 23996
35969 43151
22879 4932
2181 48282
70276 68844
37133 33017
15990 51665
67716 25043
5391 76086
45253 53020
58191 29606
56245 73527
19549 11808
40851 76615
39894 64570
6427 14273
47827 9507
37811 16456
75253 30438
40655 57343
26773 41181
14436 42747
40442 65192
29821 72562
30129 24005
29826 53423
54001 44606
37915 30693
50710 48930
71972 23
43208 16022
65383 55499
58655 52048
75514 12808
33585 9576
62740 68904
74684 32209
90 43482
52109 27816
48310 49669
48375 59598
49922 19049
54258 7343
67392 31196
6020 52551
74203 7849
45654 24968
44505 21841
45434 52929
29132 46568
24106 65375
34470 10383
12364 12705
41498 39287
1057 45033
25398 74149
1559 61867
43976 8287
72687 23395
24689 19652
54597 76508
15998 70112
43864 8640
47896 71613
67798 5698
37102 49895
70880 4269
36168 52355
25615 71639
8362 62022
50119 3240
28075 44792
39379 42031
19406 16208
29537 39419
6027 61836
8568 62304
76944 18900
27499 29549
13727 9726
18570 45657
24781 8251
14765 43344
74426 8164
11684 37190
19250 7329
22528 60306
25296 58272
33869 36409
45194 31605
44799 51492
43370 71122
62206 34423
57964 36459
38166 57614
6871 612
16010 33203
17291 39567
48817 2652
57130 18998
51519 69317
40621 10358
20551 22274
54270 53904
12882 33469
13743 59547
26072 20033
75691 42031
18409 53637
26620 58074
14802 30929
77129 28865
3154 69194
3281 73585
76811 13243
15891 46019
7666 75915
21135 53858
44268 56443
52773 44474
33362 72162
28158 41276
65727 69034
1883 22578
17055 72925
27064 17031
37829 57561
68789 75583
32395 14135
48964 13903
55375 74456
69535 73832
69828 56149
54560 41935
19751 1931
26101 19314
54806 32542
41125 22700
8982 8908
29938 66693
64575 869
21865 23645
59111 32548
2689 27293
39563 861
2845 36171
25647 26957
22100 75535
30754 32984
46126 46581
76491 76063
14379 36990
13406 36978
18660 29698
39274 54880
727 13971
63578 67490
60957 34525
39956 21208
15588 33163
42637 23785
65867 40761
21806 39252
29604 39319
35270 53675
76757 5966
16335 39364
38560 8181
46628 51937
32540 37656
32130 19736
62243 18229
70862 56526
55515 47877
7267 65485
1072 14090
35812 16316
10495 27601
2049 63828
72 7888
74570 3817
60857 179
26038 26182
58223 37347
14479 12617
50419 54876
21625 41359
41767 8445
31796 60808
53055 9352
54581 10071
30103 32442
37499 70207
43722 64217
56303 50966
61113 69947
66318 44726
47620 67252
13056 6928
22950 60900
37084 34501
31892 57105
38692 19977
15119 34238
73900 39835
15402 69495
39463 35581
41972 20455
2961 44968
74913 48865

