39962 2969
19790 2816
31194 23182
14267 13843
18863 11847
2030 35275
30338 13663
5741 17244
13640 3164
24499 21830
18715 22943
26108 28325
10711 10879
37695 23292
23053 86
17562 36995
31401 24005
30084 1180
29676 28330
27948 31714
16294 7301
36411 30365
20720 2987
5001 16078
24066 37934
26108 20633
4597 36899
16014 23956
22349 11117
34133 21416
1420 20340
36635 27863
12965 22709
9139 20522
24939 38767
13471 2021
36308 23712
33436 1453
26140 37703
17683 7986
19337 26381
29663 11781
19975 35677
29791 38991
37203 18148
22304 26628
28279 21997
32921 30548
13326 35561
10129 28521
8120 7454
16570 1556
8340 24167
33894 8279
24016 7093
33806 16797
35135 17496
37472 229
12543 29000
39348 10823
12443 15556
6355 19901
12855 12382
25608 18724
23122 2391
3975 22461
17350 211
35083 10108
16420 29733
16740 22504
34690 23768
23640 16991
1424 27992
18994 11996
8513 4244
32183 2833
13340 24446
7640 28787
36360 8172
37785 9562
32313 9480
8691 33791
21587 15070
8090 15108
9880 11327
10816 31508
5837 4267
27737 21519
28648 28121
28469 23274
32878 29903
17903 31105
8046 1043
20113 14025
12936 5086
12723 8914
27601 14195
12424 38043
31211 31990
7806 1964
7147 1016
1823 15816
2546 18017
7536 25674
23659 7074
39729 3186
39338 13918
35440 23046
2302 37398
38633 9147
35898 19085
6045 1649
23766 20648
24616 19735
39520 39563
30804 5385
15250 32544
36569 17685
7196 8348
7418 13236
12390 8193
13772 34647
37112 19775
28868 35986
38638 18242
17464 25828
35797 13089
38963 25803
32389 27365
25370 29629
4915 5374
21346 24797
21674 18592
4531 39005
30474 26196
36000 14091
16600 23215
20687 22
15131 30498
18960 17972
23891 15817
20707 27815
5870 22455
28137 20841
36133 11093
36173 28019
10148 13468
30005 33158
36663 12750
7992 34310
759 32035
10300 23624
16496 31501
28368 21533
24992 30737
36422 4407
4941 20270
17291 21941
17919 9761
33292 33940
28550 33438
18120 12640
9420 28800
22718 39286
3516 33640
5701 11772
23804 34220
4896 23273
4495 12083
27541 2363
30061 19704
9732 17811
33492 8895
38352 7546
36630 18292
32375 9772
5353 15906
27079 29887
13429 10993
4931 37496
21635 20339
32340 4072
2266 21457
21066 29307
35877 829
2197 28942
18594 12909
25591 4098
25664 21313
34149 39459
11812 15790
17004 32887
35870 20940
21427 39759
28087 16163
32079 13952
37567 35212
24061 26125
17739 27334
34884 8422
5589 34993
12261 5301
29561 13882
16658 27905
4160 35524
18876 29260
15100 31849
8722 36504
287 1442
22173 8471
12105 33691
34627 18681
39157 33327
7061 37403
38197 8030
16854 22074
3815 33656
10127 27744
37836 5836
17452 25147
32438 23051
24708 24925
38341 39565
28252 11741
22823 22058
35650 5718
23592 14921
36164 15473
22275 3387
31300 5597
12984 39522
25305 34076
23777 5289
23666 22720
8092 4787
7080 24211
2058 11992
17497 18509
29901 14638
11694 28319
25943 11063
24579 17582
28329 22699
37471 38375
28469 34342
22034 23825
24362 3849
27590 29944
17989 8619
23163 6563
4857 35551
8040 20582
34326 24359
16489 32884
30925 3031
29392 26545
39792 7922
35054 30925
31995 20243
15285 12888
23415 24836
35954 27160
3840 36206
25452 24947
21800 33313
4923 18419
31645 19163
29313 36545
14315 37355
16708 1967
22636 12796
3438 14848
20082 21700
11119 39356
15662 2001
11113 4115
22052 12107
3636 20727
11645 19925
23920 12297
30205 3213
29380 21035
36289 29751
39245 13279
5407 8381
18012 5726
31516 5584
17373 29008
24456 29538
23362 31222
26165 28243
302 38420
5584 9627
31391 27811
25654 334
2290 34325
19822 9443
4302 786
8027 23752
33717 27796
9219 15549
15829 663
14698 27306
20537 12543
20388 17704
10823 4438
3547 23106
28513 2853
8729 28867
26244 15861
29364 5319
35821 957
7158 4356
12551 8754
30244 31181
11779 25536
31243 12083
28991 13624
22726 32831
517 12429
23100 37093
39287 12965
2454 2919
19854 34398
35997 38982
36830 37522
19888 8727
9344 13607
14232 27669
6294 38028
38132 27098
14677 6965
30670 32987
2207 30224
15704 16222
23699 10418
33854 20580
17195 38791
26599 26997
12723 10909
5609 39359
37949 180
31617 16588
2007 32679
30354 34035
821 245
29503 7253
6214 10278
5363 34198
8571 32845
17700 26216
7652 4431
36893 7345
25223 1943
5685 9668
4713 13673
13359 4861
8636 15075
12567 14309
5286 27944
6900 12560
16130 19340
23473 13759
30690 35194
22107 4398
36925 27421
24118 13002
4108 27828
26178 26752
30903 3487
11896 2397
26765 21444
38064 8891
21610 19663
3057 16120
6647 39333
17180 33397
17889 33070
30153 33469
18842 22227
39834 39776
37506 24963
15628 16855
260 32126
29833 37436
3763 12117
35542 19854
32740 6699
23089 39410
27058 35409
1820 24850
25148 3030
19730 408
38874 7690
8025 26539
20913 25750
20571 20537
30275 5737
4381 29284
11986 27113
34681 7107
16700 1246
27117 27852
33473 23587
3824 14203
19660 2829
32382 1742
35520 6072
2478 8612
25493 22582
36098 34458
20378 8823
18779 6988
22481 39647
12426 9750
10338 21193
38514 29870
30267 30471
11985 9864
27330 13973
13186 37618
3668 13518
17886 11965
36859 6002
13625 32561
38232 2952
20287 19937
30452 24896
20216 14809
30629 3209
3675 28991
5313 12207
19400 23262
28406 15925
11792 810
14232 37821
17558 36981
25894 128
19474 16157
30675 31734
10110 27090
31256 19442
9781 19037
10707 36205
31004 3765
11621 30
24066 38973
2164 30242
39929 23415
15566 3665
34655 22006
39802 11153
9669 31633
4889 17141
37371 27101
25408 6771
29788 30980
12344 9522
16993 38232
13676 25831
28298 13250
39743 34637
13573 16284
4044 24898
16009 8822
36478 27499
36841 23121
34159 7896
27532 4119
33451 37494
19392 39635
33731 27111
33831 23522
26586 22176
17885 34356
9208 4865
11950 15674
3962 4421
2845 14487
20226 22455
427 20691
319 1761
35412 35782
14071 11663
8040 39322
24806 31382
11305 14188
2166 23625
7367 11989
17623 33574
13119 36736
11877 12693
32852 31959
31461 33042
3854 30938
26046 27802
36795 35405
30837 27585
20658 5991
23655 9671
37971 22913
4216 13354
37096 23095
10616 15777
28517 8548
160 15480
4475 33356
31537 14692
25760 31236
31591 34405
26151 28534
17277 18383
9050 28613
37033 20271
17400 21608
23365 11122
8789 9998
11618 2202
32978 33653
30604 17412
22832 37454
22057 16898
25838 3721
23994 37222
23603 38420
23705 18280
35680 19516
26918 17945
33823 30446
21910 20182
16691 14588
16178 28741
20405 33895
5971 3027
19475 18569
3695 30369
20352 37303
28684 5404
25278 33196
453 35601
12883 37381
28618 12220
33750 8361
12308 33766
37061 25594
11590 12612
4247 21168
4580 8625
22999 25594
2844 3932
17926 11752
1632 32685
25274 35413
8998 3324
32647 20958
20924 13527
22488 34280
11095 28332
32549 32320
31100 17332
28930 26082
9674 39155
18542 23891
32176 16619
21191 18602
32659 2852
26032 14796
2645 12703
24900 9049
20920 30302
11172 10844
38290 37029
23091 27375
30109 35998
18213 11228
32967 26273
14167 35196
37065 9591
12425 25813
35079 32342
34452 15
11796 16077
14463 31896
26073 4252
39596 12425
34976 24372
29271 28747
8747 4887
28917 20787
34678 14098
14625 19508
25080 13158
38921 21448
22519 4904
29013 15885
31004 1242
16564 20953
36721 36734
18357 12302
32179 23840
13929 12750
3013 8188
14334 33444
1913 31112
25092 9870
31042 5820
17024 5598
38853 10961
16110 23608
24158 30611
14080 27148
22700 23531
39595 1655
18601 4296
14014 39217
23408 38255
32186 27756
16902 9284
39739 14437
23848 1932
12210 36604
30163 23644
13415 17754
29063 31813
24976 14884
14863 14883
19962 4511
7904 31421
15802 3956
32311 18868
19235 24598
28832 37142
2164 9616
11604 27237
13494 37537
3874 7648
23744 28540
32735 2464
10488 37384
28995 15327
6438 13612
18303 22753
28677 8342
30118 28201
31848 20985
20174 18551
2555 25200
28266 29038
731 17505
1911 30382
32175 32491
14349 1398
18317 6212
7521 27990
10892 39804
24862 93
10613 2482
12713 5831
213 11657
19598 33932
30652 13618
8433 25102
409 31719
14237 37293
36145 27079
15104 34929
37417 13280
9189 2161
18037 21591
16594 11638
14890 2102
5076 36247
30307 13964
4909 15690
39457 29086
17377 6916
17092 12674
10073 38732
180 19185
28357 33748
19835 12682
11716 19848
16348 20478
20966 10736
1957 8374
27796 12743
32450 19611
2337 6151
39091 18942
333 22432
12529 20890
22050 37762
23207 7873
509 786
15534 28897
16903 2571
30755 217
36433 36684
13654 22433
18963 4243
38009 18650
29938 12683
25256 37307
27996 12809
34647 35373
7699 32905
12275 2292
27513 31908
5699 20029
26093 2834
26863 2078
29297 29624
3102 30957
38075 10494
811 8218
25575 25359
19547 39289
3888 23155
32240 19714
16423 39589
25020 27995
19400 1857
31820 16833
33168 19840
7102 25637
28323 8449
36328 32560
15792 16602
2684 17733
24288 4813
4210 18452
827 1639
31811 28469
36520 15239
17850 24729
19520 37241
35596 16431
16543 34671
19029 23534
19279 33588
21646 28650
30021 11876
26428 23855
22899 18328
37217 39753
39426 14307
15275 15036
2759 36867
571 25332
23292 16718
37588 1609
21786 32867
34448 35262
37532 38717
34040 28233
16802 39369
23367 20131
23687 36208
5341 32878
6127 37951
18549 24106
23726 25582
17367 17684
16002 32640
18502 3465
32608 10710
27565 22640
15363 22036
7598 12432
38328 22679
8869 29814
16115 23477
32754 38499
37919 38875
25408 5350
7745 2953
12464 14088
29700 14548
17903 27844
195 25588
17103 25688
30227 28028
11233 39826
13886 24628
27642 32020
39074 21192
39940 26182
29168 17921
27374 35918
1831 34022
23419 27739
34246 5985
25598 464
30204 28346
11896 282
27767 12809
30350 36622
16873 12695
12234 6693
12374 33240
36674 34885
5034 31656
33058 2149
35652 9905
4654 33092
20584 7389
29320 9725
22952 430
26287 84
705 13738
1602 5767
5089 5815
17794 24387
5577 32056
28314 16217
33089 39670
3983 34586
21734 766
27187 19179
12677 25814
16900 8489
3636 19724
20912 22386
28617 30627
2718 17958
9157 7949
7474 11713
28585 29628
20324 24287
25591 27414
22910 30090
16924 37484
32853 26863
15806 32575
23045 19023
37566 23429
29449 26175
34081 14153
5890 18902
32351 22909
36655 38146
455 36644
29493 35257
10030 32167
28518 24884
7042 949
20800 4775
23310 25486
3173 18888
26921 22155
16152 35548
38775 21524
1813 7950
37113 31647
20389 25440
14629 29916
10416 15843
37577 19587
22152 13679
386 34005
26770 33133
29424 16705
1407 32602
23250 2845
32959 5013
17782 38920
3537 36733
26670 35117
32717 31903
22047 23955
27267 30268
2773 4028
36050 20113
3671 29350
6187 32348
13370 10679
17754 21595
23484 16459
24976 12835
23811 1807
34031 21340
28242 29279
8404 21171
22468 9611
11765 20963
38246 23487
3250 3319
22203 37686
12172 30628
15704 28990
25339 39611
15148 38306
39178 463
33232 7601
14586 9263
24915 24645
23851 32588
25105 29730
11397 15441
30266 33333
20674 38511
10094 17131
25605 22059
5843 21296
34421 23717
25710 17502
20461 34431
9806 5967
32281 28474
10696 8833
10920 325
7699 8271
36147 27090
15110 14228
6715 16243
4668 38304
34625 21911
10175 11727
27950 33815
30681 6379
18882 26688
30957 6283
19838 8037
21723 12630
18905 38457
15873 9793
16462 14129
14100 25561
16592 16719
2133 37134
23011 27520
16181 16590
15044 3903
16857 36206
2501 23831
37929 26394
23423 23794
34595 34469
5011 8441
36867 5170
9418 12808
36023 31089
30735 35258
14270 32775
10970 12204
11665 32880
3297 28725
9085 441
15898 4494
29444 18492
449 5511
15419 4639
16685 25024
32577 33324
13845 34617
8415 6245
23631 6826
28647 14392
23347 28615
9163 14360
19288 23188
23868 39312
8228 19744
14780 24659
9240 3209
12184 3616
31237 37841
14981 8699
23035 6428
29264 17743
9694 17788
32483 6340
34811 16952
14948 6078
24758 5031
6626 30412
13397 29215
5745 12349
24319 4166
7536 1028
37775 26987
435 39619
1386 11734
28335 20025
17844 14932
28560 20372
17157 27700
4163 16430
13251 33972
12866 15471
32749 25945
8907 16218
31327 4787
26027 8918
13787 33951
24349 8745
30861 25898
31549 37001
31570 38781
26795 31686
37765 38354
6708 23548
10790 28321
33588 6076
33827 38895
32711 29566
7296 12055
33318 36165
10350 3288
35505 7848
31232 14735
6508 5294
39503 20089
39199 26359
13264 16540
31680 11075
6538 24161
32172 7336
24220 15662
1498 15600
13363 3458
1042 10710
4281 27924
29465 13257
6937 27815
313 34135
18590 30275
9649 16953
11628 7589
32182 18905
30020 24212
10158 2866
20939 36171
15862 30166
4940 5639
23705 9739
21902 27996
13873 19780
6727 18556
23866 23922
9759 27069
11629 22982
25595 39638
4335 2941
24554 39342
2526 1116
25623 36438
1847 32169
12986 39549
14091 6123
12098 4743
26173 4416
36807 140
6975 3695
4797 12770
21122 9697
1388 29296
32591 11582
30975 20540
26247 23177
30106 4141
2954 17893
35659 1215
13423 12201
11215 2674
10406 23330
19499 12428
1575 3086
13253 5639
18189 38580
38187 25357
26627 28049
22715 19486
30338 24656
37925 38683
25255 10126
28921 18102
38218 7265
14123 39237
6282 21830
11932 9117
28275 320
16477 28209
24560 5548
11446 30054
37283 25337
28864 30176
27142 17208
37200 37088
10332 26427
38724 39158
38971 9610
21099 21475
35444 28853
4658 23815
14892 1553
32407 4460
30264 15150
32845 24056
4784 133
8122 10150
24804 10316
4348 2949
32152 14235
31944 34091
29627 15123
33147 10213
19695 32917
18744 27182
16230 14314
37960 17865
1837 32496
36672 32479
25124 35007
21343 31612
26489 16284
13245 19095
39818 20225
4476 23672
20062 27993
14693 10854
33420 15224
30907 32531
16593 1542
31204 28702
3579 25906
9079 27169
26601 18681
18482 16313
31697 27173
31956 22149
38196 6598
31250 19134
31020 16314
36163 14679
7000 34379
31852 9525
852 32114
39377 24889
13905 37054
22393 16428
9790 27000
2463 13952
19671 16708
31455 38527
28532 7555
32168 16183
18995 29522
23471 11852
23155 20134
23850 39206
37245 34870
9377 1054
5488 17321
19037 2692
14877 16955
19089 25779
3081 18696
7980 14486
36963 22697
17820 27425
7520 92
25736 6839
12345 35417
4335 30741
30520 6205
14128 20745
14579 17383
28506 19144
7450 31295
26918 32630
13549 7711
36774 28581
23181 27074
3178 2162
2557 37241
17 39813
37264 27541
17790 32664
30256 26782
30644 3738
21667 13762
15848 1299
32297 19953
4065 18843
6943 2043
14095 6279
8454 4439
21683 31004
29767 10411
18812 24809
28000 21235
26360 2658
2034 4784
5419 39951
1399 31334
18139 35971
14223 32250
25699 24726
8337 592
32948 27354
17060 1677
12915 28492
4941 21487
38462 23268
30356 30553
28404 8263
2996 13502
13548 2475
38309 9848
3727 1414
29600 18497
38689 36672
36586 14070
2730 36099
38243 11974
7663 31802
36334 18464
7860 8107
7220 18629
7083 29506
321 38516
28094 34236
38524 10797
4456 33730
7930 9636
15928 18130
4628 10567
22705 29808
5052 39762
21487 38281
30608 27447
21429 21981
12291 12166
1597 30657
10480 29745
23149 18035
34370 26271
21231 3014
5524 5871
26302 16895
6978 17676
8946 31831
31483 30456
24554 32873
29450 29003
22011 27971
35309 8327
38608 15118
18604 22141
1293 453
36939 22343
23970 36650
19828 14830
14733 10763
2259 31508
4594 18661
18902 16061
12945 12524
8406 21098
16045 1924
28304 13499
20516 7704
14182 33636
3999 12184
9285 27073
28991 27526
24287 17868
30781 8140
26678 2786
7695 10096
25393 6709
30633 15215
23173 15638
25368 3009
37526 1966
13922 19272
31054 1244
8632 29933
23675 7662
27902 24751
36598 21389
22324 15877
18626 35876
20033 39384
30010 1576
1901 26443
16838 17258
32039 26198
15243 19594
11386 16071
758 38708
37394 10827
10423 30778
5132 22864
29981 16578
10881 10193
37238 37906
13403 18684
12761 18314
17496 23795
16084 24230
39429 13903
13060 7993
22185 38514
14915 33648
17866 19276
26347 38212
38177 33086
32359 13986
17338 38490
9648 11947
26182 24409
1984 22025
14507 12476
8179 11390
35726 5078
474 13177
20994 27878
36414 31084
7979 35244
8445 13580
16959 36894
36684 1668
26514 35886
37796 8111
29079 33636
38657 29988
30870 6136
1364 19283
9626 30367
14194 32553
22921 16230
27557 29891
24363 28555
15759 38007
37668 38900
9112 7865
5715 17275
34626 8156
38413 22200
18684 25376
14231 37400
21856 14795
19816 35961
11170 37082
21873 8697
20160 4396
38132 5190
33941 22318
8829 33935
25825 3072
18252 33711
14943 16667
25223 26272
26964 8894
35221 1024
18696 17923
5084 6603
7133 39608
11103 17816
1026 19651
32066 37931
31959 37805
4143 12667
4796 16115
2019 36085
13810 9356
26436 20379
6278 103
12564 10906
30632 1868
22530 10701
2190 24154
36036 31945
25008 15622
39795 15648
21972 2825
36941 9393
5428 37647
34057 32269
4882 30798
9240 23869
36910 1561
5770 38399
12364 19633
26829 11535
4801 16171
32927 25256
34216 8355
13192 8152
26107 12862
6454 33060
4293 36446
510 5519
24745 30187
33925 33174
22044 24025
17736 1993
22513 1958
4535 3750
30419 8791
32204 8538
36305 2133
14252 4610
26273 29225
21590 21725
5898 10332
15873 10292
34350 36965
26185 23110
28926 34794
32465 9109
14579 30381
32095 28903
2361 29503
38053 29552
1216 20439
3885 31115
5124 19992
37797 5540
39230 1372
1699 39103
17382 14569
36409 6777
10717 16687
18122 11984
38469 7546
19252 14689
8359 39795
9100 3549
35114 10277
24433 8587
26158 6217
10057 32712
32267 32025
20115 36642
10554 8937
10483 1823
12128 4628
36713 32155
21841 11233
8007 8202
3489 25350
10493 18268
7442 38789
29636 708
3396 35330
6021 24537
12864 697
1032 11183
19369 5388
1029 9600
10813 6200
34882 28707
32930 15493
18770 17631
38864 31061
9298 19985
8117 2188
27423 16851
34258 39316
46 19639
21182 13518
29431 35329
2738 14986
26354 30457
14447 35808
6610 8429
26620 31659
32692 26403
13238 13977
26198 37528
34928 29204
34040 32448
14046 32989
27298 7816
31588 24138
8385 29185
29053 14594
16284 38374
11809 23026
6581 14643
1804 36751
18744 17470
10825 37413
2790 12121
2348 29824
20245 39335
30505 3470
15888 37183
9795 34917
8469 32045
25048 24162
36492 14205
25571 19507
18971 17899
8617 25118
11251 3491
32815 31182
22247 30973
27174 14933
38379 4465
31742 28230
9781 21893
15206 39112
2661 27143
36445 13985
24012 21887
25985 27081
15449 23643
4162 335
28132 22225
7539 18645
15380 20431
22453 36568
36233 27284
25197 16390
22499 12103
2271 12328
39194 5823
30832 3963
24353 6351
553 9193
38882 36590
3313 28618
8094 14473
27276 26068
25450 38792
6283 24095
3335 18205
18575 16111
8092 30764
3879 6111
13806 14051
589 21920
6653 5469
2372 23347
15016 39459
33792 20565
518 35631
35363 21664
2277 27130
30586 2630
28255 5047
19075 17192
9903 8318
31009 12383
12641 16470
27182 33357
37593 10542
25942 24221
26017 16816
26365 26273
20616 20370
35804 22955
28903 2580
33411 5538
7371 34135
15414 24435
23526 37115
14212 4363
17897 3084
25748 17795
21270 22327
32078 35349
31107 22466
28108 15033
6996 18881
5968 10339
39781 16721
19785 21911
29482 27668
22939 15074
14667 20749
25270 29955
9016 22588
6847 2844
2037 28860
20488 18657
32614 32183
6978 34675
37831 38082
20270 28377
11311 21911
24285 21603
25927 32296
17158 8729
7703 10498
3331 19249
12249 29549
32910 35973
22798 20997
5753 33431
39532 681
13431 20106
2592 13024
22286 34148
33532 27919
35609 36734
30783 24978
11450 23050
7030 15100
3519 8575
3904 28128
8113 35220
38172 939
36271 17721
28485 38014
8474 31406
29602 36313
22463 13931
24056 32230
27006 39887
30599 2387
12220 16816
11096 18329
20440 17775
28760 10370
28599 27943
6402 29918
29173 2057
14245 29907
12231 39313
8689 12942
34902 6261
23632 19601
16573 30719
17655 30458
32528 23875
3211 12866
37331 18645
16475 34205
13950 26691
4251 7949
9223 30110
34925 20622
20183 24656
12295 32243
24453 39751
38201 39820
22541 12021
11662 27757
39737 13491
35295 36407
29195 1937
31817 33555
38413 14484
11629 5214
36488 2685
33123 5074
39699 3027
8862 13336
33829 35824
18095 16478
30048 311
37428 23659
9328 36669
8315 8099
29041 20982
5296 32916
10113 16330
1602 9157
26406 38034
29331 33998
16859 25168
27962 17133
8413 1351
20408 32479
7192 6521
2575 31620
34058 634
28530 37661
37923 17752
9956 14173
35640 27262
3575 30688
20215 39110
21791 23700
39863 10840
190 37857
32253 3245
17963 6765
15064 31764
19365 38036
20245 34708
9411 30673
9847 10824
21545 28253
24369 30172
5231 22592
12215 2175
12532 15437
33047 11858
39097 39566
31111 14459
3121 18295
9436 29799
11154 5613
26951 23029
37722 6219
1507 20358
37790 6582
9477 2366
31389 9155
11274 5385
15713 39506
22063 6608
35196 5507
20365 10658
23240 39604
10287 32041
22796 31750
4068 22317
22730 8356
11018 38792
13477 36381
9921 22386
39315 26296
5987 18122
16226 35682
16821 2500
7726 36332
3529 28311
10860 36225
8567 7406
20617 13740
17450 11747
30483 36451
374 6895
18080 9290
35287 3716
39872 17969
38099 27730
33044 16417
29074 19815
28518 12278
35800 27735
16106 10632
3545 8140
10358 3705
26024 2128
15323 35361
1191 16049
19880 17158
25519 11117
30320 38909
39095 2592
27931 2883
12206 22087
9355 7987
5929 258
8542 39784
39505 37401
29854 9165
30600 467
32138 6115
28847 39141
32111 38735
15638 6892
16860 28891
39658 29128
36721 37211
39431 17300
39698 10856
18592 4576
32082 28585
12970 38670
17935 10462
31037 3595
21126 20954
10410 467
38230 729
18553 34683
17839 24345
39322 29300
34629 26588
27807 22981
7037 16736
6194 11909
18662 475
10199 38419
17890 8855
46 34145
9746 25004
11358 29402
39650 18548
9126 10621
23654 38006
26959 23674
28769 27270
10046 6197
13737 23651
23147 23308
8636 25926
12991 39488
25816 38005
24801 39753
32215 29500
39868 34204
23657 33852
14151 13024
18641 25648
3078 33245
257 19811
32777 22415
3745 23845
21458 15513
1727 23338
37964 11847
37851 4093
24188 950
28848 26259
22989 7536
7936 30510
18033 5613
39617 23223
34585 13434
6515 23843
28287 3151
6840 26937
33742 15374
36958 21344
25859 30624
8909 32742
35651 12447
28009 5952
18425 27987
38192 20951
3271 39767
3374 28934
35838 753
3962 37586
20837 38970
39718 31878
23548 2022
31521 7454
33131 7263
2676 32504
28575 212
37786 29982
1058 13128
16753 1815
20316 36531
16991 26304
37080 30759
28449 26639
21323 37933
11742 28335
8193 25490
18763 10576
15147 34586
29278 5180
3820 1522
23090 15179
22374 1503
29937 38213
35738 13246
77 910
23682 3391
16274 31623
30260 16617
2660 25892
1988 37248
10059 37324
30735 6787
12957 10968
6841 35402
39356 7186
39144 4414
26292 24490
1691 7721
38906 36262
2603 29414
33098 768
23623 18100
8240 552
3475 5931
8804 2580
29620 38105
5131 6085
16232 26679
32481 31424
37646 11792
782 9041
5195 22056
2858 38536
38556 33790
21967 1995
752 20395
22115 28582
30654 13371
26622 11016
1757 34439
167 34379
3704 30721
38871 14590
28304 2448
21897 28359
21067 10082
6233 6448
29445 14925
10001 24829
34956 18412
33908 20621
2942 3193
5260 13117
18844 32740
38645 5503
32437 31623
7400 19019
36098 14940
25777 34759
29478 34062
17002 1727
37756 22868
30811 11346
35407 18469
23104 30236
19761 38046
25397 36689
29344 2985
36448 26578
34152 35777
38512 4457
16105 17776
27335 5681
34974 18852
25232 26944
3261 5547
12905 39140
11069 10008
9154 38412
29279 38403
20777 14197
29763 26624
5747 20042
11935 21270
37641 15050
32652 26951
24518 24949
15712 2955
4138 34494
17722 28862
16172 12065
6305 36521
2604 17970
34255 34943
27491 36939
21657 13056
11588 7347
10443 34055
5788 20052
7833 26583
10130 23207
6284 30576
28624 29998
7769 7579
10883 30391
37210 25830
6216 5451
9785 2420
6924 29072
27071 31662
5666 27121
14662 11368
36113 155
22338 39324
36380 31352
32887 29720
27694 5488
631 38911
8986 35399
23489 4782
4982 4653
27058 32073
32821 10032
36021 10136
1132 32139
20018 8501
7577 24010
37911 12263
10706 1688
15626 25645
2943 6274
32527 7721
23806 19886
38284 2453
15516 36884
29012 32451
9232 21432
8140 23943
20344 9610
39017 10037
20459 17899
18162 37899
3941 11797
33057 29614
14433 12047
31218 12634
17270 1365
3733 21338
6686 2317
33796 31759
29435 16805
32745 37606
24574 402
4036 24902
8182 18877
33964 29128
1966 16886
15100 36309
34504 29221
35717 7343
8660 13519
31506 18226
9099 4521
30536 34498
28988 38981
24801 33634
14481 39534
14210 33707
9563 31902
32542 11618
28891 4030
387 10046
8480 3645
16587 5630
39730 26430
33925 36725
38539 11966
9003 12173
11950 37315
14081 14201
3922 14011
34439 5046
2950 13735
1552 10578
16211 4826
38963 18193
17171 28927
13407 38464
20902 38344
27500 19054
28440 199
32491 32863
34308 33200
19347 39819
25235 21336
478 24550
5835 64
10535 2735
35469 22157
24427 4767
24997 29766
19906 2958
33519 16946
18417 4867
20428 2625
37683 13944
6068 28452
16449 2231
4633 15577
25898 17829
37886 23428
23088 29925
20488 32446
4922 31666
32712 13475
23695 15327
11047 32801
33387 1227
26914 1709
20294 30136
21701 3019
8486 39896
26038 23623
12397 13817
17226 1406
15046 34872
33728 13799
3347 11025
24135 12974
27337 3325
25078 22497
809 9207
19484 35636
33563 27323
17114 16742
1754 15393
8897 39206
19386 24218
34205 10202
30787 19818
26824 13950
18885 9792
32782 38659
37369 15078
32729 10243
24202 2159
13115 31601
28384 32274
8912 21142
33083 10628
18316 23528
25319 14315
7845 2692
29459 25737
2911 2780
6051 31206
19077 320
12583 13139
24575 2413
8606 2152
17113 26473
25890 37966
12886 902
13400 35912
10265 7946
26860 22782
13929 32994
2051 2537
15332 38072
15905 37705
18295 671
10329 30970
12445 22106
6482 24459
34037 4187
12534 28450
38937 36537
6931 22256
32937 17497
26429 29999
38046 20379
12313 35392
7423 24933
8741 31630
18549 37218
13309 22296
29268 4082
20011 29630
1451 16657
20117 18011
39014 34541
6733 24342
703 17666
25278 22963
19156 7244
35463 4940
33165 16048
9171 7127
8593 32405
13410 11352
33475 5099
7402 28378
14223 15024
17717 33016
5356 6755
13880 26290
10481 39303
8252 29982
5426 22391
1280 9726
36383 24278
21952 12138
5255 28925
29774 29037
38725 38617
28796 24480
29299 24463
20363 19887
1801 29319
20631 4209
12916 13073
7225 18515
11655 5455
33096 29624
506 505
20714 6458
29296 15677
4511 34779
10637 27694
9433 28158
32804 29223
31184 14762
24389 14290
9057 5541
8931 25961
8056 13869
29379 14256
36832 14548
31083 13138
16503 4253
20538 22978
3903 21575
22035 773
39676 644
29094 12811
35940 38961
16356 21352
7907 36111
20208 25174
5177 7111
1342 15801
28212 36371
24245 18604
29373 31070
35249 19752
9004 28287
22154 11697
14496 26391
11241 19972
32609 3886
5785 14434
24273 4787
19357 2937
56 21866
32506 23392
8381 21370
8359 9008
2644 22266
32973 32806
950 15403
14511 30055
16031 3373
7704 1730
3934 34987
37498 2492
32909 6748
1423 22304
12143 14388
13432 14340
17748 12964
8146 6541
16112 17706
29755 24812
9534 29512
6285 30306
9844 541
837 5704
34563 1581
24758 15166
15214 15429
17380 2710
23297 9329
5886 39196
15162 1095
24395 6074
39484 16234
30731 27580
16075 2224
25614 27021
1059 35065
34555 12235
10244 489
9815 35509
29445 24749
5200 23448
6007 1965
33991 758
3255 35614
13382 17241
27619 12254
26379 34709
19013 16449
24367 36168
38838 13591
600 18169
29889 24766
21956 5672
21356 21743
17272 15289
2663 31924
21597 21015
28860 8760
32373 32364
530 16011
36664 18471
14310 25975
30904 36645
5672 36368
22046 36418
30165 39689
19504 6715
2944 31650
34780 18867
23013 36127
25928 3488
3199 28493
11533 16260
938 30214
30322 3343
16388 29879
36511 12227
22023 7918
22185 23143
30720 33940
22176 9817
8756 7106
21070 17305
1621 4054
11060 29518
9702 28941
18986 6007
22190 977
13890 31257
25557 16799
21457 29356
31381 6337
20057 30210
29232 35742
22303 25885
18028 29056
22154 2902
23151 26360
34755 1754
7305 21999
20099 32952
18756 34978
3519 37721
5939 39174
23059 25081
728 19620
38611 25468
15266 30611
29487 7335
5558 7928
26529 2414
38551 6089
28033 37754
7930 18646
34859 39525
6774 3008
25695 23571
35588 5260
28769 904
28631 34856
20569 34154
22688 449
5421 28869
12183 11142
26636 23715
2075 38510
16987 30952
15581 37654
3786 9818
21180 28422
4264 21902
17343 13474
18202 33206
14331 2346
16103 5421
19443 28688
15013 18101
25099 33725
14262 8631
13785 24135
18064 2275
6652 35682
23597 31908
33475 30916
35465 28206
16490 14088
26665 32759
34294 13837
20008 27190
12796 5870
7410 19001
8788 4918
17961 11164
2795 37150
25379 25233
26298 15740
34351 10435
30739 33692
21809 1769
38920 33411
6894 36908
12934 4113
7982 998
35130 36065
27065 39038
9508 18341
33031 29334
6471 26337
14513 10994
8450 9999
37994 13625
16354 16500
38743 19225
27732 34742
30408 34989
34851 21194
20946 31615
31916 25302
19520 35858
15404 30651
31216 13736
16757 22631
9351 2263
30661 35291
22729 8577
33013 30044
26378 24228
37781 23136
28130 6271
12067 15351
18178 18754
19300 19761
12396 7713
8549 714
13278 21427
32902 32693
13700 3629
23797 35478
21688 7234
9443 16382
8484 6591
8832 25390
17805 33789
12282 37009
18108 6765
27743 26920
13139 5138
6905 3013
8928 16732
35449 453
8428 11570
29752 26560
2589 935
11008 31788
16374 37401
17952 29908
16493 2038
29161 837
21302 16710
22592 34334
7447 14034
20723 12487
19151 8391
5032 25268
9584 6950
2731 27936
18502 34777
25857 11414
35172 18610
17353 10745
8732 27989
32186 35239
25032 20047
10675 24300
8477 31182
4394 30465
9171 33814
39306 39299
12555 12041
33967 6090
18139 2650
15477 37950
6511 27015
32547 9330
10976 25316
26611 7536
23239 22489
13189 26327
13251 17608
35200 20672
6063 27004
6068 17405
15884 25886
25189 12280
6912 1322
15173 14619
39892 14527
39354 13689
36055 30841
27722 13875
7357 27192
6911 8532
2174 6159
10410 31972
11883 27166
14226 15455
39035 4783
17527 10129
31368 24124
3592 25217
34952 7221
375 7911
20753 28944
37423 12957
1518 18542
15554 21787
27589 37446
17387 4986
12933 6843
13670 26878
36277 1655
24143 8010
4412 23005
8876 6938
29229 25434
6075 37464
22860 18246
37580 9355
1956 26473
7144 18165
5833 15830
27113 1092
34465 8837
6671 27286
18387 7437
31028 35967
33018 12697
34490 6880
13643 23226
1922 20594
35187 27782
7343 33313
2596 21033
34240 38296
35805 28469
25472 26177
17093 8803
17401 8919
21582 19247
7096 34604
9251 26714
27172 8209
17069 12646
17431 23356
11262 24329
1075 34694
19076 6993
33997 20983
37138 15668
7321 6471
9617 8383
8275 29064
29713 31653
26370 17011
11839 15221
901 512
9873 14495
14933 15423
33291 32462
7443 30488
19278 6309
34403 27268
20864 17367
38986 21626
39853 30516
20179 19515
3959 26811
2110 15410
17285 27825
18230 25523
25807 6374
14419 13602
38989 35142
29086 23395
4064 33279
19445 20687
34386 30720
39081 21490
1754 29074
8904 8603
6638 15430
26991 827
10312 28514
24830 2901
16252 7009
1771 9012
8123 37696
14361 28829
33353 25360
16918 14826
16090 17304
37876 8067
9209 22421
5465 34088
8703 34484
9217 34934
34196 30860
23541 26568
22786 39610
21997 20202
37273 6950
27278 10661
3663 22216
28239 37351
36407 37051
2814 10750
39069 30798
12213 26527
28623 22595
1464 18515
17435 6957
440 37785
13780 10510
21911 38107
11229 34615
33300 20901
21039 34242
39465 14524
30880 32508
25578 2219
7874 11862
2398 32684
19500 37116
24520 38120
11196 15455
36402 23587
2982 12032
31054 28379
27788 33291
34117 25625
32194 15556
33918 23021
16909 10940
21268 1087
17903 35592
5288 31106
32050 33155
12177 36875
17727 30640
36460 36890
30142 36492
28914 1810
20906 33424
22752 23796
35338 32734
26862 20149
12164 19265
7925 38079
12022 13030
32435 39274
20135 28564
1699 10968
38278 20460
19362 12169
32117 32548
3054 15560
4986 19707
15925 8940
5749 16840
15138 5183
3739 17091
24328 17668
31185 29226
30226 13428
9912 28102
38898 11658
12770 22764
34652 17516
2812 18134
904 15135
18378 25775
29938 39793
35858 15484
782 23660
21034 32805
173 34578
3708 22249
3419 13973
17867 39937
33022 26395
6320 31716
2689 15970
36491 874
29699 8550
8168 16207
20916 10303
23747 23930
23713 26003
38332 7612
17372 27019
26790 32946
15044 19641
37946 14486
571 36960
19313 8619
26340 23297
26795 24515
33508 37786
28744 20758
22710 3229
33590 1309
276 16488
11579 16880
5263 24399
26547 20514
20225 5853
11883 7757
15767 35289
28952 19331
28670 11768
1540 35896
9015 35947
1907 25481
20255 30312
11504 14527
21508 22879
33784 3547
12824 3886
35569 23328
17982 21973
10886 2405
12652 7157
11904 22310
14348 29341
29547 29424
26312 34732
10636 2001
5369 27921
13153 21817
10470 12060
34594 30827
38497 3841
36933 20723
32240 37604
34564 7944
34717 18474
32225 19954
39167 34180
28959 10945
13413 24144
4503 21655
11925 14232
35839 3159
13168 5208
23632 13322
23203 29912
2459 34193
15956 27361
38840 11684
18976 23297
22795 33501
17189 22314
7699 9567
38669 13788
21620 23857
3810 20501
11415 19270
25227 25102
28005 17520
25974 1502
8063 27785
16573 9658
20630 10057
28051 32274
5936 38891
20492 37413
11577 25949
25999 30987
17341 37350
35346 21319
5484 31676
32535 3240
39464 16889
16680 3489
26765 22532
27959 25896
6962 4476
26507 23814
23339 510
19126 9892
12493 17555
38276 25848
27855 26741
20408 12465
28523 14225
3568 35768
33068 27273
24398 37534
20142 21879
38874 15073
35763 27241
18383 31023
3786 649
6621 38827
34933 37602
26156 1900
38033 35367
31290 24505
7919 7602
34873 17549
12841 25778
34435 9855
24079 15344
12925 30058
38613 13167
6761 21316
12353 12225
15857 26555
16407 4476
24562 36631
19015 10855
22029 20074
21385 30360
9154 5786
27412 13582
31584 12650
13978 39303
21041 10399
17111 17509
21742 25493
22181 38781
36105 20911
33522 37399
27047 16458
31973 18352
19444 26924
23858 23719
13101 12203
31990 38592
37125 11061
6020 21433
38188 21812
25319 5698
18680 21689
14356 20946
19144 3393
9972 3385
39841 27410
9738 6336
5368 27434
19960 4968
32137 31557
38778 25555
13371 20551
19160 19702
7178 28257
38552 34139
11037 27014
6509 18219
18872 12361
37286 30118
34485 28299
10178 15912
1577 789
7801 33754
22940 229
39528 5343
35927 12400
12381 30959
23923 16241
9856 32113
29693 37479
22659 3859
14105 37026
3517 32409
13519 13776
11012 7220
21952 16340
511 35145
14410 249
38357 37697
9800 7451
26828 7122
9005 14270
34683 8806
34846 9178
24094 26941
13418 13995
10362 658
36526 5790
12900 30513
11303 19791
31003 34610
6780 8222
9670 16502
20049 28444
23263 26231
26388 34972
34309 37733
36412 17144
7078 23722
33026 31030
32063 28588
26908 14936
16192 38018
2632 28057
25961 28568
2717 26295
5034 711
36417 22857
10364 4123
365 36645
15374 13744
23318 22267
9099 22958
27429 9539
2365 8501
14934 36863
16060 19935
14131 1570
34583 22781
5760 36250
30991 12396
16018 8009
2053 3512
13310 15606
36602 23963
13965 39746
1086 25308
27777 28688
19541 15218
5366 7959
13184 30141
2865 10602
18588 30613
3289 14456
17428 7240
16356 37316
3006 253
3498 5819
25191 10498
38465 16575
3434 4751
9449 12845
34794 9652
37614 31343
17796 32518
14422 36399
1224 39214
33431 8173
24894 1357
21532 15829
2933 20455
37084 33886
18518 37872
37815 34859
35206 28664
18311 5988
8676 9776
12497 4040
18964 1974
39723 10016
13606 4736
31327 32100
12909 19031
35808 15299
15772 18992
38749 5200
25520 31705
2727 39805
33538 26442
16767 418
16765 13963
11822 2037
4017 9250
33073 5208
30426 8551
21322 1996
33413 10497
5464 29152
32728 38767
26310 36030
36214 22375
36608 36149
27220 35205
30848 6065
12500 24991
22122 21004
16199 3645
38122 19452
13500 12948
32783 15662

