44504 4344
11260 27115
24865 10840
6263 40244
36891 6529
8601 6052
15498 7209
23589 21035
37447 18761
37704 42360
34809 2968
16658 488
21372 3057
24152 18488
18372 32254
14715 33223
2740 35816
42534 24135
43588 34429
10735 22576
19167 15641
43800 17050
44429 33962
6810 38957
435 24104
22941 31552
39799 28188
6549 22786
41706 4921
23873 20012
25088 10481
34564 11395
41090 3340
43949 2248
3813 13634
25578 9033
4435 42090
18435 37419
10999 38199
29065 27660
13959 21352
24940 16589
8001 13649
11752 29397
14538 28198
32173 19538
26365 39133
2410 7429
15515 19024
18402 30188
223 11165
17282 35261
43998 15057
33485 30505
43492 19535
28931 40119
12944 3703
6604 4678
16585 889
32795 19069
9648 18269
6167 2053
764 16709
20974 31891
8733 21267
22526 2914
22649 31241
42830 9509
26543 37800
33191 30000
16779 13479
5919 23270
17780 41517
1497 9389
25932 11079
13404 37286
15865 29094
8892 41676
43851 42894
1802 27143
28638 10302
12637 6359
33322 33079
25221 43826
11259 4137
24949 23440
38043 39565
34006 1323
3669 25122
32457 18785
23558 27188
41413 27248
38956 26434
17298 39383
6788 5675
1393 21467
3662 30632
13970 42019
13972 31183
35194 26334
33773 7207
14629 23905
3053 21628
21777 24644
32114 16469
15106 36890
27310 1732
5536 1409
44284 39864
28696 17683
11135 10342
15710 36776
8095 10227
37316 32676
18721 36864
5230 2385
2516 34340
43768 26478
9371 16698
14843 24358
36926 43601
19035 26788
11183 43752
30837 37513
27836 5081
3398 31955
35498 43045
9487 6292
8809 37719
42730 14587
43931 30413
36934 15168
14168 27194
5391 13486
38675 22865
30288 39293
7136 99
32011 21192
32492 36283
2819 19223
6955 20961
15746 7134
34855 9583
22846 19582
27134 12329
32233 17040
32153 16931
38497 40507
13099 42562
8932 35058
22798 7267
27691 9021
23846 2434
25518 22046
1162 8751
12045 862
8335 1447
25954 31244
34780 14140
3697 328
34440 16781
32703 7168
5201 9281
22934 44433
6298 21343
36510 8209
15768 33437
41933 13273
11668 38446
7278 7070
29117 13938
2437 7349
29550 15483
40982 43001
22519 43516
267 42437
22076 32509
39376 42030
37806 43111
44152 23340
8237 43104
3423 27716
27211 44462
33175 2669
2274 28790
28367 17992
27090 9941
17684 18885
44425 37764
28866 43488
25706 23306
23650 2536
37079 25340
5209 43377
3967 5450
10264 4217
9678 31477
20547 37010
5028 30241
30960 10104
28724 15296
17443 19618
13008 514
34025 19697
1536 27405
4150 12890
31231 41643
11439 37511
4556 37192
14741 32150
28564 23911
24561 44128
37416 4730
5199 29750
26993 37041
39415 39109
3771 3036
24490 4440
3513 22217
27266 22418
15139 1342
27944 26417
39660 25178
31948 25263
33603 42720
7522 36719
15206 28313
175 29126
37586 11184
7394 11315
2217 29810
23128 11593
26233 29072
27291 25485
27828 11460
30408 5812
17289 36161
5186 5845
4924 8060
28363 31217
33368 28071
1318 27159
41318 39643
34809 20838
22978 7309
26557 20421
39920 42111
20304 32692
18480 34494
8640 9477
26979 26008
15860 21761
30851 11378
41866 32686
15874 7695
36724 32974
32996 1897
35314 3419
27071 28900
40953 33399
13903 17328
38171 44245
37117 2317
7666 24848
29328 20878
31741 4387
17281 8399
10328 42279
7633 16040
12313 12280
16362 15219
24709 3859
30918 9683
32658 15758
27341 30832
18524 30637
41876 31689
19696 27560
28439 4946
25597 26098
6217 5924
13359 19421
15405 284
10253 40823
29699 37939
35309 34724
21796 40708
10162 1715
21174 20245
3990 20964
5434 11405
7809 1978
3312 9157
25644 12331
22388 30497
13357 7073
28192 29362
25556 29071
21495 16773
24212 27346
17656 2310
8044 9837
35283 25137
37764 16020
22790 20448
26543 8458
3782 25895
25702 21317
40000 42498
36827 21443
15882 31067
30953 20564
21746 28814
34776 17492
6534 19078
32417 43488
11731 25902
31633 18453
13486 17776
32839 41905
27824 27659
4011 21931
14665 42065
41000 19609
1017 21029
34752 37700
24890 21109
11242 32684
40834 42437
8148 33501
37503 41355
10983 1427
31433 31754
24908 23149
43306 4569
31528 41525
41879 39813
5758 29824
11160 18995
16868 365
39893 38063
31944 37418
15729 27153
26374 30089
6136 4371
7355 20623
559 11821
18799 27556
12614 18642
34615 9559
32278 27729
20068 24003
4572 44113
9746 19771
21770 7457
28403 23551
6104 28776
34352 17965
27571 1292
40044 31178
28325 37632
23441 32171
31300 26772
14604 32004
33163 43992
7282 42632
17243 7603
38014 10137
3534 34437
15815 24983
43290 20286
21358 28651
29682 23840
15091 24134
35612 32384
33202 33339
6749 6153
36264 10878
41345 36967
25356 3925
14370 15334
2151 43459
17715 29411
16192 23922
15160 11926
1666 8741
42101 25875
33192 20987
36305 41094
33867 10725
2663 2285
39087 5
27498 8375
41981 16690
7666 26356
6831 6752
39890 3218
28234 11598
16593 28897
31497 10818
13855 30581
41204 32539
25805 32919
2116 37206
41809 18240
13707 29254
197 20871
41218 165
20762 23386
19614 11773
9960 40394
22723 37093
14567 33266
4204 12409
20638 22044
21643 16755
33128 42528
13164 25564
2680 1677
30200 30725
19056 8512
31479 19638
26197 10295
24058 4889
868 28745
40185 7722
38727 21547
2195 15105
39224 21828
22271 20381
10324 16354
3396 36672
13834 1488
2826 27251
23757 24145
19382 32067
1199 42207
40884 30885
39961 19470
24616 43239
27857 33810
21938 24112
20704 34533
16337 34323
17494 18960
3005 29324
26934 27270
34249 14680
33442 20250
23041 17903
27650 17009
31594 24584
27560 17344
30358 2421
11768 42645
36909 35335
12405 29610
146 23893
11234 5707
18738 5556
9596 27936
10238 34493
34292 4555
34182 14217
12791 25481
31898 25489
41373 18710
34429 43550
39332 17582
12213 27081
2738 34205
20738 30482
44148 38449
16205 28662
44054 24292
3110 41661
29419 40875
21177 10787
5607 23592
31539 38769
25518 37920
22880 41232
621 3253
31748 33021
27231 31820
18593 10951
34681 24379
108 16668
29814 15740
30144 28038
37694 7654
35424 41721
9364 23240
42813 6831
37408 12401
7085 5925
21649 15068
43109 20070
16494 43295
25525 402
43917 41935
19329 30963
35250 14480
36357 34463
21937 43615
7781 2101
17081 17836
25893 5035
26833 8217
25891 30595
27883 17229
39903 28522
20716 26419
667 26875
38848 39848
44021 14787
4891 26282
18800 6712
17160 41700
3849 12930
10287 33315
41103 8776
5823 5028
11541 27684
29093 20945
37627 14924
35365 38229
36510 26684
15214 37654
29698 13965
7264 40199
24466 32295
40500 11106
39592 10442
14212 37615
995 28402
22945 31660
15197 4884
29781 8486
7521 9767
13986 43841
7079 8339
38416 22296
6710 7044
16455 16139
9071 18278
36487 10197
36300 12177
37980 1205
32149 36846
15402 21467
29382 28524
11671 9984
6786 9699
24193 26399
33598 4887
39006 4984
26854 27766
2884 36055
31987 39264
42047 33962
36816 37470
3077 20420
11434 32559
9922 43115
21209 11632
32119 36710
42870 39893
11941 20955
41723 4827
39413 12434
19019 43852
13463 15404
18809 10422
3298 11793
17678 11544
10415 38294
9146 36334
21985 27430
38148 19340
9005 40904
4335 40922
7481 1076
22632 7535
15311 6459
6294 955
6937 27107
101 36131
10499 30416
33228 43269
14432 749
357 29412
30774 36947
43761 19842
31667 31603
31475 26823
43565 6281
19134 23580
23436 2198
20546 11970
9269 13665
21822 2418
10256 5030
5213 5354
14685 43567
21179 36463
39173 41211
27290 5306
34958 35357
33172 11293
26534 18469
27111 5569
1676 44411
4093 42220
43347 37356
38446 14315
19676 944
103 17379
27294 28810
42797 34817
14598 40386
40053 39954
38943 13809
33497 41564
36844 21945
26319 13970
43061 13055
35383 26725
12934 29116
39132 30943
785 20976
25533 12652
30081 5475
1516 18831
40533 25889
6189 17247
1990 7459
7997 13743
13139 36086
16510 40847
33452 64
9212 24628
23413 44299
21690 36098
18090 43788
16913 10649
38910 27488
2040 41696
16469 20206
35382 42980
28843 38938
13580 11333
18731 24191
14555 32817
21863 14706
25990 12640
9463 15615
34447 14329
39711 5930
10863 33190
27763 35681
7421 41403
40814 8775
10485 39282
42801 7065
15345 21080
25173 41550
42439 33136
35097 28065
3741 15098
29144 3853
31158 21508
12139 33325
17383 18038
21465 25026
33561 1031
3751 17851
41136 5141
7913 17549
1842 12004
27081 15883
5150 27654
28253 31120
7590 19668
30155 43052
30582 31748
31960 32303
43676 23894
11045 19324
2855 36409
32120 2756
18083 37044
4780 13190
1882 22284
30268 14970
8964 24884
4656 13240
15097 33150
17333 34782
11479 23493
44200 32566
44394 36718
6994 40934
35078 17857
40295 32912
22658 12335
44271 29328
13209 20680
38477 30593
6629 24971
8979 22690
16067 35801
36657 39492
15506 40380
36974 40102
40592 1347
28480 29684
39525 32441
40594 39480
14819 1506
22200 40540
3427 5057
23140 19141
38970 42167
17217 43853
36424 565
37957 18664
23313 29420
42102 35800
44295 7935
25973 27853
883 23688
26535 43921
3965 24065
11522 41484
24106 19113
23355 34377
14279 4386
6092 25647
20676 39872
8575 28468
21040 39245
15822 5014
33607 42342
31016 36281
32186 42054
26499 42542
17140 17712
17623 36934
41937 40692
15968 638
16293 28313
42037 36349
42873 20900
25999 18169
34957 14053
2868 43243
32489 30608
39274 6040
16050 32118
10444 32680
893 32755
42715 12506
3181 7373
9684 24032
9302 13642
17119 6025
27560 16859
8290 32020
31284 6940
32834 27609
42707 25190
18216 416
38034 15748
42571 23954
17529 29808
40259 3407
24966 13568
29443 7234
21337 40528
5434 20699
42223 1170
25349 38710
24462 32465
26790 30159
41364 23137
2635 19255
22983 7426
30048 28547
21264 16866
13886 11872
26726 43766
33102 9874
16167 12609
20022 10084
27063 5593
17970 9701
292 18399
152 14038
32625 4436
28598 33867
31548 17315
19432 12433
27679 23883
14840 6134
5193 27704
6596 37966
4300 43522
43960 44301
24235 3676
25023 40912
3796 10628
31621 8265
2145 10552
30742 21766
28987 10787
2501 25154
34783 23303
8588 36879
33359 38438
33451 30299
3904 24081
1979 6095
17240 18198
36150 40409
20051 44499
29435 35616
26080 17739
25429 21942
12882 26704
17690 38900
1791 382
1309 41843
12741 14162
40429 29580
18968 37073
44240 7701
38097 590
24127 37103
24924 23612
2511 9747
20564 28136
41085 23963
36146 41463
16424 39345
8677 28218
11845 35194
17643 2494
19718 2223
7801 41990
24258 27477
37390 10038
13639 31383
15817 8573
27392 11788
1542 19275
8497 35835
41664 7842
4412 5769
32768 3302
21026 733
20984 41941
25209 29644
4758 1567
41326 3273
22163 587
21011 35658
8701 34963
18302 9225
34712 40374
42610 4458
3384 16294
28489 8839
11176 13837
26569 39455
19500 30229
1868 30443
40507 44380
15392 14180
9667 4991
17214 17750
25429 16442
13859 34396
36551 31726
17101 3729
37360 26760
25675 12153
13402 17267
44101 16266
15992 26338
6627 43722
3505 31343
43367 21640
24492 19129
9449 36933
34761 23126
21736 37761
37162 13571
27531 18870
25631 29530
41692 27134
8875 39815
18625 33799
25722 35884
29002 14814
39534 12360
34512 6291
11962 19253
27750 1423
31161 18972
23910 3582
18876 5044
19507 3678
3968 11632
36203 10869
4228 34074
31883 38964
34117 41081
18290 27694
34631 13832
477 41451
10153 21336
27020 28229
41415 24762
30143 20651
31507 24340
34737 35312
15241 19622
23723 1891
16082 6732
29577 16218
17078 9500
5160 20929
36457 30649
44132 42016
27146 21400
3213 889
22083 14433
16185 3626
8701 23577
7681 7912
29129 21311
40962 9366
3039 8437
40780 10521
41585 11480
42704 1158
44343 17618
31025 25584
40581 24312
17976 6979
33090 7629
11119 34002
4958 37194
39751 41498
16083 20467
33154 12080
26729 16803
1276 34314
11592 36257
6635 44318
2703 13591
14610 9143
33044 34314
6046 21817
22901 31625
3938 36320
14595 31008
43629 33672
38741 1153
4598 24321
38557 7897
34729 3794
20692 36282
3527 23508
42528 26866
11036 31874
36228 29485
26358 8530
17669 28083
39788 3594
27371 850
26091 6725
2211 21207
38839 43832
1918 5938
39630 1171
23062 31169
24145 37060
17973 26279
41259 39660
37327 6947
37811 1547
30600 19856
17427 11324
116 22439
23357 11646
1037 43723
30800 17257
42874 29461
2860 4247
26695 41893
25220 26996
32177 33574
3412 22367
17266 43446
2982 21471
20324 40028
16699 44476
30069 28972
10006 39064
44040 17450
2484 5424
13549 36007
28641 25527
22348 28420
31354 26038
30207 4999
28674 3338
41466 8323
27321 5845
6479 23667
6590 39979
10842 27699
35679 16717
7935 4436
9320 3947
29598 6432
40522 13887
13699 40906
13598 3325
2646 24181
12935 17619
16353 3573
13198 5835
39326 18709
13421 30839
23121 32135
8857 1333
14435 28408
4375 20878
16087 27625
18539 9405
11524 9833
235 7878
12358 22827
42462 18648
40 28693
35962 43348
20610 31237
24832 22956
27960 33014
19195 31932
31078 5844
2365 6496
16704 23514
29560 20441
15652 10557
22931 36971
5100 17346
6736 36892
24255 12974
26282 44217
12515 22523
848 13712
39068 38276
20382 28611
30596 852
41284 14187
32672 22503
11133 19868
5478 417
3508 7306
21267 3520
16036 16711
29077 4873
8558 1242
36879 40782
32435 10289
13381 28564
1691 41169
8480 1588
43115 24437
38789 17434
41711 25779
8319 14997
39518 31315
41469 25379
3845 22123
14602 15437
17579 1203
43596 44223
38548 6611
3507 35570
15195 25485
39738 39689
6922 20844
36482 11168
3889 17061
33420 13834
25484 16973
26731 17899
8000 32743
13520 42615
24458 25882
38360 43945
24297 17297
36984 42676
40181 19177
21166 12454
3027 3712
41541 121
38685 21784
7658 39315
1334 21804
31298 1515
7223 20664
22826 42565
21338 14897
14613 38018
19655 25226
24671 627
24479 26206
38526 35202
4839 21497
28425 29132
23599 32280
38074 39651
7847 30556
11606 26071
13619 31567
3454 12272
32717 43986
12777 5508
25866 8910
27088 7640
21369 3666
4163 5529
11172 11177
7574 29085
9242 24375
43985 16398
23721 18161
37932 13265
21584 20672
33628 43879
15867 41468
14905 898
13645 11181
15666 5606
2904 19977
14052 42718
15720 44158
12171 15613
2495 29312
32012 20083
9234 4628
30688 25506
16855 4016
13806 33537
6193 19192
25806 7997
7935 39457
20290 43650
37744 27330
18437 43247
43472 13145
40172 4323
41016 2613
26942 39234
37048 22379
4608 41612
40326 24797
37601 41696
41870 8760
3440 36028
27184 9311
5564 26753
34156 34442
14346 31271
14218 8082
4308 7730
42566 3545
14140 20177
27108 6054
31539 22235
29235 34203
29842 4293
43877 37258
21407 29275
43709 13996
36979 4236
10384 29654
4402 37464
5079 522
29464 14814
38623 28444
28780 42820
37834 20556
13347 39501
44469 37663
38990 41069
9433 34163
37321 39813
10474 29849
10883 43374
5265 29961
14289 10069
13877 38763
38167 4406
35501 1320
13554 43622
6524 27675
38324 6870
36872 28057
20552 7827
30866 17159
14871 4045
32516 18551
5925 24085
256 16548
18390 631
19183 37945
3941 11971
22606 34
7318 10539
30496 41160
27425 27960
19288 26627
5935 38687
11241 17045
41671 23696
14144 647
37756 28342
30334 20947
9389 42054
39655 33507
6785 44047
19728 38010
3596 34833
34006 22587
42652 10242
37377 25950
14551 23436
18648 32273
33181 30317
20056 4743
15461 4489
32000 1000
6115 6839
38689 22395
27399 16689
2421 25188
25948 39827
19672 39542
11743 32954
26155 31117
38268 17383
10923 32806
21988 13059
13904 8434
17674 23292
10252 33016
23367 25853
7117 11838
38980 7560
33272 32951
20604 32697
26030 2483
9401 39296
373 21805
39672 1488
5319 43536
28884 23004
17950 18208
6451 15397
4416 38893
31292 31244
6549 33459
28767 5306
17320 40443
2377 37131
18992 569
648 1938
7586 14653
25061 22894
11086 37006
30003 19283
38188 21596
24522 3252
10297 37898
3175 24608
33497 23211
3260 6487
24599 28281
40408 5470
24673 7176
24382 22425
20169 40883
27443 36743
160 31841
22669 14826
21147 3152
26009 7771
22626 38170
34642 28259
14688 18170
21292 8345
8796 33681
15981 10136
3669 11646
35242 3823
22822 29743
7274 17806
25441 39744
11862 3117
4958 26007
29312 17272
35428 20982
37498 30804
2266 38095
3064 19236
33489 43399
25843 25759
14978 25709
19044 41761
40030 36901
37256 43550
34626 27798
29300 31117
37731 39270
7033 37643
28912 24476
6418 25441
23249 29522
9185 28250
42660 40415
31872 23207
10167 23472
39082 2309
11387 40214
366 29183
18360 22033
4917 41259
38208 9738
42309 18874
32986 41853
16782 35273
38933 20387
17300 42289
29788 35788
32175 21523
31973 25589
6228 4002
32035 34726
25865 27890
25752 13720
7027 4701
36985 40095
42915 34081
22476 41362
10825 22430
19375 11695
1304 43847
30975 41241
5263 21866
5624 21091
14704 12242
11868 22214
36645 30349
41646 20637
28871 34135
16229 4328
27827 21527
30823 31286
29067 40462
41756 6810
23006 7906
5589 37464
8845 13297
43450 27981
4952 38341
28071 38139
41549 818
9251 26896
36271 19935
16730 35877
5727 40552
11287 10604
11142 23692
22486 39806
13974 34883
27592 17873
23738 29668
33742 9913
4395 16286
8830 12350
11125 17452
18226 14058
8401 32998
41599 8897
33871 38845
27877 32760
7317 18926
11936 17285
26045 32529
25409 9013
37681 31410
1164 5763
44113 3191
23519 6068
14826 42009
29478 37301
4254 21536
36680 38160
39245 32649
34425 3446
28520 20070
17542 7540
21476 25130
34320 14355
20017 149
10454 7340
3912 34375
37987 10547
33157 22850
34774 41623
27209 11548
30728 29862
36402 4037
42954 25805
26346 30921
16570 61
36095 4932
30510 36550
7291 8063
38531 30798
6894 779
43693 2201
323 12587
13486 29673
10553 40307
2629 32745
42524 3068
3551 18531
12504 21390
10230 34778
10746 7453
6940 33963
32914 12282
16446 22476
825 31938
18929 10925
40092 13309
39933 18240
38503 31904
30844 14474
14941 8905
29252 41954
18059 16518
28628 13982
30579 9969
25635 11962
12084 6925
26190 32106
28281 21980
38801 18994
24743 7216
6779 31421
2874 24066
39748 36481
30448 34252
4755 24275
20990 22998
2946 22630
10794 14970
20813 25437
21148 29479
17060 39938
39094 3562
22904 4236
27188 37251
23102 12968
7583 26084
39058 42635
10492 31637
23478 5411
25336 267
39262 37526
15062 41072
25988 10401
38297 20256
3584 6298
2289 29541
40916 31340
36337 15898
40661 24963
6575 21046
20750 28013
13917 6195
23629 19543
40460 36084
110 44392
31465 37280
10794 20869
8078 25653
30760 6760
20349 22979
41857 15455
40781 16742
23382 34197
10377 22652
37503 12783
10359 10440
1853 29095
24463 1317
38507 32790
38277 36120
42003 16003
37004 37982
26685 40958
35763 35675
27572 36171
37680 23069
3578 17716
18137 30865
12418 18303
28479 1040
35426 743
7751 40841
14724 1835
10117 36841
15572 1029
43367 5208
11305 25078
41384 42597
6329 3355
21143 35384
25198 22267
32696 42176
27724 6211
8068 13343
13113 37789
1648 40745
931 25265
5191 20016
35805 3219
5566 24243
39613 30792
40333 36594
3105 20506
43903 38632
17596 39787
39165 22788
38581 31813
3157 19915
1527 28035
33140 7187
36295 43649
4153 15184
22434 3109
1920 32396
22497 41630
27689 27199
4806 41758
33518 14866
38753 38686
39982 15355
7814 17111
37426 33258
14651 19349
30459 37369
3925 36496
540 17916
3875 41105
23942 22761
30678 7197
17809 2374
12110 25748
38951 22720
10698 9101
18225 2023
20465 18184
1091 18055
30715 37560
13442 31440
34558 10852
28912 40913
16071 13261
36564 40697
10532 33506
29777 32581
11581 23826
40143 28783
21612 9946
6212 159
43186 10064
10446 35043
26926 14960
3098 42846
22719 2953
35677 28795
14529 12347
20291 26262
40969 28043
30112 7846
41587 19196
19328 42164
17438 27025
23052 40813
34910 32451
8555 22275
26462 30173
44444 3276
40146 41332
25449 291
2099 34595
43980 33500
39113 24718
18493 2345
869 27904
6903 16269
16654 269
33204 30346
24773 21210
32587 17609
9166 1905
28525 5203
42298 31078
35662 15992
9734 10499
44367 1042
11530 22562
13177 32201
40723 26073
14249 30435
41991 36290
21648 23208
23908 39198
30246 1896
15076 40192
10083 23304
3649 15492
12017 15446
8313 12282
6402 24590
9836 12172
11379 31145
41966 1593
36459 32636
34445 32508
31584 26623
24626 6531
38058 8987
30160 6704
42950 16109
22987 39232
13559 20984
27412 34465
16192 11061
6439 39640
37192 42960
29666 33113
42439 38673
38971 2654
32397 36710
32899 7501
15793 36921
42600 28684
42396 16574
20862 35337
38188 2802
551 2316
37005 42724
12117 6794
8973 42283
28444 35056
9689 35845
19984 36825
26075 16127
10800 20478
27881 19258
1054 37496
37829 41859
36313 4824
15375 17834
16710 10205
42396 41685
39394 43143
16128 30531
20839 36787
22749 35805
24225 11677
15533 28744
43964 41354
26605 21167
21660 15876
18868 20936
9671 26527
24156 42659
28301 26089
14130 41458
29035 6571
28530 8125
6830 14921
8499 8778
29389 11907
42024 6508
26533 24710
15172 37225
19872 2181
32801 23301
16294 2540
18798 13408
39780 26483
25354 37541
9515 21260
10989 43511
25062 28622
19378 25472
44151 21150
213 32284
23674 33243
41009 6535
20964 30788
21877 40957
19202 38609
1475 20204
3358 24050
20137 44336
26944 34345
6177 23559
42740 1844
26429 34802
27563 15663
3639 24189
35004 29344
5511 16644
18233 4223
25163 30632
27117 3010
11307 19855
26882 16204
23947 32619
31969 22631
26762 12990
37869 19255
37830 20984
17540 10272
12645 13729
14637 13689
40270 31837
40060 4112
39374 19356
12339 25142
1181 29040
32933 5152
33796 3392
21039 29627
13262 15997
5379 12445
41884 39658
34709 21029
26283 36297
34804 32292
10639 1941
31292 31544
34728 32828
27142 21389
27615 27171
15185 11656
23739 20139
28641 27338
6936 24491
7011 35547
35448 22271
29184 13967
3230 34494
26339 29781
13101 13684
24837 903
40489 35788
13472 7477
4114 26935
12303 24443
2271 9427
13165 10178
6908 26085
7733 42262
28438 21209
38614 806
43180 16129
27219 2891
36106 21346
37132 8910
32881 22875
2591 30836
38896 32806
22487 30812
25631 33379
23149 22380
42750 14186
17060 3640
33270 44006
33424 1956
19253 18228
33159 39034
10177 21751
8825 39004
40881 42031
551 23867
33503 17152
35144 20561
43571 4880
33970 21462
19114 43181
18986 5991
8793 10275
32818 20432
5630 31372
37942 31387
8422 40578
5505 43535
30050 10308
36505 37507
44275 33491
1324 17294
12237 36897
43186 40092
9408 20378
18347 24434
28978 11373
35045 14553
40861 29342
2242 40724
35693 10424
27756 32119
33030 874
40814 5058
43357 19859
28982 29428
23698 27560
15409 32854
29680 24625
25961 21598
37886 9879
8742 26789
37623 26767
19533 31765
10892 17652
33458 34914
40348 5673
43048 8343
8310 35274
42687 42632
31254 29558
33696 936
23574 32750
40189 12855
17272 38038
7361 3161
17661 21375
14197 43298
6990 43147
38942 39472
20209 29280
12611 34757
4133 11891
11559 43986
1020 6
38432 7321
40583 26751
10040 789
14208 29837
29278 23805
8890 26027
35755 19272
30830 30812
27676 35779
28683 61
8833 2187
3099 15203
21774 39497
1953 22433
39964 1783
18818 4964
41755 30126
6777 6300
40654 38596
37586 2919
38310 1818
26008 32389
21152 30065
42886 33284
43340 25381
26608 29644
6371 26931
5312 41405
3553 12340
29713 5424
31781 3042
24778 28699
24538 4137
42478 12261
18339 16342
34816 15093
28587 28996
10345 7144
43902 3020
11721 21510
21004 44166
40801 35761
36833 42058
16828 67
37482 12782
36514 44147
21644 4984
21370 34289
25931 29028
38175 4194
28127 35054
13603 28019
2126 36338
34999 33351
13010 18236
35856 34649
31318 37669
37610 16207
23385 9419
16645 19171
28347 27860
23566 3015
43071 23220
8563 18182
34678 42606
15181 7321
41736 37530
26448 32377
1776 40016
469 32431
41894 1866
7925 13172
15688 42966
6702 11179
29890 4395
14527 5930
3686 11799
34408 2034
15606 17529
1693 41824
27538 4537
41058 32218
39893 30724
25122 40207
40379 4868
16971 13455
29332 4927
43762 7717
22117 24886
31526 15193
19013 175
14085 31828
20328 39780
31722 35664
26098 15792
34868 31596
24000 5728
5547 38781
16049 18894
3831 22775
37617 11384
10275 41105
28646 42542
43575 36614
27848 16224
16206 4468
626 28191
43341 4398
13390 42562
11304 42037
19930 30241
36038 41283
43648 34505
40463 27470
27128 22701
30461 24869
2998 28408
42258 8083
22062 22075
29867 27285
39502 25217
36979 30173
21951 14659
38251 20947
7980 26038
38025 1536
22148 40199
6728 13810
5329 12149
39089 37507
16666 38990
36008 35225
9753 15602
34182 28881
16399 32984
8422 32506
24621 32475
28157 5058
18214 14063
41698 24985
25619 20880
23774 30015
9402 7158
29839 21565
17530 40757
38746 42738
1472 26683
37942 37351
10995 32633
41994 27872
21380 18082
32897 29349
4371 10351
32244 8782
3179 7671
28687 29431
18515 9337
40829 35274
36931 14043
14859 15146
37174 12489
9809 20764
44022 25539
20150 1597
26617 37401
4048 33460
8036 27752
38533 21927
3316 9339
33789 18612
30014 38836
23392 13446
16488 7963
34720 691
33299 4604
19166 35986
8941 16869
17775 36215
28987 36638
6055 12760
6908 512
33046 14137
28774 28537
37145 21443
37675 17471
27342 14801
40007 11380
42466 3636
42552 40414
28687 36233
39248 24797
43255 33481
42285 41876
10380 23446
23934 1198
43580 11845
21222 12783
10835 34314
18343 22039
33341 30242
25115 3576
5572 17751
5115 25994
8854 14361
17959 32401
42820 2937
11168 23677
34600 21720
16231 21870
32409 36683
23613 24682
17315 35453
23073 35291
36948 12275
39777 11798
35706 33380
38051 7527
27514 31743
31426 37825
16780 17209
41456 21771
30912 8184
1386 34334
13864 31953
40987 42346
22841 15772
23907 10728
1445 8985
11482 33235
25563 27735
11340 43768
25632 5240
4379 2059
16239 43988
4935 34671
16672 11790
39228 35683
36642 16145
2734 18013
37695 18975
801 2009
42776 32412
33134 43660
22002 36176
25664 40655
32404 2430
22801 10717
42660 12495
19412 27450
42229 18953
25092 6952
18913 42441
41757 3273
13410 43009
20199 4597
44155 24746
22662 42229
38695 23147
42394 29085
2266 14991
39666 17865
16589 42910
31769 33217
6406 14521
44002 11937
40709 17941
21549 10688
38138 32534
9524 42025
3987 34873
1371 39515
16438 1392
8852 10141
14637 16986
15346 20564
14141 32503
12774 26939
27810 37761
32153 42718
16157 38944
25583 41727
28326 20007
16055 30823
13506 42020
30743 29644
1138 28323
38157 33837
38924 15628
38866 15049
6728 34700
10573 11565
24647 2908
21483 43028
39114 22698
31585 39529
25045 43219
39964 32439
23152 36822
13272 36233
24784 29071
36029 42848
38043 20610
24316 42292
28110 8080
24987 21931
18237 17675
3474 11212
18843 7685
44490 38420
23093 12600
18670 444
14507 22366
41101 26637
16140 10379
10305 41291
21708 41016
25474 2807
667 12616
29518 19625
43196 4881
4032 19352
26627 34951
13538 35421
18796 24319
5055 20762
36 26862
19691 32862
27080 32681
9887 44197
26966 2974
17030 23395
11651 10264
23188 12055
9955 15815
31175 40690
3196 5466
38839 42743
41834 36062
5414 7575
10204 36261
27259 5069
23644 41318
30763 1612
5474 22938
36332 10065
1194 8961
16139 12871
15579 35543
39812 2309
35484 38048
40654 25930
41069 31276
35553 2715
8748 26374
43706 9920
144 37663
20038 1312
11674 17049
28340 912
1428 2110
37700 18684
15884 33411
37996 16431
1693 28651
22752 26368
29728 16335
7898 8792
28728 8901
14366 30338
7828 31328
25304 8006
8531 13400
13860 23412
29511 10415
178 28392
37664 6051
26636 22036
39845 34134
9979 10672
36820 32985
7258 23749
37002 35765
8569 34602
11960 25786
844 15915
21313 33423
25345 7113
31748 16478
32340 44497
31166 41234
5739 27355
18192 6258
19035 27480
9224 1470
36442 27556
13620 34955
34867 29196
3817 24244
16478 21066
36086 23162
27658 16927
30844 29699
23110 10140
41305 4441
5949 32305
22224 24685
6410 41151
20392 23402
18440 5691
32001 18357
21055 3973
31415 15816
16446 31550
30334 14401
17123 10744
20550 25794
4008 33070
38713 21683
25912 19359
2452 1475
7531 42080
25335 43290
36511 2028
24497 1246
9711 11652
10588 6821
37970 32521
34056 21262
25704 42864
19568 8322
20653 24345
34541 27984
15066 37343
248 5918
22821 40746
12701 38598
20792 7427
40991 19678
21219 8663
31679 18198
5470 4204
34976 39926
37004 6103
15356 41611
11538 28928
42235 23945
3915 21214
26173 17943
38666 32840
6213 32886
971 22384
7744 42839
27766 23298
44185 31901
43457 21628
15991 4974
4239 15569
9147 18232
1121 31862
32981 21359
20221 13474
4443 15713
38873 20257
15502 7034
25642 34149
1539 6482
28715 15081
31477 38600
33914 32940
19534 28722
40827 2434
2081 12543
7598 36490
39192 762
28041 31989
13949 14174
19707 9811
2706 36544
29221 20285
22169 17793
1937 6119
14810 40368
32530 35608
24799 26146
33221 18609
40912 6944
25630 38726
31780 19017
39705 37878
6594 27487
13570 38471
18841 9403
21819 29694
33935 3728
35635 27337
42596 20788
22775 26584
1650 22277
43234 30838
16516 36709
28008 12865
6256 18717
17153 3932
15797 34249
7664 26613
32625 912
17781 2863
42826 35213
2955 31249
14192 4604
16574 30679
18214 42903
13911 17194
16836 13795
41930 23672
43970 35229
27238 23914
13528 35328
18973 6674
38217 18473
31801 41712
23590 37800
39951 25228
44488 5061
36572 25418
7691 24128
32890 13382
3732 5807
37949 6909
32708 12996
21322 34643
1937 27680
3290 9223
7007 8305
15142 11026
29805 24492
24100 23763
700 41622
279 42383
10304 19187
42908 14615
6404 43289
37351 7750
10761 20860
4654 17607
4978 6822
33375 36701
919 43503
32508 39739
4335 18156
20607 17026
36545 44281
34332 35276
40441 38081
13747 35529
37032 26054
32950 8300
14855 23620
23893 6961
6294 18841
18706 33664
3107 38535
39790 6714
20983 14509
155 18531
24262 25523
43917 27322
5384 8448
38269 30053
33883 22245
30170 38180
34326 11411
5281 16694
2185 26739
33420 8191
29340 17608
33906 8493
33474 9739
33003 1523
12081 43030
18224 24886
13421 4632
5882 15491
17121 18608
1676 38992
37269 24281
35492 41773
18661 39641
38910 36995
15104 33378
3666 3336
21092 28537
18761 5613
42556 24762
7037 27530
11777 37785
312 20063
19580 32448
97 5320
12608 35089
26627 1241
19852 12118
41628 7001
8715 44332
12152 27081
33579 10327
28518 15936
17769 3903
34548 40139
36013 30225
35719 35111
34959 41659
1820 32747
41467 25105
9736 19065
6739 31255
20938 13324
9208 39362
36558 35537
3632 8833
11886 14952
18388 12956
20263 20733
12475 30479
25162 11010
21887 1730
16397 33048
43419 21581
15285 447
29213 28856
30276 25235
7311 3309
39965 33761
22446 37379
26510 19652
657 8932
8052 40024
15639 23692
27005 15393
24831 5779
22323 33781
26554 15377
27352 23759
33519 20461
33506 520
20962 30017
17635 23393
29187 24001
2493 41600
36653 17093
11606 34123
29289 10048
6392 35289
40749 40523
25219 12276
20245 920
21104 3799
4579 26440
3282 23186
39482 21719
11085 11762
29403 33869
18463 19379
24856 41685
33982 11187
38285 387
36345 34997
32665 20707
42739 13842
36718 29092
28543 24874
19684 29112
672 37707
9430 6325
15969 3573
35537 14938
22659 16940
35316 15464
28465 4803
10390 41043
13087 33994
43118 27201
8532 8329
23946 3004
38858 8952
19228 3991
9410 25859
4765 40688
25282 3562
380 11791
20631 11856
19538 16756
43186 2903
8240 29619
10235 12472
31990 21821
32162 34616
104 12646
2032 5940
25293 19148
43646 21354
36716 6136
32784 27200
15442 13598
36593 30237
364 42406
9763 14584
2593 31613
21639 11411
22496 40982
9250 8357
34304 35014
39232 2983
34446 31571
35918 27969
13704 41783
32029 34702
41550 18240
184 21687
26687 30269
2196 23431
18820 12432
26200 9622
38807 4682
25728 28880
35745 21481
12326 288
38963 5195
13404 41527
44201 22222
44280 27619
22680 41858
29324 19795
17808 34996
10350 27333
9660 14612
13731 24251
25221 25027
438 36591
41197 10695
20952 18787
23311 9681
36246 30170
4826 42602
38650 11644
15388 40436
1400 34607
14583 30883
28335 23258
42797 11442
38532 42133
18776 42991
19066 2751
1205 7572
22019 43694
35056 2726
37714 13393
22215 3447
8432 5343
10145 22884
7889 36586
10620 32419
21809 16265
16734 32184
44482 35459
42888 23351
5287 44430
31768 39778
36479 26966
40070 1700
18444 39219
19144 35509
34555 24666
40407 3457
31385 16448
20524 20224
24861 44089
31252 23274
15699 16655
16271 9907
38553 13904
25078 27170
35335 40169
29135 24222
20277 4253
21306 23908
30928 8023
3354 15221
8277 4803
21919 7218
18962 10893
29948 21212
2645 29133
19439 23390
32229 21275
6351 35116
1001 7670
28158 37193
19412 23781
27926 12598
29539 15271
34321 12462
18946 2174
25310 9104
29442 1603
34907 20781
30179 7611
9588 31202
2952 2759
1736 24748
7667 42642
16928 41416
42247 43418
35610 22329
11980 6551
17889 31102
29025 10741
23779 20851
15470 39031
22120 16899
24803 12426
14731 1724
38146 41377
11316 29776
27736 42545
25937 28607
21253 12883
26898 9546
23295 29059
2043 28812
35153 43674
24527 35796
1211 14287
1144 13065
13188 39390
40656 1406
2257 6146
14701 33982
782 21608
25970 41966
19907 41529
28776 28179
16337 6465
10861 20722
16867 1935
2131 39254
38481 9030
29987 21274
24717 30007
35522 11124
24034 41268
39618 41724
146 9096
26399 18321
12473 16754
6258 17760
10247 30856
24548 12707
26430 26796
34020 22547
8064 3337
10095 30987
7557 39341
22602 10993
35965 1192
4431 24405
35803 40269
28309 25158
31235 31438
22777 36923
12148 28190
27444 36199
6935 3751
14069 36083
26890 2959
43043 13249
19225 7177
28926 26374
32855 29805
14153 38068
13679 34356
29465 39111
24810 15574
43045 19216
39773 14663
33111 38249
16885 25723
15638 3551
41312 3386
32717 11526
1590 20339
9412 13295
40968 13784
1330 37790
22712 17438
28949 32549
43557 4200
32912 4419
38288 28619
10267 26906
22943 34340
2384 38370
19236 25392
37983 35827
39716 27225
29751 30284
43369 29749
15957 24623
8188 19744
7864 27497
40954 41886
18110 8550
24371 12764
3857 36718
31462 40210
3416 3764
10436 34039
13470 20110
21283 12343
44114 26870
3841 17642
15947 19819
12362 9436
25254 17577
28219 22882
22756 35501
6599 31922
12519 5335
5354 1129
21593 10290
15684 6793
3971 22712
19565 28349
4535 13220
30070 34997
9085 27695
18217 41780
27990 40177
16942 378
27942 26402
30994 28557
19942 43956
3945 36394
9862 26160
25360 6834
40519 8867
29826 29123
41865 43850
643 8055
34948 27731
1802 12358
26000 13467
21455 37831
17018 8595
32908 22181
31944 38613
11794 31767
42620 20519
32494 41417
4782 20946
37316 17590
16307 36089
13389 21182
11628 15376
3577 9845
44073 22645
9498 29037
33789 12289
36625 32639
4921 44409
11709 37523
39190 42669
26969 29171
14673 12653
42442 29228
7197 35497
9991 5786
40929 26499
29651 25865
7761 7840
24952 40494
30793 10379
34318 25964
14899 28722
40873 23565
16406 16181
13713 12238
2226 38183
31533 17099
21495 40059
7027 17680
43536 39185
40898 40511
31525 31733
11751 16736
13088 6673
31955 31466
34595 33039
42887 42797
18131 28220
5474 23954
43518 39402
23860 23793
44220 13287
39097 31487
3380 29953
26237 3593
41623 11267
30969 518
15888 4591
2080 35590
31997 11168
14735 37631
42983 10721
42917 34719
6611 43636
3702 29186
26561 24478
6048 29558
30856 5601
14921 3872
44035 17262
16711 27295
20831 1964
17506 36017
25377 40269
12669 30488
16663 917
40870 22634
44083 35094
12621 9128
24703 12705
8632 17092
21188 33500
17021 28360
33284 10817
9974 6204
14608 24322
22279 1079
41714 8208
10788 16925
41523 275
1058 24991
4661 15686
33382 27195
20273 34023
31117 25499
31123 8955
18119 6531
21954 730
25827 27758
40015 12707
25337 3313
25511 7487
29995 4081
11242 40406
36720 43713
22823 20246
14219 12208
6057 37577
12777 377
19379 35094
10536 19046
32323 44414
13797 15862
11618 42728
9529 25079
4707 9916
4480 44397
36461 1381
41401 6328
27110 17580
41233 1231
26136 2062
17545 7054
690 31101
33031 13732
27505 43593
37928 9741
25257 5657
4887 20957
17124 236
21873 25852
11999 31344
18936 16853
30800 17282
18822 15785
31765 16127
13871 29173
42157 23838
23751 21360
23746 29647
21917 14438
4439 23198
42024 33782
22611 43228
3907 18987
17226 2584
32463 33318
36658 35371
19647 16456
42051 31175
41957 10343
23367 42833
32329 4685
22691 33165
4528 28230
40863 18443
14257 26441
13741 15822
19761 2828
40017 3339
5291 28109
15175 42732
10168 14426
26310 24441
18280 34425
4683 8367
36840 26115
30755 29037
8245 26085
43617 789
31593 42330
40951 38642
33890 32687
11716 18201
2138 43514
30015 18301
27028 29044
5292 41399
47 43840
28837 18445
34259 26928
44009 3644
23159 39398
22079 6866
36434 27498
23268 27556
3391 6396
16851 32628
30828 36053
35380 31470
40050 3228
29338 27443
4418 34492
16767 8054
9491 6226
43313 8901
26047 9959
15160 35634
13306 10389
11459 13822
19296 12154
11893 29884
42357 37989
40788 7889
10726 34696
29331 9913
16541 21333
30224 18038
22613 41481
23967 36309
8046 34893
27040 18702
9680 30041
9693 10238
18983 25285
33414 16520
35972 4734
10914 8774
29504 39117
792 27082
4370 36257
5575 15687
5917 11515
20536 42465
42726 25813
9926 26655
16355 22374
38326 36946
19462 20035
29888 36110
30740 20440
9637 4186
9144 16182
20285 9900
9933 5905
40368 2612
6111 6541
31376 1253
14607 1168
6285 5382
15728 29451
12007 11825
4519 34552
13318 8126
12969 17506
33751 35511
19099 28470
17848 32077
21137 37177
29084 26521
17949 42417
25235 10058
14977 43632
4906 11283
23895 38742
28090 14408
13802 7421
16430 8525
38272 18108
3333 955
37473 21430
25477 6293
10334 15001
44504 14976
39075 32841
41577 8880
20913 11018
43745 32743
6972 28161
18725 6802
23197 32469
27888 989
36883 34024
23852 12807
37075 7133
24464 27149
7185 32246
7057 16605
21408 5367
13001 2941
8078 28522
32997 40911
14242 12158
20252 28310
32783 41476
16557 12134
28904 15191
30871 12843
28407 43661
10022 218
30848 33047
15817 166
41925 293
15951 43702
2731 31186
44329 2907
21707 28038
2716 20440
23628 17995
6858 13807
30743 10335
21976 28720
739 903
42261 29640
7772 2001
36397 3928
26432 5855
31347 2227
13039 35110
24139 7444
30456 20715
28098 33758
36040 37396
16388 3028
1578 21974
30752 43259
26855 2251
7 34430
24196 25133
41450 43955
41976 27706
19872 30626
38012 30324
3955 34693
38426 30458
25930 27421
35914 19357
32662 22095
3739 31276
5091 30796
15000 13018
8003 16612
11436 31705
7673 12356
11092 261
20300 1095
30795 968
31600 7260
6867 3890
32859 21333
1995 27896
11150 2188
38864 38273
28897 39602
23783 4934
22714 41760
808 27546
33808 428
14198 18522
23063 6859
43278 37777
16156 20555
35882 15882
18485 36150
29510 30676
43185 8575
14687 5180
15266 5939
20087 41145
3882 37718
11366 25840
13699 4136
29907 39617
33458 10788
14667 24598
33805 24567
4438 38201
9747 9803
25376 20990
3165 10378
32479 43306
16286 29911
43125 34687
7289 32558
21629 27169
13288 15798
17954 40656
16702 17811
5394 43233
17968 33766
36961 11423
27052 13022
19246 2563
34487 22305
27934 12178
16128 26212
3501 42577
7303 23044
1256 12523
24887 8789
41632 32460
37842 18527
10935 290
26274 14268
10904 11414
19011 12379
14762 6005
16844 30848
43014 1723
11438 39986
3574 11421
1753 27558
14434 18217
2424 25282
31223 41406
13776 15773
13710 40903
3922 21143
42751 10016
10579 40898
37344 44264
27699 34798
39350 12488
18827 14894
2979 26788
16634 10105
34624 32496
37072 15697
28327 28359
44093 13363
35598 28760
16161 24151
27385 9761
17706 20682
8225 36802
11633 31980
1429 32313
9182 10797
39566 43639
12360 42782
13391 37631
5694 3959
7533 21762
40133 595
3951 43321
27077 5300
37523 26600
14385 38080
26672 26305
22231 41601
43632 31699
44384 9526
34498 1395
1197 18722
19492 33835
16462 21905
35522 33129
20627 14661
27150 5140
35201 6470
17450 28690
14010 32397
38274 23243
22580 42694
26504 32355
6935 21928
36626 30671
15984 43334
32649 41870
41298 5099
14215 6873
35012 32060
30945 40364
20401 23659
31001 20782
4062 14756
27746 2812
32 16037
12019 17885
35898 41228
26714 4996
24688 5043
34446 11268
10896 21900
41860 18579
19321 9822
20725 17834
9470 18007
24189 5704
36627 17696
35410 205
34144 16415
12972 43667
19888 27396
6180 16554
13492 40176
36995 20981
28811 34025
30123 3781
34279 10718
28809 38674
1188 21210
41402 28811
26693 5323
10827 43470
13219 44038
23865 23521
11852 39328
15227 33914
3614 28192
17817 18288
3232 35217
35691 13257
24361 9464
32822 19934
3758 19871
29353 37727
10228 22910
27566 38056
279 21255
14936 9535
19446 38841
26567 38431
8090 13527
11883 14325
6546 37557
4669 43591
9084 6837
34005 32184
21712 29735
18702 30286
20509 35076
16017 20834
11865 15179
20223 41772
42182 33101
10160 11722
23602 15720
26858 40565
11389 12626
22439 3304
16870 34781
22563 12236
10265 43186
29392 40728
31626 38495
44386 17110
24278 9178
6376 31754
33888 20380
14369 24183
42761 12742
23456 15751
31655 63
43245 44117
16070 20324
8120 14759
36707 25222
20458 13158
38694 23261
34489 43529
8686 41185
2284 14895
10022 18883
35281 23952
36400 11744
33613 1607
41935 18972
29921 28627
5226 27535
25645 27781
25228 25772
36532 34531
36763 6728
29189 4011
41347 30587
31731 11577
16145 39607
16367 544
10808 35598
22172 15998
19682 31748
4249 8421
4610 38005
13056 5713
123 19528
43411 11467
12881 23617
35260 29792
14093 19710
35323 5151
1576 22886
29927 8146
13182 870
34732 42361
2179 29717
10876 31567
12832 25683
1113 34352
25959 19052
10240 23778
138 4008
22665 4123
10138 11078
29015 4739
1082 4042
8953 38653
5807 23702
3565 34333
28087 8850
26313 32238
37400 32926
39560 4735
11114 16168
37844 44157
2294 25093
32798 43021
23936 44481
32776 27541
31777 20975
15383 42001
34292 15872
38417 7689
29995 30395
31053 33749
9808 14442
43174 1674
33020 11170
9397 28197
40103 25106
7007 1926
13274 27088
26850 24750
28713 24825
6385 16746
19667 4805
43821 22166
9410 38460
4183 43628
41958 3368
42549 6582
24438 24963
32177 6959
21132 2475
655 7249
18638 2125
4609 20467
14279 34981
38178 35794
19104 20205
38635 11272
13705 36472
44057 33261
38085 10985
32607 43812
14707 1313
21314 41478
19950 13580
928 22390
42446 13924
7510 5636
23559 41847
3973 40556
30749 35304
22089 40571
28916 42307
40314 34306
2756 37182
1384 40871
31237 16959
33649 31994
31578 42098
36321 34831
13266 39664
12410 35887
31724 32618
37249 39616
17267 38325
28783 4630
4062 31481
20641 7728
14211 4874
44259 41882
42877 9128
44393 15166
44459 38380
13401 42863
7687 20357
33289 16
14352 1206
22274 4866
33433 31063
7315 27804
35393 217
37201 21788
5618 29418
12593 16351
12367 6654
2405 30284
28962 31549
3193 22257
41995 15835
33118 15595
3192 2141
33178 29906
32628 6808
17046 5675
34571 32539
12377 29415
27844 14711
37664 9248
606 39880
16743 4325
34417 41377
25611 7046
43476 32963
38171 25968
13126 5101
30564 36055
11622 39870
27530 9825
8102 27747
32709 32136
14416 27915
34840 32291
4718 12021
32737 43080
39554 300
326 37647
19718 5479
24841 12268
29265 34826
23187 783
31102 34009
20962 9746
4473 34067
748 37870
25830 9978
13135 16791
22209 31280
31273 13447
25608 23228
34814 32683
28477 14107
12474 23089
28194 2378
15119 16667
8357 5755
27188 36978
12289 38468
21013 6795
17614 26224
20689 39537
25106 39196
696 2890
36564 42829
24512 37554
10036 16775
36080 23877
2184 29246
5174 38171
42510 40057
42102 21918
37934 24132
40633 13517
28692 34676
25582 21634
21018 30035
19950 23778
20165 43445
29447 10522
43969 16779
21868 1423
14648 31841
30689 36557
13813 4818
26240 30795
27710 20471
30465 23077
9305 18483
20810 37998
39554 37582
15638 31353
14524 12414
19751 16371
40260 1378
17770 40363
14365 30442
43674 1554
25298 17566
8102 38053
32337 3989
23699 913
13844 22454
30672 25743
42529 11037
21480 10624
27086 33417
2344 37348
37481 18385
10342 22951
37626 41929
41899 36762
32897 23610
41530 37719
21681 16392
26589 20224
7374 37499
27930 19320
28133 44080
27989 10738
25806 24802
6998 25170
32345 20738
19451 42129
40018 5349
16413 8726
8489 25522
23842 43370
14228 10443
41141 11950
18256 39331
18617 29251
40106 19462
40970 18484
19632 42406
1170 5567
15908 2323
37617 25377
2012 27202
11938 38524
17945 10019
34655 17108
37726 43714
25389 18893
24344 4892
30221 18794
37551 37217
21163 33031
23778 43736
27159 35364
28980 17161
20319 23895
43212 21364
25473 37402
13876 38778
37917 1173
12446 2829
27644 12667
27021 39600
37517 15203
13434 40239
8898 26336
13474 26311
21498 38390
18506 3526
24561 42769
38203 43006
22799 10697
1715 41180
14355 27637
41024 4761
34033 2099
28346 37376
1078 36315
25672 35252
43689 13188
32037 19961
43771 12058
39297 17909
36014 6287
42489 1119
23050 2587
27747 8859
30972 13715
27939 807
1046 7580
43969 27242
21049 20334
14676 31340
12667 24008
34928 7682
22165 1412
18538 23952
16781 40482
18808 44272
15335 14574
3809 9903
39512 1968
1826 3755
24239 3885
43676 6465
314 3874
44042 3633
12892 33108
43572 27956
35941 24997
40774 31804
30147 41983
2369 33953
209 36926
12322 9457
7242 10208
27502 42775
31591 5479
8818 20727
3078 39145
13839 36859
30923 28325
37762 27146
44336 33428
18634 27344
4745 583
33273 34000
25721 16467
30586 42703
28867 730
34276 43983
8217 4264
22776 23500
42126 21725
12605 29114
9196 16450
26028 39106
5064 25411
16623 32739
3140 10804
17727 38653
3702 22356
31854 32662
21904 27219
8161 3810
3364 14224
15516 13250
23072 28867
9187 14042
23674 14334
32320 29279
16691 6163
3257 21453
15959 21440
41397 10073
27138 39064
2743 12866
34880 44483
18053 38566
2133 19847
26233 3760
32061 25268
27833 16851
15239 32118
11726 9417
38628 21123
32405 36189
20528 3296
28579 13931
13739 34017
38081 17872
42565 33305
29536 41145
16290 31460
6528 26805
42765 14231
19581 31602
778 39925
40140 43262
4191 11800
22079 25772
11263 35672
37218 18256
5468 374
22020 36568
29295 16623
20708 41062
42110 18473
36651 5233
21097 42600
30946 22934
9889 34074
41900 9623
42460 7825
9764 3046
37576 7505
27334 32047
22699 42899
21593 25096
7135 19238
17241 21896
24477 2368
12536 18509
16005 19704
25172 44480
34723 19150
30574 552
24736 21138
10541 21661
16169 40717
22910 43204
18189 14501
43135 2523
426 32168
22102 30836
39324 10258
20652 39072
19513 11558
17362 17203
4083 34811
32478 30120
14686 16876
39578 3578
7336 24224
43849 33542
38324 2421
468 28494
31512 9853
17031 13427
2507 38212
43653 41852
28485 23412
12550 5876
33774 20928
7815 39125
31691 2127
657 39504
22824 12926
26300 133
27278 39070
25205 3164
18705 37664
42048 36941
7377 1337
27702 28780
19194 33770
35067 41940
22396 24121
20094 44006
35131 28635
41435 8081
1165 35108
30822 36768
24229 28783
10474 35994
16038 22109
32317 39040
41857 27961
3621 42113
24676 16411
37145 4527
43352 19387
31388 6411
12781 40575
33118 3253
29897 16532
4996 1686
9529 25234
4182 31154
35464 27239
25707 908
28239 1636
3781 17224
4091 37717
39040 20769
11333 15051
38686 28679
12184 7867
32400 39833
10351 27822
33237 7347
6164 27808
2628 31541
14260 24939
29024 550
10321 18116
14445 4870
28151 28769
14201 26201
6684 43235
26952 975
14632 6911
5919 28385
15384 16458
35045 6997
32803 27916
19903 14587
31301 42112
38235 24843
11188 36891
14479 15448
31329 22963
36220 39766
3561 26009
1054 12622
24443 40883
20095 28937
26060 8880
4703 14358
21583 25571
10865 36157
9509 7742
15026 22384
8866 27527
1759 33693
43077 28320
24886 39502
39284 24032
14879 23762
33266 2692
7056 43264
1004 30413
34651 34548
31234 15985
5940 19260
9663 23606
12042 212
8392 38718
29718 13510
33741 31703
24146 40143
27920 41645
20525 42606
22948 19255
29365 14820
5855 15137
16281 10296
15800 43325
7683 14580
13242 23477
14449 5869
29316 22777
11660 33071
1498 15385
11238 34510
29894 24739
6775 20740
34627 25272
18292 30775
3805 19149
40266 22004
42725 7466
7172 15717
27573 38689
35039 13696
29293 30722
34605 7088
32129 43790
21621 39431
5812 42357
2383 14960
10934 20957
42635 32238
18359 44456
29131 19963
14982 17335
1978 16897
26820 30723
13469 18392
17113 26795
1798 43762
3518 28625
15000 29663
3681 31392
608 26899
30803 22313
29825 37678
4214 2436
1726 18073
32119 35459
23720 6507
20045 926
19802 24208
28099 34984
35647 496
24554 42281
39898 28230
5700 10108
35988 6567
1337 2841
42348 32860
40454 39064
44470 22987
11007 28732
38111 33779
3409 19305
23470 10309
8081 6273
8248 43274
40476 40400
38526 36730
36846 27651
21389 42814
30722 13320
10695 129
38789 9899
20328 5536
29728 24805
36263 35409
9650 13189
3630 43332
26344 35466
9625 4236
43907 33054
8520 28011
4167 40388
67 12149
28388 17717
33161 31792
28225 19496
20791 20349
322 28999
14343 25205
31521 5573
23599 22589
29415 29305
39986 35410
17702 31489
9779 24566
33072 17081
38060 35660
27477 42907
22614 29921
37789 21053
24054 42502
5406 17371
29722 43950
35922 4240
25579 4229
29469 2565
9450 33143
5623 14596
28854 4247
30687 27483
43189 14321
27601 18361
37699 24771
31874 38535
9765 15627
36933 21482
39911 39409
40113 35077
5072 21174
21523 8118
25219 35221
33792 44324
37464 29254
36635 44419
20818 17082
32589 16825
11508 18266
14647 41543
27383 11313
2558 23060
20792 12743
26445 15231
40643 23493
27072 9093
18898 6789
43541 13990
32019 13819
24888 32088
32956 43270
5334 35933
43292 39709
2204 20618
25319 26124
16840 5657
16547 29347
20063 12160
13157 31105
1576 4690
43648 38855
12797 42282
28685 36239
4172 37339
1572 11072
35186 392
12711 4717
32484 1059
7937 8433
34344 11337
21178 9143
1016 34797
21681 40468
15815 17685
26137 3752
23732 29223
39737 9548
20473 26589
9283 13651
4447 39529
6848 19766
19195 27024
5758 4302
21087 31098
8906 27399
8528 41039
30460 2055
24626 29585
31820 12684
7232 23175
26742 32055
8207 20716
12929 14595
18153 44296
4799 2009
22179 35582
5139 23019
7792 28058
18157 34732
349 18654
38633 36595
6923 35602
42706 36178
34765 41810
43579 25635
19159 18183
19766 17692
12864 27711
9796 17146
832 21102
18429 10201
20348 42665
37560 25878
17907 36054
35144 23641
39245 17236
44191 19045
7253 28868
20369 42953
8539 42895
40759 25379
21476 31265
4847 22852
31951 39419
8267 29375
30400 18376
26943 6867
4577 20404
31687 34125
42424 4421
19691 19476
31015 8557
40924 34348
2232 23294
24754 965
29012 18121
17538 18781
36018 1286
27870 15973
35300 5207
43001 3535
20865 4171
35517 18531
31224 34745
2414 18203
21423 12163
25001 15251
31330 42045
37271 10068
40464 29115
27113 34869
9023 33302
42979 11360
9302 28665
29087 31248
7918 18124
23099 40030
44144 31284
30640 25654
21775 24399
42760 39020
31872 31030
42652 25194
23822 6210
8270 22447
20939 41511
6366 25080
8012 42568
14551 33958
2125 4041
19308 30418
17366 19204
12560 9907
23538 39290
5039 28548
44247 17152
16366 28480
35616 22566
18984 36630
37641 5850
32034 41236
36503 12941
38245 9900
18185 29186
3039 29078
34120 23941
42437 36273
4562 595
38002 16037
44500 11447
1785 37305
20807 42904
2745 6759
18462 6576
43170 23620
25480 295
32356 612
17514 5754
6401 36190
35368 32299
32420 6109
33177 39714
9742 28047
17523 16950
19905 31468
21084 18079
29184 6433
27138 86
16592 17200
30363 24455
16056 3305
25402 41293
11917 5991
15620 8107
2851 40375
4664 41416
4149 10462
41658 29867
39704 34390
2185 36233
39798 31869
35875 32224
15254 41792
28523 29998
33648 40732
41530 20004
16160 4710
3287 36512
26730 41358
25755 23251
15808 28759
22793 43621
34637 40279
43542 5420
41341 20253
31326 11068
33230 31295
31674 16590
23726 9265
11586 26917
3131 21014
36816 36575
8619 38541
41926 31874
23214 9090
20957 3197
30718 6724
18615 40802
39125 370
4531 32907
6070 8304
22562 21178
11651 24279
8354 20221
10711 24215
37994 31857
39803 22570
15756 22045
28207 11159
32976 6016
30811 38479
16412 11733
30358 10618
20759 31856
21536 31664
15358 801
15247 23336
30169 38337
37324 33868
22552 24696
12282 30454
13114 41681
5592 33153
1524 1977
16976 21345
43560 34233
28173 3554
34427 28088
5284 6021
40745 28486
7712 10896
34252 4759
36550 2919
19046 6586
32099 39899
2078 31052
7033 31698
29036 10610
41123 39749
34944 42664
17186 5878
40489 27979
14989 10244
24157 23694
931 34158
8860 37677
32138 18809
29234 39492
21936 29689
16221 7972
27256 44391
17731 27900
21107 39255
6868 24247
9138 8265
8517 36965
19596 18285
31339 15980
16822 32927
35740 44147
25793 42336
6471 14259
44417 14763
21079 16269
783 34524
39609 18108
19567 28286
27126 22180
24978 9549
36620 288
34498 1530
29085 18845
8852 4237
31049 1216

