71884 8428
25351 23386
13830 23031
58230 49786
10762 18653
36044 12780
10238 22817
23359 22379
4745 37808
35095 16014
47074 42847
62205 17577
4310 39839
61511 13453
52942 4469
69291 39660
15924 30707
42004 1725
1008 38411
43395 15051
21442 59345
5663 29905
4356 8814
61215 67469
66081 45671
64700 26617
19165 60798
3453 33105
270 23785
21404 21267
13441 67033
18259 3837
70903 47104
70462 18351
70866 23130
63562 25670
67342 26349
65748 6019
753 49273
14734 49693
55907 45888
64251 22216
44186 8733
47899 50298
44356 11359
30483 52351
27934 63814
27549 10524
56576 30707
20673 53892
18474 43776
48697 51446
37172 37120
70350 16016
42777 38521
36257 45573
63687 32323
45484 42368
3704 30485
36214 71769
33377 65072
61285 43984
43076 69527
49923 10145
30962 52820
27657 6916
39781 65924
34191 16472
70357 64327
44057 31721
22638 43640
1634 64432
37597 55527
1366 33392
58182 40672
42809 52042
38313 58097
39228 56676
33216 47690
58520 54142
47388 44443
2396 16352
15698 5638
12832 71839
23922 45849
54141 64660
23434 16755
32624 44516
50376 16785
25638 45645
16237 439
41229 62764
27915 19467
39361 40882
65276 29260
66357 54209
28246 22721
70215 39495
27812 19460
14601 34493
15547 61698
67312 28014
66442 36725
6201 17101
43552 66099
56127 1126
23660 58694
66150 43908
41308 11392
1070 21827
20416 56534
68769 9735
1589 9331
2587 49558
18158 28990
7847 18760
52878 46513
37779 54739
30928 8323
29065 33094
3679 13017
27932 53540
23717 31470
6954 54319
37939 60097
33507 57277
53876 27306
46569 57427
33335 38740
39861 34886
71617 49172
28350 30789
16181 50858
32700 43598
28442 10312
45851 2621
45540 48516
18323 5621
30235 49174
16069 52909
12010 51583
34551 58723
34847 6289
58227 29019
11666 280
69578 64160
15897 35126
26597 22951
70298 47453
69723 40577
40893 46831
35080 54233
1785 44924
58147 5991
71385 48246
24372 6137
32203 66833
43286 8
45405 10626
18217 40405
41846 65529
55747 60587
11493 70847
10365 14066
47621 7850
13616 34366
35571 30829
52900 47052
11576 42737
29294 45186
45141 32918
35745 65361
43732 13802
28717 3740
42039 65816
69300 20071
49436 6578
47991 31862
14288 43696
49713 38377
40824 47468
2760 67474
6974 20150
56647 21782
20467 44430
17017 39721
6811 56309
60620 12653
57547 18511
339 34304
24607 35966
39075 15078
10917 35200
18167 35578
27487 37822
12290 34859
22829 61720
59554 38643
48188 68899
95 14817
4174 28624
19854 44472
51544 24927
27083 10496
39921 33155
38127 47180
68608 26623
11059 2422
54745 46049
47190 47775
18497 11896
3619 59196
68154 13705
22344 42551
40752 9526
38436 40179
15989 47455
64740 39427
30256 36669
40475 67046
14259 52110
38787 50730
4193 41159
40801 18692
25564 38059
57939 14416
9528 1638
57845 39398
10969 43832
5710 67392
66576 4057
34888 5218
67660 68416
62837 30248
60439 58647
9181 57113
35629 35697
17114 66152
42880 5452
71011 42759
19848 36655
40028 1601
54908 56498
28050 49265
56003 48070
55375 45532
60393 23603
46874 16303
50214 6093
30198 4102
53377 882
701 8816
64464 4688
35094 41028
27928 68119
47930 13774
43734 5340
15416 53325
10794 58487
58829 20498
47848 13183
68938 62566
10659 55818
26170 10124
63660 59695
13107 4087
11007 54286
23152 65876
105 20203
64228 1829
18122 33794
21808 42422
10712 39587
46790 60231
69684 56384
10391 56942
59727 2292
71228 64290
38510 611
34435 15327
67614 11858
12940 34310
45322 55703
59859 32663
25863 49577
23386 54271
32732 15591
27771 65381
30653 71060
68137 33217
7050 60632
26119 8105
47848 66042
44126 46470
62441 57311
15102 30493
36266 38700
41635 54447
66327 3446
51085 28885
5821 15153
4358 22367
7988 68593
40064 43634
28933 4029
13151 8061
27781 33507
66208 38170
44061 11938
57230 64939
20454 64144
25556 11324
65269 44832
71553 68277
57307 45157
25033 38115
54135 25409
69150 70180
27048 52059
40666 55874
14631 29164
10941 56294
6607 43429
18820 38938
59438 20322
17062 63991
30160 23942
58349 2342
10573 13201
57348 13788
66130 48665
42825 38685
45510 53390
51784 40684
18038 44500
68426 34743
59869 46293
57877 26856
68775 9004
43082 259
3670 47468
66965 64634
65611 64436
33982 16485
66751 34086
17193 40136
36150 48458
20203 17448
25610 956
29773 4554
71495 6175
34938 29590
15376 39884
26455 30509
2982 8342
58967 24096
45251 50254
64173 15693
7860 60180
65384 6457
65919 9770
1273 28103
15472 32129
70977 53662
43988 13664
65950 29728
58037 55609
21114 32658
37289 5697
63022 64728
48061 17719
11145 4112
32502 13946
36862 17415
70891 20532
60758 8093
57441 36488
71125 63746
3607 8407
37581 9373
52615 49956
39682 62230
19976 43432
53013 32969
70566 64398
27642 15351
57751 63832
29557 39974
51648 23200
42837 23085
65858 20474
50607 50294
19876 33523
8722 56788
25741 61451
40742 15655
45403 57696
24673 16698
13835 2787
20838 19503
10044 66954
69668 39583
15149 57479
21352 2462
25983 14796
45564 23211
27930 50971
11041 39938
3004 34225
49686 3884
50793 63760
61225 52817
13295 21653
10451 1411
46857 68166
53351 45112
21329 13216
51101 62829
52670 53530
43826 55453
11773 65083
67583 29609
54150 28240
23445 12653
71495 54499
21544 39155
61887 56026
18607 31288
34941 6047
18016 23650
28129 60727
24010 62568
3252 34569
32527 63670
34075 64865
2020 41423
18845 35896
4048 34395
13935 25086
30871 13270
9925 37716
17369 43292
6766 5829
34088 53850
32093 64438
58646 40298
64197 57742
39193 71436
65288 10763
25070 1434
23807 2852
46502 26903
67680 64550
8908 35275
35986 2389
23037 31163
7071 6061
49606 51327
3942 3659
29167 47725
8247 63529
2744 24848
49855 30339
25047 1837
58679 34594
39849 28033
9304 7517
28198 4708
61873 3392
44548 45197
11220 17052
56965 12923
65814 2713
11092 38451
20118 38225
40829 68364
33907 65536
52841 2756
35109 69312
14633 48647
61889 65079
24150 23849
48519 47285
43234 61259
11439 70430
40396 25061
15810 35333
31304 10869
50996 54349
18146 68314
19793 48385
13268 57042
31490 54564
40421 63900
20108 6783
33509 52937
37642 8886
33357 62931
34025 8908
66923 35550
64257 9753
25730 53935
68094 31611
45737 53827
1752 59367
67972 8990
52231 53175
50885 49391
55561 21080
64733 55883
13380 24543
59000 14784
15320 46678
52681 12148
49416 3018
4858 50279
14604 67678
68320 65902
5554 12570
26497 10521
11820 55623
18529 34709
29691 59334
36926 49753
3483 46208
24271 45268
21151 63883
70779 63527
54490 28875
30730 67253
19631 53530
15263 41606
41979 29767
50685 54712
56366 22244
376 66684
50016 27492
55383 40914
43815 9185
55210 17308
56534 14365
3706 2014
16 62621
55562 70835
57147 71225
52113 4241
23033 10549
44695 5447
63611 5366
4874 44086
49496 55870
6167 24302
67859 35611
37605 7394
56196 40505
29878 45294
41336 21686
55130 11434
42206 16587
55613 39632
40638 64395
47612 4825
39752 9399
67346 3427
40554 12238
20262 6700
7746 15354
56613 70779
56369 59536
53273 19633
47604 9781
40291 10552
45196 13326
12340 5111
15163 4999
13030 70031
41294 16333
13868 45503
65566 44303
63411 10579
63878 34137
31445 28994
44251 171
40902 50454
27887 62430
65916 36953
45802 38332
11685 15100
59276 17781
29760 43450
9852 28224
59297 7287
12640 2720
32446 48702
27040 19753
62588 6462
50752 38755
36993 48964
71225 56153
33839 61027
48908 14197
854 16740
25861 36003
22448 57483
14610 28302
85 69597
28590 61331
39421 25584
401 71560
9298 42173
67366 57517
49098 25096
25979 49470
24633 26761
57267 69801
10421 22207
69249 14150
46592 59560
34166 54861
70442 59248
16 5145
23869 16916
36869 26051
71271 3372
68883 34445
54099 16668
30125 2621
45774 57063
49416 51126
42004 26483
49645 41012
30864 18128
28253 67586
704 5788
56645 47365
69794 66917
16511 32294
29593 21082
8583 8848
7314 23741
59818 41630
59218 69184
57678 24244
9069 4806
19735 62970
53972 33313
40079 697
32344 15819
32351 41607
42690 36623
38604 63753
27469 47367
62706 51153
15502 17326
23393 11873
32015 4653
60903 4002
35743 45035
57720 37544
12673 15179
61119 13685
19070 69238
1517 64641
21175 52631
64788 22898
59980 21225
70764 37825
47886 56929
17736 57880
39736 3569
60087 5257
25309 33543
55341 33280
36600 68081
49191 64445
51471 54255
19466 31159
63281 14362
35196 42664
44533 6379
4581 47945
26439 53631
69042 42169
23397 34865
25488 26725
39661 39918
12811 34495
68328 4101
26577 59836
5004 69891
57957 1633
8882 7800
35045 1676
59864 36460
65698 42407
44212 23303
25985 16806
70530 20988
19254 48255
67517 47808
1087 3542
32951 62916
37110 45161
54037 46623
32612 54819
52844 53927
45139 55894
36340 50878
70260 63393
3223 60823
61935 36605
42329 38454
795 8739
67768 9604
9540 56795
965 6218
14962 38662
11439 3344
42804 48482
22880 36924
65885 29414
49458 4920
15816 69920
64324 48107
3996 25818
66588 12568
44703 33877
60730 66277
16904 19674
33642 16474
4841 44074
51426 28322
17750 45214
2379 21719
38786 58605
7129 39868
27412 58189
24027 29221
45504 8612
29382 5894
19676 54390
9056 65511
53345 25710
18334 39199
2791 11985
34560 70533
6872 45086
29005 13262
49849 59206
50772 35503
23557 2103
2184 20554
12073 3212
35944 52035
31294 63551
35926 16969
41999 25413
71430 13929
16337 51481
10895 2718
16013 15399
36576 61293
14681 69082
20765 56481
45347 41337
40538 2084
6172 65104
15109 6483
15727 30210
65775 68118
53431 65969
49728 71172
48698 54590
23980 58061
63513 21207
66317 40064
56103 48426
68869 64793
15526 14355
8565 1019
13387 21286
19603 54625
46809 2528
10953 161
55727 54447
36935 35575
15339 18851
66341 36607
46072 11310
41470 68617
17908 69790
9023 63310
34766 22369
15332 8194
40829 44354
58171 41857
33350 35522
59778 70528
49487 35101
10815 20993
2761 58764
11903 9206
5099 50730
64250 25650
59500 6720
51792 7184
61997 22357
20627 41863
53353 25388
51085 52554
13016 40725
60460 50038
2658 1107
249 34457
9310 20225
39472 2810
32242 31128
10048 71573
1187 36137
29710 14450
3664 50435
23731 7102
24064 68338
18369 10010
38465 52348
37581 48652
54533 20077
71717 32913
27719 18512
410 12538
43728 20801
2871 30504
3627 39118
17178 586
64192 12301
50205 62842
11 1394
51853 5083
38931 16018
45730 24337
67401 11178
21547 20504
39364 2058
11174 42873
5251 58051
24214 631
23068 26248
27104 26587
16829 51743
1283 32182
45616 48559
7281 55270
39872 9294
44618 32949
19403 18581
54437 58932
8045 64004
29941 16961
29176 29401
11114 20497
5805 67591
1125 35393
39326 42948
59169 6286
55609 18213
57998 66333
3568 9625
5212 43584
23012 25915
60787 50809
63736 54263
24543 51824
68127 43496
38461 36912
28059 58809
67432 32088
25211 9357
7426 30266
21433 69814
71501 332
51919 27613
58354 60087
56621 28567
48846 54153
56832 66694
7694 13169
6248 27234
49336 33722
31406 33568
18637 459
7784 25113
37332 12982
16429 2601
41528 56879
21334 3618
68617 36957
17971 15830
37893 19142
67582 47321
22810 10114
63022 41054
50687 42172
48383 16956
49424 58573
18455 30108
69641 20920
9960 65662
51421 54410
60170 9095
3340 70820
26879 61261
59980 8971
24799 52786
4094 36233
51652 43433
33510 53259
47044 8142
2806 7315
57148 56740
13431 56810
35222 54333
27296 39857
44613 46429
11120 11764
47486 44152
513 27779
48065 6595
63489 60690
38272 27553
59312 3974
45310 462
34624 17645
30926 34297
10962 67929
42900 5587
13855 104
1422 41775
45409 5773
28365 38731
12754 50983
13882 10450
63996 47931
19922 66194
48316 39667
22816 24901
34687 3677
38018 67054
36547 53439
53897 59168
51927 19599
29859 10693
19836 65898
41633 50892
65099 63715
26255 28441
50655 36409
2224 40426
13417 14120
55142 69932
2134 1808
14876 11136
60590 27814
19953 31370
16281 948
44119 56204
10898 15582
26360 25838
1075 12983
58081 12059
28112 3451
69245 55187
56384 41966
68074 62775
60219 63980
10200 70076
32345 43739
20266 50970
4033 37124
20258 32127
34433 19086
18815 24761
21050 17538
64241 30449
68404 34542
33567 7308
45377 45215
16749 67374
56814 67793
49659 11086
13736 16128
18570 65237
54322 60084
53044 41680
13020 37586
12068 51957
32787 9267
41167 27168
47108 29040
32833 4953
44893 30994
29233 11560
5473 35645
57356 19215
13397 54727
60983 62403
20408 35346
47176 46823
19441 36311
30825 56848
64277 43217
6432 18725
47667 22214
68912 37994
18562 49440
35596 36439
24529 37715
71650 52296
12143 69635
71775 13566
58995 32993
50557 64385
32316 51803
63929 15005
25618 22073
25818 45287
8197 57525
48132 972
33148 26935
30128 36332
51506 70132
35431 23166
29024 44913
24561 2850
32458 43642
69551 70882
5863 52738
2999 9923
49663 45691
40236 28311
25789 44828
64880 13779
4514 31128
63929 29018
40189 48615
70027 8179
67739 34235
24115 50812
51729 21141
56857 63557
53178 32193
52522 32791
13306 41702
13488 41221
44939 56332
26335 10184
30491 25672
64791 49291
26177 67167
11805 56245
63710 46744
24098 67733
58386 8028
38918 61260
47947 64981
32073 28622
56979 50048
46993 68662
52782 24356
34171 47933
62274 31285
30864 47474
48942 5647
62126 14125
54512 51148
27324 26482
8446 29558
64460 48494
55324 553
10305 7526
18839 13025
65868 70391
15480 12147
16889 43277
43840 47971
57355 51099
28705 71321
67176 49195
39245 24219
15745 68903
43266 42222
27549 68600
15767 55601
32196 71308
1365 58571
70529 36416
30336 17237
15830 39038
2153 41998
37572 15502
36644 19842
30362 21841
50525 27494
70085 7742
11601 2319
13675 19839
21035 22304
63363 8688
20359 13124
37387 50330
36968 29472
31398 71570
16856 29234
59878 2709
41611 21858
5616 34231
43618 2501
60818 51791
45625 11629
26066 30263
37532 59729
29719 11653
22537 7474
64298 21855
14848 43680
30919 9169
15648 31692
3725 20969
31894 23334
33468 60459
25680 69073
67461 55288
52059 67943
10445 2836
30632 52940
13239 44360
7964 22576
33844 12222
8498 41465
69783 6895
27487 14313
35711 14631
34543 38503
28760 71448
64752 43794
61144 67250
63054 56820
41794 29657
42153 7144
35046 65663
46772 13991
6910 39235
574 23507
24394 54349
7888 50702
15449 34986
35597 63965
52981 2324
69800 69184
68464 9256
35524 71034
60212 69377
1282 68038
9939 27335
58378 37465
37265 63949
34586 12549
70388 11152
67731 52129
14119 69009
24890 64436
31457 67036
3212 57213
2021 58699
24802 35
4886 6088
16581 44008
27099 52767
39045 6053
61745 36635
66456 28024
16632 56024
26771 65504
4583 2788
4937 31838
29777 23863
65705 39581
48927 8185
69760 42185
59706 60133
71321 15800
36679 51787
50398 69240
10261 10595
59637 32420
25517 45363
14837 10161
49818 44987
5041 60161
62986 69507
48499 62045
22952 44989
1623 62049
55481 46393
47771 6366
37635 55480
28736 10175
64874 12605
43653 30659
7963 20219
42646 21682
19574 31084
6953 32599
58304 9892
17674 12404
49011 12477
35269 37414
13877 68684
24512 24852
52036 63962
68035 38502
29407 18802
8009 33288
8904 30720
29481 52228
20564 25528
18461 21536
384 36941
71163 31038
19723 68225
57389 38724
19454 38495
42059 23174
68747 15703
66627 12296
62810 63228
57457 44493
40396 60249
55749 44706
71014 30807
52690 16204
7710 22122
45936 52136
28260 50586
29232 29256
43168 41045
69860 25651
71051 47025
13705 27650
25966 17723
62319 25740
16828 31442
7319 7311
28677 24429
23483 61704
53030 9196
50631 59624
57834 43446
2007 57059
20077 61882
26812 39183
32654 64498
20368 4674
37650 31439
1236 14781
7217 47048
6454 55922
849 65488
50942 50710
29395 11476
9981 53388
16529 7710
3575 71307
47212 31085
19214 5153
62108 32299
18603 42677
68127 54278
37343 26569
5455 27376
21237 7580
63746 28765
60874 63401
66321 39397
70548 30444
52851 36914
57366 30643
60102 15300
19056 61991
8174 2711
52157 3285
41437 17437
28402 54573
57542 61313
6940 24014
58276 36691
23349 23527
27833 32172
588 55230
49180 20313
23511 7761
52854 594
51568 9427
2516 48789
22456 27043
52337 31337
2998 27595
7455 14930
42086 14971
45707 36302
38635 29514
12216 22880
15151 21518
63746 47208
8912 64275
68663 43132
68285 45135
56562 64796
19759 12405
18576 31502
20355 28200
68026 50280
38171 38576
71690 57658
18947 63616
29649 31330
11253 56552
19673 21090
13624 44494
42826 35402
42956 55928
58905 28890
42966 8092
20654 25392
58558 32229
44629 40307
56723 69867
21278 23529
15852 31606
3378 27196
65566 38443
7189 29174
32583 18338
61695 59045
8014 60519
52295 12226
30254 17975
56125 6081
12913 27786
17427 33385
52117 34033
14566 22130
4020 39616
57338 57981
4293 40943
46641 39808
35664 29000
64212 17132
56786 5948
65409 6537
34454 11484
68007 31153
43540 25575
14606 46001
26687 4585
35699 46340
398 43552
15217 5215
48979 54297
32638 50488
56219 30538
70341 69844
31234 23048
60641 53086
26418 55028
68186 31690
15248 21682
14673 10605
587 42148
48945 7064
67764 10992
49210 35628
18818 28378
65132 30822
5555 44453
48468 67677
18310 29665
17615 15554
50898 128
17441 54062
8033 49756
34413 45616
44787 36654
55812 10306
54163 21531
937 63027
7794 52628
48719 19674
1881 30816
47267 18941
68799 71638
68762 14187
10732 6194
10215 16521
37556 68719
51176 67736
220 4016
65382 29842
15346 14094
32435 3954
4231 282
36736 30871
41734 38303
21022 12931
2584 9338
9065 12652
17387 7651
35249 25835
9057 14225
47281 53992
12241 70227
13748 66503
66338 26974
14677 8350
67924 55559
21522 13109
29058 31749
42598 9832
28240 9196
51632 51117
5565 64351
65670 10192
54464 31806
24194 69057
1821 28024
632 21477
50128 48063
16170 66289
70112 52024
60173 36482
58282 61908
29278 17802
28130 25108
40880 9185
71829 50207
3345 36631
59007 7409
2260 62221
34162 27512
2521 55846
42412 3424
4288 67473
57663 18637
16125 2278
52855 15237
63768 54848
58129 63369
8109 8261
67186 60278
61435 41268
4178 69937
23446 35784
44128 50175
51880 58082
55214 63141
49902 30178
21965 62579
64384 61388
23915 22420
21998 21816
39888 49861
34179 62753
12069 253
63235 52146
33221 6649
39785 51611
4310 43274
55956 58651
34639 20108
4388 33021
66886 67583
37653 13525
25447 23684
3018 6168
12073 65003
15029 56079
32769 31226
44988 38564
57407 60256
61953 30832
53342 43314
59521 23403
34116 832
49658 760
38669 66466
8802 38658
22583 61944
18770 29597
61823 40292
22201 50013
7899 51164
13327 60624
59739 71776
61026 65797
12247 65361
21680 68448
1749 20256
48259 32963
10912 28703
15962 63844
3316 52763
45866 10967
59699 30885
1032 64416
19971 16761
18362 15785
7402 49203
30961 21129
15026 45069
39845 4231
23168 53427
50889 67222
66106 61203
58384 59783
25381 69076
23062 24398
47774 27269
6618 28274
20829 50390
30698 3120
5493 8422
13476 56946
65296 4179
60701 16119
34933 29454
56508 67703
19235 68088
51144 9246
47917 69577
32548 40530
8355 27082
886 30043
4720 16958
489 53304
27776 341
35682 2107
13678 63846
67361 26201
55673 26901
8020 21615
34621 67624
25159 37189
30365 7875
8753 6190
57420 62493
44746 53299
43011 60054
6252 68059
6094 13728
47274 46557
52363 10279
33134 11849
70377 10804
49534 38869
18165 61246
49389 44409
6991 18827
23608 66813
64296 24349
30237 18549
4742 46006
762 42300
2737 30013
6965 12129
58972 57993
6843 68769
29588 18813
47029 20725
67268 12144
58846 2419
30616 50517
11088 32809
65313 3849
43905 18401
52414 25799
55889 34207
11986 54338
54525 54986
44679 27823
71585 24961
43874 43116
31646 266
22025 63853
49491 54461
9504 66501
28136 63921
64316 71781
15478 13610
61130 52364
48617 27812
45301 71856
66426 31840
19481 47057
46570 22897
54831 47980
6398 13492
37039 67947
25166 41540
41724 42839
45412 50345
2167 13816
10133 15825
35744 31590
4377 46429
44534 6921
45395 13144
25668 63227
61897 65287
62498 45505
47350 46928
40919 28159
7074 50463
31485 58095
30822 22059
34361 23615
24852 4439
64604 5859
37413 50616
26241 16672
70032 37950
23191 2512
5284 29174
41530 51883
53560 52115
44217 15444
62751 54208
37494 65507
41703 9666
54 19406
45686 40246
31882 70455
30349 65825
59341 18050
30276 42423
63864 19002
42209 51124
58320 53424
57196 67917
783 34454
50923 37693
20885 37653
64616 49495
23790 16669
57656 60735
32406 66826
31283 37450
41998 50244
24548 50498
64132 60938
36710 40269
34585 3041
5876 19879
65580 15428
15594 45315
17306 70333
29015 17031
15505 47229
34003 39172
58845 63323
3775 70499
43505 21650
71719 14898
48376 60532
15640 57337
2568 26900
5588 55181
65462 13692
12661 47524
52808 67489
43457 59516
33331 71209
30810 31766
71768 66697
70116 64856
44596 34162
7614 28566
66560 46394
3426 18973
64120 1426
40603 1884
62667 51436
60498 70539
65828 43735
64347 20542
65079 67002
34083 20684
61 3691
58535 35524
6635 47126
16270 39582
56339 25891
31569 40277
49784 13731
58556 69060
46356 57534
20713 44217
67692 34771
17876 18272
50491 21177
65759 22788
10291 67596
68686 9965
23031 56886
5443 28388
23742 5448
6007 26215
12568 8584
8596 66058
69459 36720
3600 44214
36891 1093
1101 4264
25687 59226
43320 8906
45380 30729
56285 53712
46599 60981
64574 49766
44818 21311
22650 63731
55164 67227
57738 49607
55670 33329
39875 28754
10941 1151
1719 37911
25164 22567
14720 65930
23046 62095
34283 51845
71503 3864
16007 2796
13815 2253
24514 22687
14690 49957
6866 23451
8761 44941
5663 23651
50505 42120
17722 62033
12757 68778
35722 6259
39482 19266
10893 45325
16037 57241
66946 26511
50194 63024
54908 3154
32917 44712
28331 13839
46993 67098
40402 10204
17368 57842
28305 24669
40763 17013
1466 33664
13508 64229
6723 36072
16146 54501
34274 46268
8789 67997
66966 29391
70115 32647
64296 27237
46296 40351
5627 5782
50573 5878
67358 61113
19108 15190
1270 45106
27770 9062
9733 14215
60944 51558
26098 26490
3090 25068
58104 50979
35633 6405
29872 24614
7719 27907
18947 64183
36798 29712
6435 34342
2428 28251
59779 41325
39094 45884
46442 2740
38098 15566
41589 56264
65364 51937
10964 67273
46954 3854
15682 65202
42678 19977
48545 59578
66351 26448
56828 10821
47707 45647
18323 9621
59575 57602
1837 68965
59250 9547
7311 51251
33102 60302
41436 68894
50738 13929
52915 57211
65813 39466
41218 60535
28847 30468
44579 63216
5708 63531
39213 9079
65840 7785
56069 6837
46490 55374
8184 35725
59099 38317
17127 58361
5685 64715
29438 57825
42520 570
52418 44633
40291 2589
10070 60485
58621 58519
33426 29342
67534 68252
43585 69016
44651 11390
14154 37897
52570 50773
16381 13817
40463 23196
2586 70678
69278 38016
70296 46667
47166 48022
6668 62768
69994 1713
38613 11692
47749 2973
39461 33895
41728 50827
37932 13694
56783 37805
746 23581
69715 21667
40670 59524
57275 54748
24369 50647
71232 9239
34607 17473
53041 31941
36735 19014
61475 15073
28365 43222
60977 71722
55903 64480
21942 34665
63782 47353
60549 7216
37979 36787
23597 69500
27599 61890
45286 67204
31966 51254
32743 58759
69545 1863
55450 40039
16420 12711
64770 2353
51497 13768
3969 70772
56204 22714
27344 37922
58726 67751
56841 50884
24541 38457
55203 7853
12169 4984
14372 66712
15659 58289
2165 45384
15347 63881
21033 66466
16373 33954
13601 25666
11043 58277
64587 16124
44658 2236
41077 52950
5319 71386
18789 70836
14315 34808
7275 58103
2286 39379
39844 33013
29802 50261
69419 31602
49774 52936
35597 35837
31643 33315
27258 2432
41221 21265
34102 27005
27551 47044
67868 64717
70487 10653
30999 6539
24266 12049
43391 70694
52826 1504
59324 11403
47631 13974
25022 66743
50584 70538
28721 32788
28968 24263
32062 29340
17990 45246
20828 21579
70946 29489
45612 30476
11845 32203
18952 9901
3878 40815
65951 39509
48389 35321
17663 32958
61805 46357
10510 29480
36636 64121
28564 43929
45383 68452
35304 48406
63423 4641
20461 25555
4398 7202
58249 38862
44912 8679
839 7165
44581 52902
49891 15280
59296 44952
12726 52610
37391 70941
15365 35119
25338 15556
31434 35503
71038 61117
22634 6621
16595 28498
43687 34208
47654 5666
42098 43269
18300 3555
63454 50663
43903 6893
16378 25467
20348 46686
16308 2548
40643 56430
189 8429
56 61564
42643 22508
17975 12739
40449 8306
4700 61005
19885 26401
36310 43157
14597 65475
31356 41689
66779 70481
18350 66960
60595 35145
56068 31499
69837 1969
13726 43904
37816 40864
54941 26998
26116 16600
47682 45267
55017 41811
56161 320
3232 17230
13022 10984
272 53968
6957 40079
30471 12491
33735 58165
25386 49679
49565 53578
48385 38449
35314 32817
17727 49547
69537 3262
67952 26028
68731 35592
33800 69527
21900 43475
63585 17187
55048 2786
50406 45233
44036 51061
49046 57564
40660 10838
4734 18615
11762 62220
57153 40072
51581 21293
34930 38425
25009 40953
22219 23751
39702 47766
68745 17447
25993 43338
31936 70920
68197 32396
47661 45157
12572 39808
13387 39203
63584 7284
39642 42238
48907 44509
17432 9039
23805 47051
29725 58471
52002 46317
45447 67900
48496 21297
27323 5393
71605 46385
61708 975
47279 6286
14558 16726
35900 44187
1907 70003
17734 8744
28544 53855
8309 69762
18575 32220
8562 27834
30907 43636
44293 13173
65542 4226
67508 17783
431 68768
14202 63228
18729 54271
36024 43031
32344 71603
67248 25147
18216 30718
37920 35591
21110 65010
68705 57257
43891 12496
46631 69770
69405 6192
21072 55858
33038 31488
20426 34018
47611 68744
5292 56021
46908 2801
1077 36957
50093 30395
39909 51697
1147 66706
8457 36627
1708 62609
65846 55618
51419 48961
18409 27999
44229 31308
23322 45388
50226 53491
55145 38679
37396 66681
47754 61939
952 35097
25272 34505
29704 66601
66111 71471
46687 39325
24688 21622
21672 44495
5261 22426
67699 61663
25367 62971
41789 41815
17619 64568
4566 48925
67001 22637
23245 66873
29193 61322
22118 48867
4456 53934
31498 62267
33650 17368
27842 29315
66624 63482
3360 27135
49518 3173
23677 35655
12239 18265
25048 70960
5259 15038
56985 70274
54688 67463
5933 8832
45118 58894
43571 24760
54187 22565
10116 53140
28746 1963
51422 25772
50238 30452
51765 8913
64049 61457
24507 54663
9397 37359
26801 10342
57272 22049
52977 66038
8783 39122
47287 10757
22583 9962
10402 69870
24524 60844
50578 28426
39132 65334
533 54737
10749 63912
55173 53117
42059 6202
20138 59079
70205 972
49262 11194
33121 62090
4230 35123
52130 46931
3593 38178
2190 50398
22896 27697
19193 47129
4365 17002
38046 71609
68171 907
50368 42673
43720 69461
33661 39036
43039 15355
34294 8626
33223 57240
33596 55536
34701 8455
23429 59543
12270 463
43327 12762
44144 54863
62869 8417
52102 4323
67886 48373
27450 63960
22093 27844
27018 2718
54801 20360
60042 50639
10196 70249
23220 40602
65209 62953
30226 64941
40890 62228
54134 30864
71774 52153
15682 37956
44830 36478
14310 49755
68485 63311
13703 29304
19822 7127
50848 56771
68859 51629
7910 242
69516 49943
21549 19392
67484 71495
21949 66574
29666 13168
38562 855
4886 24163
59376 28160
67006 38622
41251 68929
7022 25299
26476 58785
48434 55253
71492 68510
53393 35861
1030 161
54716 63016
49775 17982
54310 5439
29389 1640
68251 35507
41955 6578
65114 1457
2254 47497
46293 67857
347 15336
43703 21898
39153 28626
713 2332
3363 7890
64725 53067
21095 3333
41572 15040
52736 39509
42088 62168
6222 15285
52479 65224
50775 60941
14315 4274
11593 6949
24787 38315
12838 24385
30138 64036
34746 45878
19547 17242
16493 12237
3316 15520
4375 15275
5923 26858
60680 63959
58948 41480
29531 46446
15011 39332
35447 8368
6104 9119
10965 36962
67597 9224
27484 41302
33881 1871
32203 49319
70590 17629
43482 68342
26954 23057
61130 45886
34709 38654
54726 67113
40562 67740
37708 19749
7405 24393
25682 35208
10808 21150
42493 7640
43579 66410
7444 4844
22427 42752
28358 54001
2576 25293
46938 42371
28169 65325
38131 18512
14858 63653
20556 5525
2587 26354
2571 36209
53430 9593
17873 30005
62344 38439
70762 16931
28429 17142
52988 63599
70487 41838
34235 58490
47655 22885
33144 52744
38040 25685
9891 57412
59393 69254
5326 59432
58448 54968
50430 54489
42765 10741
22246 24903
35334 24288
23621 54988
41366 70143
11247 30743
68458 58561
14258 34883
13722 69289
21987 5431
21370 34802
3059 4189
5378 53593
49536 12289
46292 20746
47103 50264
54847 54412
3826 71315
50781 57577
13691 51630
47405 67046
10559 26851
33578 9120
69741 53257
32759 41511
24029 31936
46333 58317
62927 38399
1932 13432
32046 26299
57948 47195
20697 23661
62268 17236
41560 17647
35504 216
67406 53695
41576 71548
8318 53490
25200 50712
40326 5207
31242 67979
47333 60767
34158 22769
30269 33703
13012 46861
12373 53061
24478 65481
30154 67873
46007 12494
13953 49778
69639 48240
55344 47364
17117 66440
55952 64216
42714 57424
49936 44908
45250 19577
10377 17007
65717 29842
15560 34513
52895 40375
4151 38765
37117 36235
35660 70813
18624 68169
23179 58816
71289 23896
33976 36711
55994 41595
16877 22899
68844 47753
42587 7381
36499 8199
64499 24378
15131 41546
30335 52069
68905 6271
66426 37189
35479 6305
12496 48246
28408 69621
58146 69140
47185 11553
28894 23471
51478 67168
17356 15299
20958 34365
38252 17568
17223 17887
16476 49629
33248 45030
34582 64763
34463 62331
24669 33372
45788 19471
16477 2269
70786 43115
70835 30993
35881 18901
3536 4974
54538 24487
24435 57758
62093 8697
26740 13626
61031 1208
48382 57564
31548 6116
62226 33843
17244 43098
1854 49162
24217 67785
44499 69188
34619 56441
24391 31162
64210 25927
52856 23763
48133 26658
10537 57349
57555 13829
43759 3777
13801 68994
46543 33996
46039 25603
46096 23922
5082 67879
27417 24404
62013 52286
36891 38146
35236 29140
38144 47566
22864 30376
62964 58860
17528 34468
16024 71223
59783 37343
3075 20174
56064 43999
10167 13321
69656 27870
61133 47864
71253 56082
13851 19136
2765 60292
18427 31763
27301 2887
10259 27553
5624 55636
17386 8347
6971 12289
40843 29459
63187 48594
24190 49965
64337 33484
404 65016
49456 22685
66753 18725
869 3760
29276 54477
55099 37439
70925 24065
28573 7230
53114 33402
61477 56052
6790 15489
31443 71178
54863 66623
51260 63362
40726 9289
65311 44364
55133 22124
30236 19702
61404 20232
44015 70912
55422 306
12851 37549
41265 64628
62982 60216
57564 18455
60807 52672
58799 58137
35880 37310
28455 6312
25803 15876
1881 31066
22728 54613
26 18508
20299 28005
1201 43321
11931 69521
42408 43301
20880 12711
48155 1802
64564 70750
39330 66986
60130 10177
13027 67882
889 40467
44047 17509
31730 54602
50155 25910
22365 38588
71807 45232
22941 48089
29968 36115
2548 1529
27238 48469
23664 18619
11329 27550
23415 8237
22366 67456
56510 8561
63900 31873
52671 37517
57679 64067
35812 29581
57868 22649
5338 5525
30389 49512
17104 53454
57994 66293
60989 731
9440 51746
66483 24057
23404 9660
18522 16403
59898 24032
1378 12765
32803 35582
39456 41595
9338 1410
28842 14331
36877 8563
62231 39490
59192 55024
44456 34026
46843 50057
63897 64126
23132 4892
47173 6134
19090 34243
63100 43322
27855 14011
46649 5868
60420 38494
46019 52949
47449 36890
23479 11244
47567 28251
42372 52506
70 13571
60220 41600
30132 60627
69817 62811
26399 2905
44781 55090
6230 39286
7419 34721
3734 22302
6237 67060
40315 49919
23492 71734
59114 41854
39355 30629
28470 4326
18637 3291
39630 66031
37396 6939
48363 70693
65180 63356
67306 32542
50229 23481
3030 63920
15703 33750
45489 43405
69574 26435
49667 6186
45741 19682
36678 29640
27264 2134
11033 15230
16113 34035
8257 67324
22701 31325
26504 12474
20286 3154
32107 24446
3690 19993
55932 53417
42246 51602
34200 34257
5409 49070
30223 7400
5567 59492
32692 56977
16740 71703
32509 21578
16341 56422
68243 34047
8922 14881
21320 23911
20283 36683
68006 6750
3142 7184
10299 12996
61902 37839
55216 24442
54560 31456
40502 56416
67835 26237
42409 5004
31541 63123
19639 38459
21617 40470
13335 64791
23541 16618
8445 38876
42953 34151
33978 64372
41098 54841
26655 62469
27963 2656
61222 32458
49616 36166
8659 9007
39383 1912
51354 59658
24042 24376
4405 22674
33433 634
1224 28447
39057 51619
37741 30708
58006 29727
22176 288
49085 141
17535 38456
24601 49859
50512 59204
3656 6721
59297 714
11609 11457
60452 22431
38680 3458
21422 52672
69006 25135
19716 115
18746 60418
56310 5077
51609 49573
60358 48581
55109 64427
9111 24807
42471 63558
10139 2389
64033 30484
61929 44283
5301 7926
10294 38140
61408 50475
27570 68995
391 54271
4869 64377
38007 33580
13411 35994
35262 32565
35095 33620
41671 40729
30585 35576
15261 47390
24620 26436
13048 1647
18929 28351
71144 12623
64285 53457
70908 55888
33876 50966
5348 27986
53006 64649
68135 27255
39069 64235
63156 51098
33751 52957
49986 52583
70613 27603
39107 1185
35407 59118
70098 25467
28829 51441
69146 64913
30223 57602
12858 38275
12276 32406
56973 63060
41438 42840
43743 60064
6021 8615
49135 31371
24913 22362
54565 41550
63811 32208
17444 53552
4188 16124
7925 18153
71698 47961
58333 32955
1782 14080
20905 34220
27107 47504
1825 24744
19025 2421
56398 68440
64020 28531
70757 7450
8942 38327
3211 71728
467 65488
197 63412
42189 27216
34853 4140
52289 12087
24708 56201
10353 46680
48816 36182
1390 38294
51532 4682
36740 7955
30153 66244
40103 58038
13563 61206
63427 27909
40576 63883
71763 58993
2931 64625
43664 57101
61420 57856
69993 20421
48581 8436
39310 52888
7596 54851
5971 22110
36670 48728
21471 26471
65044 29096
19978 40195
57498 5981
47441 50921
2591 20439
35540 14064
40009 36953
71575 23492
21307 63115
67308 45851
49591 4148
16709 8069
46363 4736
46263 13163
50494 6130
59368 56057
32766 44283
66710 70253
66254 25650
59693 59991
3042 5220
43650 59515
59516 7633
24733 39480
60271 31365
15745 1990
9794 65859
37826 52980
2379 8030
60475 15559
33316 2211
60048 55119
22130 56520
59315 45671
68307 22449
43261 55919
66706 38589
59183 7056
19574 43097
19082 38205
34305 38124
36100 20537
65233 67719
11461 2609
63781 45752
20229 62663
3053 5328
37276 62204
62065 4491
13286 26255
29225 32235
47821 63475
35651 65155
16869 67939
38746 14726
41718 24277
53044 35010
28589 5643
36580 24678
58063 53347
43324 20754
52912 36547
12002 52746
61041 69553
8827 58593
11424 41923
17759 4058
62153 14029
63613 63443
8629 51438
18101 36252
27803 2869
10574 13645
68819 10680
7107 53844
68600 51209
50704 16408
62282 55766
34827 1443
30471 57759
19100 39147
44206 48324
65745 26378
15414 35888
3556 33925
26831 45985
56844 63230
31428 46886
53150 42094
42398 36817
69383 1983
59606 50010
49392 46543
54 50839
56989 59797
68938 29633
20549 18829
38573 62904
3044 50086
65187 55669
10302 20783
4989 23812
26202 64220
17137 28466
49526 40184
61649 751
14996 61631
38897 13578
53508 45693
5591 23099
52504 26131
38897 2732
51429 14731
45891 70633
38808 14260
55939 34174
49269 50852
59955 22069
14477 878
54870 12911
13236 31819
20952 8578
61964 62505
32708 7524
8721 62478
29508 32532
6299 43457
19123 70382
54596 17519
55614 34949
9830 54399
58516 40314
24389 21053
48312 39750
18212 45248
18760 63510
7506 17190
26342 21058
69380 19616
28175 31053
2439 48770
59840 65371
68541 12401
55725 25718
29932 64098
61589 21479
33380 21930
17798 64977
20688 33593
29748 51216
47593 63569
33145 26759
47047 70226
53075 5786
40404 20275
70551 22702
7689 27231
14004 12577
59526 33545
71316 34290
19522 53229
62114 65552
1994 15148
59520 39594
56891 67306
57833 40913
22358 3300
49642 69553
13632 59135
34052 41032
68644 1215
50742 56285
23801 17755
8097 57658
13536 9856
58316 34092
18907 12366
37214 43732
66633 56074
69360 51528
56145 40024
40638 67407
66280 58430
29201 68443
43867 20442
34902 37122
65959 61233
28216 32127
59024 594
35198 29307
15930 4319
47370 45164
61681 20155
58764 48898
44294 46035
38204 18699
21784 24918
50171 37342
56236 35308
973 29109
36342 7185
14554 71703
12120 24069
6359 29941
44042 48150
33910 64724
20519 58656
46693 33968
50613 15931
64367 59234
8908 71819
25877 15332
65691 3337
57261 65438
71502 64277
6614 19506
37998 32163
23519 33452
10783 36441
10521 51222
55288 20579
48649 58972
55341 35674
10473 40830
22070 31152
69568 24486
45672 34710
17202 66611
71328 37120
1140 7018
16067 69426
29635 71434
17856 22260
39127 24406
6452 49780
51723 60778
43534 70509
5564 38206
68278 44810
60733 59561
66317 28887
10615 68132
49967 21323
26788 1094
15981 64296
9069 36852
24257 60869
44399 31939
22416 54662
20905 19054
45853 60368
55865 23727
33849 12796
13024 33856
29686 28860
42524 43117
28597 5484
1473 21958
7171 20167
57730 46250
25092 58408
17652 60121
13032 66110
4193 68148
53582 62851
47107 33947
60203 32927
5505 42190
32342 36276
47827 41857
58165 53910
50145 19356
27542 19474
62724 50126
26175 58907
67076 28336
16994 57761
68473 28904
50865 21631
24667 7503
70804 48975
68345 49549
30070 63215
7247 8619
2931 19486
27048 17074
44356 69115
57674 71177
56445 36450
66895 14072
10601 9311
5363 20391
55703 51799
22183 37942
5379 65863
69611 71339
65871 16839
20156 71586
68975 43313
3093 71054
58825 6842
38919 13125
33635 55580
53363 12552
40557 39160
27761 35453
16225 58845
11081 46700
42757 159
54512 71836
55981 38049
17019 17012
2393 25687
43281 14839
52210 3834
25506 49204
25636 27622
17545 63488
10872 29156
51605 57324
2939 45754
71368 69459
66229 17728
69441 59011
30340 1938
62604 8063
60056 20165
55555 58828
3827 64057
16433 69855
50151 70895
20367 1014
1976 3683
64009 32520
62262 8713
59803 16457
17819 50528
29588 14798
26454 23127
2594 64270
63720 42216
40846 46981
10945 62222
21964 71226
60942 65375
9199 29191
11153 70967
46949 71482
56939 24273
826 58928
15375 57654
62857 35179
37070 4141
22916 11606
43498 66706
67800 54689
38183 10319
28644 43208
15859 62025
25800 58429
40812 48743
16974 68771
25664 41306
6729 6170
71046 26737
37206 65398
9836 3831
13084 38392
53647 32406
31709 37610
41431 55847
30720 29660
60146 7481
32349 58844
29358 31301
40513 65335
60231 15698
70926 34441
25187 50887
55304 41165
46519 68770
51144 60910
57247 8658
24089 18077
29268 7585
4926 26848
52173 31217
6721 7046
28652 59260
53098 46470
31265 48950
12311 11357
24227 16671
65274 65186
57583 65102
64620 66419
13160 46765
37611 42950
59245 862
66723 33901
49279 9060
27605 3720
21936 66521
52462 38796
50074 60713
24499 63560
678 9862
36027 50076
62503 8491
40524 50810
15003 45555
17283 60965
68577 15093
59061 19592
45639 6038
3549 21697
57806 12691
19293 31639
20631 40672
14236 19382
70191 6183
35149 21591
47295 13138
65374 65551
64397 19785
18967 45883
62891 15783
70137 33718
28539 10175
9135 38805
41771 63461
25302 51065
1843 65491
63133 65008
30330 62052
33728 22507
52313 49882
25695 24349
69371 37009
48208 25994
22389 23031
50967 31788
28891 14390
63439 26474
7230 42237
32718 48069
57750 64716
48410 29282
67140 67921
3527 18100
2823 59863
27588 3513
70839 13964
44813 20588
41869 26597
25629 45286
11157 46992
26569 21735
30403 71403
7913 35972
60320 68709
56085 41328
31375 3535
44668 49890
41934 7185
13392 26186
52641 29200
38086 42774
30508 4852
68851 1974
36930 67895
3781 64302
20936 42731
5244 24779
24791 34135
45328 67319
39667 27823
59547 9244
20879 30304
68479 53191
28235 17337
51490 57038
53087 1263
18754 51628
54891 52436
70838 30987
24882 15190
42868 67375
61414 61345
66100 7186
27877 50288
68445 67314
21992 46510
35276 47527
19685 59492
45491 35832
60918 14576
30890 61304
309 4877
54399 39034
49815 9550
11258 24025
68553 56415
33023 20327
27204 24302
2601 63452
71362 12045
11311 35636
27790 44519
20981 19977
45101 23461
58695 33069
62365 19324
60979 35389
9896 67858
39504 22301
31817 70860
60474 13673
61587 52655
30712 70134
50792 8835
21820 61729
31588 52314
38892 40618
61489 48821
29683 51424
41294 43630
17021 36871
63982 47262
46065 22992
9548 463
54011 40335
42964 22601
48242 21951
22121 60731
71374 55802
22566 9588
65826 18169
50226 5956
21025 24318
38208 67548
32675 57806
22352 37888
19564 46625
27636 42910
62956 60169
53679 45995
9861 49689
2596 68961
34968 62245
49228 23190
18409 12197
69537 64360
46303 62366
63031 56034
60212 29958
25640 34964
63859 70415
17070 27556
60234 29488
14027 43880
18701 13244
49497 18332
13480 2542
44150 23992
3338 66686
16614 54522
37166 17879
44128 36513
31185 38714
9754 22515
50789 58898
67073 31584
23896 10465
3476 5910
50532 4561
34127 60861
41682 23406
26123 19633
11161 40925
57652 51138
59258 60188
9837 942
22278 49040
16796 7035
30402 10318
37000 37077
40786 54503
17132 39414
22278 35161
55969 62900
1933 12764
59648 52910
49219 58644
65435 31721
22453 71379
34954 42186
58588 35897
38946 18841
51051 41878
41917 65165
14 67175
48475 33007
56721 10978
23509 41560
39440 38560
70238 39816
7101 23172
70100 57787
63785 38412
2741 35918
50713 45158
44931 22597
15817 60849
68503 38327
52575 67639
40083 69002
1452 41191
30104 19389
2901 63089
15512 8198
47666 38035
51168 52733
64438 33170
50968 58337
41000 29491
10576 34074
21950 51937
18116 59397
61596 58825
28000 43926
23672 53470
899 49501
14709 64332
29169 10076
44874 17875
59272 153
16578 69591
21209 46462
30274 58996
41811 59332
18939 33433
61653 57265
33970 59452
46196 13058
32947 56092
8183 11152
46884 38012
35767 43897
38690 47399
6952 65412
52304 28814
16630 12158
70266 40520
22994 18859
6784 20458
33580 25389
7810 45700
49550 31914
10252 29947
30412 67345
62118 66467
34302 4325
58694 16670
2160 39281
64286 24252
14115 66208
36481 42957
14828 27648
44283 39647
67491 67252
56670 25887
46908 10732
35578 4724
9817 56908
26001 53859
44939 42432
71196 21448
21584 1332
10592 23427
28064 33054
70788 2900
43586 30795
14836 13889
47709 12888
33954 18113
32349 63181
47934 46712
37843 69703
66896 40597
8020 33859
20260 2181
42380 30202
11562 65928
21435 47639
3723 63694
11192 12438
55055 68264
22821 43359
71673 7615
49263 48435
34960 39333
60839 44067
24992 11241
53483 51372
34706 12621
32633 46967
10321 64496
69299 31537
4687 15977
1849 31538
52030 22269
40929 50056
6601 22699
1033 56993
54187 39006
62071 68303
46916 62368
34074 17898
8102 46221
59809 747
17364 24809
68847 46544
44938 39833
19544 40806
16434 8808
71199 23398
46686 24120
27345 61178
11193 1685
24893 43971
64550 27037
14668 681
1331 54714
2637 6640
26427 10249
28817 40578
48909 53935
13735 14742
24798 60299
67142 47445
5848 50667
2797 54335
5325 27214
21353 2189
49893 20039
30025 60320
42699 58439
47441 44940
3040 22198
28216 43219
53998 8356
4723 20585
28434 23147
24135 44534
50302 18638
40182 38484
44423 71766
51037 19272
17644 501
27426 34324
7205 1605
53730 25695
3785 59821
23703 29197
52262 2737
51877 67894
7464 48030
54398 11457
24507 71480
29975 31586
46780 60641
56895 14299
56531 2762
48004 26727
67984 16717
32308 10376
36496 37416
64363 20003
40739 70579
12587 63428
44007 6573
55564 46249
18828 64774
62369 53861
46324 30681
45637 44532
16657 41659
34069 44065
40069 24152
30625 62031
21770 783
35938 9660
14736 68411
70481 54877
31006 52045
65190 11945
66932 22576
69855 57340
6945 27678
25332 8823
1050 61348
23323 8630
33797 64409
22939 9687
40798 55415
33433 24239
21444 62440
17380 63988
541 5255
11097 32514
59654 794
48580 8298
55861 58499
23682 18483
52175 70701
39971 66869
41688 60474
1324 618
10647 12464
66518 37767
50332 41938
65176 27043
61470 63991
43258 10231
24896 27867
59010 14584
59768 26048
8492 17586
44936 29922
31158 40155
22987 36657
10183 59662
35726 35925
57866 31350
30695 20651
26693 47186
55048 34960
17279 17236
44083 32571
52110 61688
16575 29134
24796 25771
69249 18121
58135 30464
7245 40468
64398 57462
60391 44497
5654 2127
52921 30466
49287 34042
81 12170
36792 29280
6428 53162
43648 59044
23521 24297
45716 59551
57173 12646
41372 66909
13151 11134
10551 53362
34699 53976
48194 45377
40894 70253
10057 45162
13147 45623
51277 66773
53317 32509
49734 7269
44927 36063
66512 57132
53614 71871
50824 52683
27624 33829
42125 54206
65358 47839
47690 28703
36107 32866
58920 52974
36129 58225
1739 189
11800 60754
21151 62311
53233 24823
13431 17166
50917 6723
41976 55022
37508 37727
34327 58547
11236 27814
48264 53676
55036 40695
58782 25282
34425 67834
55524 57667
43903 14034
10646 15826
15756 23176
51430 68842
43578 358
59818 365
5195 28232
36582 6434
7163 8092
28513 56877
32849 13680
37527 53379
53646 30236
6552 70957
30484 7436
32226 51315
13037 37008
69230 56175
54958 17110
55862 62334
56091 55512
8206 38320
17945 13864
22996 18907
32550 60945
20855 60703
36060 53398
14365 13475
67010 28593
58985 25186
11749 3219
28143 71172
23151 3919
5611 8646
9057 45666
14214 24044
37135 32637
41060 59792
67179 46199
22281 36200
17951 30395
19091 33522
27197 17377
58184 23228
57700 31517
6986 66593
496 27767
23061 35493
55527 3337
37052 65419
42249 43721
23172 65576
70822 6054
42507 29198
57510 38940
57415 4408
70401 58456
10807 20213
9996 23152
47489 16620
10054 23093
55307 43348
40998 25864
2320 44250
48564 41754
62424 54982
44523 61945
14192 33050
26902 18489
35979 27125
42869 43964
68515 56569
50101 31227
61333 56591
11771 67329
6333 6900
45538 68231
52065 1260
5932 59695
41180 6256
22874 6983
61385 19453
3078 57232
11924 40860
67325 63999
65140 65630
50142 51802
17008 60575
28334 28971
57844 47056
70326 23771
21995 52542
43911 66275
22841 60177
4986 20984
27859 18246
56961 7984
48549 52197
37488 61626
57799 20868
30489 43568
64346 49382
55686 56081
14165 47280
63228 28981
34859 921
25693 46887
9389 40220
22009 50117
53261 12145
10147 9805
48784 52185
2534 23604
26830 66749
25428 6696
51789 39955
71016 3815
43879 26406
49792 41048
47350 48207
30006 63197
4850 8119
66961 38071
27774 22874
26457 70264
22691 65090
12629 18152
44396 13083
48389 21188
433 11700
5648 36099
24373 56607
24879 10695
43217 33009
64764 64366
2881 35739
59544 3823
52807 24904
50134 43013
65324 61212
15401 32344
28520 41659
29524 12697
2339 8745
68979 37279
6891 27431
30306 11686
11981 66882
25057 39869
55295 42680
26678 34934
54358 23293
10414 70713
31137 9749
19321 70307
32241 15168
39524 55616
59225 62672
8995 54292
20138 313
23652 19303
54393 20483
28042 66449
4240 59827
36106 71770
62686 9826
23216 15474
8933 60998
69638 56819
55037 17286
59002 52427
25609 8544
53212 8054
59819 37373
28566 2999
30166 39130
44336 8978
49126 23520
36473 13217
51173 23187
55019 9173
45917 10535
35151 9524
62003 63517
67067 54307
4873 612
4386 753
12456 59782
38033 37053
26908 30511
59080 8229
33658 15031
12536 23790
66552 46627
68002 57904
67769 22684
47683 21644
9852 40720
59713 55390
17776 49414
2814 43874
3865 46020
50617 14166
37385 27568
31740 24526
22088 15393
14296 28732
54098 63221
66448 67861
70877 40316
42507 28098
35118 9360
34144 51262
1011 27463
11722 13491
65295 62405
41866 16401
60082 14697
62254 30803
57494 8970
37058 22901
745 63184
4579 45898
20800 54782
65690 43457
20027 9718
46028 9948
70701 7000
29137 50318
13098 17504
2421 59353
66432 9018
21921 5844
61183 33266
24975 35170
32188 24406
58017 65240
22660 8398
60604 41695
64784 64710
32380 64469
27047 40788
8098 5754
2074 14693
20926 14597
11529 27153
46134 8280
3082 25743
49946 45098
30920 45307
22523 71038
57976 41911
45732 2729
2045 756
8068 59889
66679 23016
57758 50319
43206 36083
15871 30874
46435 36622
28509 52425
49339 62742
46184 34236
38155 48386
28322 45365
53623 12444
58322 44884
39163 10040
42852 1933
44346 29532
68742 26010
15800 62835
27492 50011
71371 18448
818 35954
22270 25609
69267 756
42041 32458
7164 54615
8393 36617
25247 46609
34324 7246
3502 70143
7312 41129
65550 42655
28978 71720
11760 33865
44600 47734
15451 5159
9812 62958
5258 10197
27215 70011
68994 30287
64003 23568
27665 49831
14366 66707
50811 30478
63344 49761
14503 24833
53947 20209
427 10260
43351 29509
27863 3214
43992 42337
30220 14441
63068 70013
27367 42674
39755 7713
62487 45121
47802 35954
60083 20492
47623 48262
6476 68749
69480 26891
13114 24240
12994 1958
5741 12128
40570 68585
32901 46531
14263 17509
38977 58656
30433 48039
13894 19369
53704 37763
35826 21032
71398 37115
71479 25699
961 25227
58667 69000
38823 5006
31461 58280
1401 47110
42194 4174
66895 30335
38789 70097
68261 58651
54275 47270
6160 60649
66191 39523
19088 904
41979 34989
60415 43057
8053 42550
55590 41474
45481 382
16580 33228
67604 65268
49282 44625
53494 49162
50910 42911
33397 64508
7599 10192
42798 57255
70901 66473
6514 23216
29881 13136
13441 47521
32339 16804
20 17573
43042 1665
47078 6205
10661 65652
59491 54470
57625 69144
38368 38158
54031 23329
55544 36123
10087 18024
62234 13947
12840 4082
7723 3374
40860 65236
58646 45225
67188 10921
28553 36093
17544 48193
34751 54331
34546 61052
2907 37754
41574 61317
21353 28073
426 59968
43803 50115
26617 32214
60396 38603
36078 66625
42946 33690
5462 24995
49324 31658
43049 59186
64820 45211
15160 30531
66033 43218
12994 11207
34241 61291
10276 36218
40292 54175
12938 13527
48176 45794
37882 41395
44640 32680
67803 56836
38493 51348
37176 35756
28242 41169
70688 51452
12785 58281
18507 13019
22714 42553
18130 54911
7539 70934
22720 56102
5366 13744
36345 15304
45543 13650
26429 53868
30784 29114
53877 39211
19982 19290
42560 38097
39917 30448
26315 11365
58268 38997
41066 49381
6118 37592
52220 10315
6844 52450
11781 62087
26805 24411
23666 34382
33379 9459
57823 54946
53360 44411
20727 19006
38991 7665
56614 15704
64848 69206
54969 6174
29451 11016
37956 36496
60350 55186
22424 28359
47451 19752
21465 14892
7714 23299
36611 18038
58769 37949
60856 66779
54664 51739
60961 15568
37681 65954
65791 10355
58372 342
24049 15666
21412 27982
12422 26175
6275 46304
68508 35831
27245 30294
46167 56594
22375 40080
14179 50818
16139 39980
51717 36889
45812 44244
3507 69629
11851 43217
44951 68502
60512 19919
51391 12674
36196 67464
50712 2028
11498 40554
13366 51361
49439 61310
62612 52926
61725 69870
19274 55796
15725 31601
51792 21090
2035 43667
26333 68886
13415 67697
70636 26768
63770 12272
58963 65912
55366 9219
50317 25419
25268 37650
65804 20981
40262 65359
48927 44223
16631 68684
65843 13739
12835 29336
24281 38148
29149 65738
64948 42873
41303 12786
55989 34192
8935 49651
50875 66249
17770 44232
38144 15874
70742 10962
64486 7766
46618 43953
48732 10133
48123 38133
57860 32815
39243 30977
1047 51618
9598 10223
56150 41357
14406 24176
5059 5062
68920 20165
69452 51059
27568 35524
13031 33425
23665 2466
21208 42299
3485 62366
53935 4320
6477 20184
29421 17878
20991 35131
46488 24982
49049 15559
19618 18412
6221 23116
36802 39421
51811 53344
51110 65082
13741 51907
14407 8428
54734 9261
56125 43232
38244 9759
48977 6163
66063 24614
2971 68574
24670 11154
69800 38886
31303 27519
69226 70327
42055 24919
17306 26862
36775 42418
59623 25623
5129 63992
20296 32983
60902 63325
53568 7370
6445 4528
6992 71880
39393 38612
27006 12213
29785 30488
65603 6670
18496 23286
30010 45064
14046 22812
53245 44930
31481 53431
46579 52187
33413 11269
21038 55325
29808 499
60429 2580
11370 32369
17064 48364
22052 2878
11827 29841
12224 8337
49459 1281
4559 36993
27203 19156
71506 6085
8802 25015
259 59589
7833 27139
66708 11021
39001 63324
18119 48158
3135 21396
30242 25169
13942 31978
4653 18238
6179 57618
47638 54399
44999 44011
22357 54495
53640 24009
31277 21076
28540 7901
27423 5401
39864 57700
49028 27085
27844 31997
67576 57382
11703 64692
60757 46610
38502 20350
28256 14908
20992 1800
4723 65114
48874 29772
37390 71821
29638 48867
27700 56017
57291 10291
39059 49665
3028 23683
3676 33252
3819 66549
4756 61211
6216 65740
26431 29475
9991 53243
27948 30899
32361 56300
28472 25163
1421 66251
45991 16112
70103 52495
28155 56718
68747 13526
43630 71639
5546 57701
50050 26190
70011 51630
62803 23370
25958 70999
62237 9632
54429 2022
33697 12693
7164 17557
62713 9332
52511 11810
59474 12949
44768 57579
68938 67108
14508 12615
68254 36345
21171 51103
13570 34926
19856 55034
59636 41240
46873 35724
65882 62932
33535 21117
5550 5741
45511 26519
39516 42575
20709 53674
31357 58830
29308 7597
17170 32412
48063 11503
12442 49192
33758 42221
4764 44846
41321 40844
44263 46574
34165 4143
10730 5542
13384 21688
44652 56599
30974 30553
688 41028
56085 1672
41617 60211
59582 36644
70808 41023
161 11124
66858 27626
4904 11096
58767 34216
9288 67095
37821 47816
63670 50392
43026 56975
69720 65497
45632 20877
18029 58779
421 4002
3253 970
39402 48141
22314 49013
40533 2961
66879 42035
19607 53659
48409 16044
26023 56578
7609 12254
58955 35970
47175 58544
34484 52379
62980 61326
52928 25427
33169 60511
5122 52393
20534 56907
8702 10610
26219 35929
41279 14162
2225 46261
59245 43020
10881 4919
25871 67124
38160 56276
25749 25319
45720 61798
36912 39966
41428 14635
66177 1883
30007 46941
45186 46817
19614 15179
60585 66853
31344 19845
5439 17108
40310 54314
54732 32748
61765 5542
66498 47954
19015 55157
10335 5281
4450 17533
28484 56706
39803 38941
63205 21012
45501 46276
51662 10510
30840 70714
4337 45885
66561 48424
37414 63373
14540 31443
7765 49788
23708 42449
7913 2411
21954 51177
33032 68224
29998 44209
49916 47587
10577 39166
41643 11540
39108 21918
53500 998
60407 15532
51705 39230
50734 59186
67594 14578
48803 20740
52724 24576
21118 34703
52314 32814
12697 5137
32648 18784
43608 5745
8991 12028
50175 31730
49264 37471
30092 31964
54546 18769
40047 44481
40228 59051
7218 37860
7724 10607
28120 41637
25754 1314
51857 61864
48457 25714
18775 18139
13091 71506
17555 12279
5917 4398
41176 54252
66807 25407
41947 25496
35635 10125
41314 48480
24733 1117
1101 37280
70498 14902
68128 24381
10776 62346
42906 17207
58398 55258
1391 26947
25972 45836
12529 17472
11204 45302
55778 30065
36878 51553
59586 56884
44472 66522
34528 32637
27747 45569
60282 27540
15667 70591
16458 67414
64295 68845
57012 2733
42327 43810
2387 44554
38564 69607
18668 15774
12667 35728
50043 60876
66233 30746
52323 53655
13255 18902
8399 13768
31597 60842
13225 37160
8195 55588
762 14149
35449 33747
65225 65049
25689 49698
66193 4673
42928 26778
40192 16457
36688 69835
24549 32921
52991 15739
7986 49937
52610 60636
44982 262
34220 35651
17176 18594
4613 60909
11192 24902
62424 37458
10991 68417
27909 30166
21801 27097
37871 52256
29548 63973
19392 50648
11886 69003
13638 53032
41644 40918
42791 53618
9133 53117
68005 31066
46399 63575
3569 14685
17196 14119
8618 71855
69176 16052
26331 43930
31051 64415
70976 36716
12988 27259
60229 35489
62855 22489
65460 5680
47966 69435
39322 57648
59271 61800
19041 9077
50628 10493
66448 21477
58058 22816
19925 24292
38076 41118
19227 42946
55479 14465
55641 64973
11742 22928
10532 71235
41058 3092
59134 42927
57993 35411
28247 9879
45398 37356
36055 456
47069 26378
16306 70671
15705 61113
2639 8533
262 25206
59512 56506
2747 45973
12809 8695
32726 42171
68683 54160
15685 34753
21183 51102
43087 57133
12612 50905
68663 54447
24882 40007
63035 48568
60876 23770
14627 49307
8461 31516
27251 28061
46830 11328
37890 11934
58314 17399
10661 12113
53192 5501
12280 67670
47394 51384
10205 8342
35202 4929
40070 32482
10940 6172
58358 26867
58636 28538
15184 42943
11488 32055
21565 38442
20833 25166
49279 21918
44680 51681
15421 66160
27219 43640
20783 26742
68580 39620
55455 40582
61303 33632
17608 14802
34844 17248
5149 49627
22987 45725
27393 11632
16259 14655
67601 28086
39481 43067
55737 55850
34256 42045
35 56922
16073 68314
4361 62204
51978 15108
27618 14086
17381 35562
42977 21477
39123 20620
67000 37897
39979 61666
27361 4109
40494 44850
32210 24479
51230 1070
7767 34305
50438 9243
14308 6896
41589 2420
9123 11652
6901 18814
37739 8852
2982 2027
30960 44983
48410 8542
52142 41755
13631 47715
26848 53401
19796 42650
2913 64451
36530 6039
1456 37939
63477 6147
61766 16494
5761 19484
6910 20216
43789 18251
1899 37462
9698 44727
11298 41948
32754 64327
69340 63012
27556 11235
10429 55270
67129 4547
39947 13432
35702 16100
14974 25658
37406 44640
11371 13537
40846 10202
8525 44927
37320 57405
14803 46192
37902 34412
60815 64284
25059 1317
42311 4525
71267 8438
8608 68495
25967 54833
34801 66680
40558 66553
17451 62708
40485 2238
34141 27680
38971 19286
8599 61249
68114 8796
40617 66867
60032 48454
54598 3228
55407 70351
70905 4716
45541 29209
20145 68723
50197 9291
40203 59801
8142 18343
46030 15787
59128 24491
9339 40434
69611 18734
21334 46078
40686 21718
22422 17783
17411 59579
31253 52522
54953 67498
49891 33020
28550 4700
66973 56196
64155 1483
34454 51538
57650 16242
11399 66579
64872 24923
23554 63544
56024 69249
28316 57379
48685 2333
39784 39414
28922 39109
8416 49332
32354 46918
56316 15356
31743 44549
70586 13435
20969 21726
22789 67511
24756 48459
14141 63859
29217 47284
47796 4278
22672 56265
56314 56987
19955 54817
64628 43006
69650 51024
43808 11419
55779 56828
51571 10625
1053 10446
69134 36851
31335 18430
25624 57142
46636 2202
14892 58408
40234 63920
40848 25647
41873 39441
17159 41570
24159 58281
56783 20847
28383 20010
69090 19667
22933 31436
68799 28994
69144 13487
14159 59432
39508 17103
21435 23353
14778 27690
26966 29262
67312 60468
19526 32961
2889 39411
16590 21532
52816 36678
15662 35028
66687 61813
43867 24026
10263 48900
19946 53145
35680 51294
63916 21700
53544 65646
8787 7099
24678 11345
19626 48710
31844 37918
20474 22389
40100 42655
34654 9463
22073 5156
62242 41913
9964 71585
67219 44038
30494 17396
2796 62120
28555 9863
1840 4399
476 60345
21941 39389
14725 58486
58244 45333
71277 71355
69038 43639
52436 2111
18667 53750
52925 63106
50000 14683
16516 44577
58144 34485
41152 56528
37556 49779
52961 57552
8049 20328
33865 33573
19705 61969
26610 7224
71504 19467
58169 59280
21101 12593
46383 46842
8267 52163
36695 145
39509 51181
39739 20381
990 11008
6366 49059
42155 42216
67275 33837
17047 10749
53377 3321
39243 26714
27288 763
54944 40258
46454 17338
60621 24593
23614 40898
13164 23383
44114 3045
54094 28976
8392 12278
63306 47636
58627 58451
38504 41314
33839 40215
29582 2229
52075 68668
63897 28600
30786 25757
49363 60690
41076 68129
56982 2548
33370 12531
45307 18493
55166 66506
40438 29147
11773 27332
45944 2017
59633 22745
65405 25599
65238 69287
16790 65487
39850 67005
40928 31347
56724 7248
45164 25890
61410 17532
54493 8440
45420 23106
16204 772
20498 8088
55593 59231
42112 25391
39267 22977
10711 12767
34072 17431
22561 19713
5121 61302
64606 27208
22675 30846
9862 69832
44610 31760
19022 12946
25622 13996
13867 44965
25011 40903
10530 3916
63689 36783
10051 46026
27546 43771
28919 31416
37335 57568
70254 41902
3578 9769
65372 54603
56799 35112
33569 13669
24687 13085
25525 45446
50361 52813
65763 60086
976 24523
37438 67007
27369 23062
15831 12904
63154 1053
22188 51874
45780 10162
42554 38150
24660 56120
41690 21308
30634 54264
71532 40132
51779 51087
49004 54424
4756 3631
41153 35332
59783 70357
54972 68184
50903 25294
13230 4097
39903 30532
10294 11916
42038 20449
6469 41036
14452 7522
33228 59109
4762 37007
15548 53919
4113 6504
42394 1250
35533 24776
6743 48859
43678 26787
45968 62133
27336 51356
61778 14520
69185 8466
69424 44403
63943 56287
2446 44628
31248 139
62711 63599
22644 60101
21442 43264
22421 43356
14199 70926
20832 54595
51971 48008
63654 44749
48009 35274
54509 70129
68955 22125
43842 34600
56845 21109
51974 17690
20365 71051
41596 9096
10020 31143
63254 36534
18570 54114
51571 8036
30952 52290
13034 49029
69455 7256
32944 54236
31009 26931
10235 17189
42365 54805
26519 6908
40358 67517
69921 20497
66381 29599
15281 4855
26094 13791
15006 25332
52695 26094
25492 625
40870 3111
42697 12123
29256 34019
4685 2491
15845 42238
49485 4455
34278 52775
6565 934
26482 55378
54174 58084
25185 32531
5908 62434
9684 64620
36261 40120
62809 17851
49910 6324
68557 53596
22848 55167
31057 4475
35392 25149
23037 45011
65012 67952
32266 59868
27633 69338
63128 1739
26416 44299
48163 16869
59833 50043
46249 44075
77 4531
40948 70082
47870 62818
24203 62248
61977 67255
23632 32631
42060 54424
5914 24254
65738 67426
21194 57925
3881 40737
37481 62696
56913 48128
4342 21884
46517 52349
43966 33672
71369 2798
19664 46655
16297 44159
65795 35651
26226 51880
30819 21814
47582 28241
2212 56864
38946 57928
55967 18570
50632 9826
8275 49573
40091 68074
40817 53397
23997 12693
61331 61522
46116 15680
50238 66798
2163 17200
70894 4117
23814 5523
59322 66698
58835 13626
52421 9090
42074 24507
32172 58539
44601 63206
2152 42826
8778 30020
12092 54052
43170 66437
63629 66490
25077 44156
58009 71614
39429 18919
25947 3099
30178 30775
13070 35425
6312 26878
37444 54775
38640 34156
66592 46386
53892 9176
44712 33101
18227 19172
30885 30115
23491 2631
42614 71066
52129 14408
28242 34480
46910 32119
10338 62379
63856 60359
56034 63727
53498 58419
27018 28915
63512 15997
36222 45994
28720 254
54137 65172
64581 61702
30691 57431
38137 26193
17907 7984
12324 70788
16630 5983
61517 26935
12065 10484
53702 32935
2736 52285
26277 41833
28760 26606
32853 27745
30709 27162
38569 10022
15797 19753
14724 39725
51269 36652
41559 50209
37832 17865
59804 43019
58823 4193
59782 36615
27275 39659
16486 53223
59588 43660
51552 31527
10055 26052
2831 32493
1484 18715
7548 29554
23663 62592
7614 44137
44369 3970
12642 65741
29426 67612
20482 34659
1819 30719
62938 49565
13866 70030
70975 22215
17448 60373
63531 70495
23259 35074
49198 36641
16166 38063
37692 43239
31292 28213
945 11617
11749 71472
292 58041
28007 60990
16631 50665
26017 33261
5710 34504
64238 39216
34936 51110
22265 22966
68307 26708
62811 31831
17885 32616
33655 11534
24728 28698
7128 55517
25244 52643
62728 27632
67710 19484
662 1772
67190 34266
1706 70159
9939 59717
61218 33458
13269 31557
26426 35014
40683 26213
18042 59516
36301 10153
48455 50839
34443 2545
58102 13282
17211 49267
43687 57603
32735 25914
12469 43932
5242 55057
66456 58191
68849 29219
58708 61737
12062 50189
53708 48819
28820 45426
12568 30584
62522 16923
13647 64320
50327 41204
61517 13203
60418 43325
6316 58584
46398 33757
18457 6898
37872 1317
19118 14228
63275 47641
30122 66789
48173 52149
5909 45815
61100 31466
59520 35880
64542 48099
41682 2252
42958 38488
66532 8736
28178 19140
2930 19642
15226 39278
66751 63225
62123 13255
66619 4948
610 44699
25702 23682
23186 13859
51403 54882
66646 47869
68447 64062
39575 59968
45900 14245
63066 9573
15188 57308
42727 66861
20351 24096
38026 28390
61900 391
68912 59035
55552 16854
40716 6700
46577 32257
62934 44183
2422 24554
33861 6851
13685 11324
19968 14882
14355 62531
34794 50103
53362 8894
42696 8528
60310 35766
50734 54736
33182 30887
8299 69717
48395 54668
15898 61618
65376 58056
17456 63043
63934 49114
28028 26510
65003 20052
67153 27768
26564 38720
62634 7044
66356 66859
22228 29946
15403 55344
6075 61126
29553 28697
1645 30537
3780 35464
45486 897
35203 11145
28184 60621
43154 31047
38243 2629
70739 56581
26667 40245
14870 17095
61236 11327
22571 28191
8207 12168
56029 33707
18508 513
71863 64022
54866 13334
12929 36671
7485 39015
4038 804
56871 55112
64837 13064
47436 62983
27002 68356
55460 26272
33631 46658
63681 68666
11344 44538
55792 71041
11993 29937
67672 71743
65584 39766
47584 58801
17323 4530
66395 48087
71603 44712
49012 11592
30668 70976
32639 51400
25822 5992
57673 54810
63470 6753
29603 20371
2278 39824
33593 49412
9399 64409
32893 58571
43833 68743
4196 28171
18678 69998
66184 40296
70868 23446
4536 36641
47147 948
41323 35316
53022 52747
57771 61101
60515 65126
8620 64240
10601 45611
23765 41608
28870 38778
31843 1979
10239 6534
51365 61758
26860 3752
38438 40858
46600 71826
21229 58931
66010 59485
35198 55621
9490 33507
47862 31559
36677 24737
9167 48315
47888 6850
35304 15077
24108 20669
66260 68412
42952 20483
55099 45180
60713 35811
22025 11667
7214 18862
36518 70585
65283 61492
48504 20826
54812 7179
12210 56958
25475 30864
62106 11276
33008 3752
67698 22830
57095 34120
27242 27215
34666 54016
34038 8404
887 29611
58156 67987
51444 68187
2107 65043
29426 27116
43380 7926
64310 26812
44722 6572
27031 10938
10869 24097
50992 61381
14089 5834
10428 61251
4450 30413
8158 20370
66032 33714
51466 61422
43861 22909
48068 47976
22081 33617
16065 55020
68746 1121
39955 50872
22862 26783
43569 58429
8259 32961
69692 21415
61821 41106
64923 4946
60641 21776
7510 9424
60041 89
67530 11595
44139 2329
43204 47835
70485 57911
51051 10525
36536 14372
59325 37533
7871 7602
44862 24766
54812 66804
27577 56844
58253 10862
39417 25461
641 9798
35561 61647
25410 4572
65727 28661
55499 45490
8536 44623
44661 44374
69479 29241
42914 54044
40219 30286
21037 44211
40900 15866
21741 21144
12793 49805
15240 32144
25039 20093
55584 63240
55882 10209
49378 7177
40296 24238
46946 58852
22740 38820
55269 65565
43182 49257
9103 60252
50792 37375
51662 38921
18408 46646
57638 17927
50214 40256
1357 25937
36679 54411
3475 4839
3767 10380
44809 47934
12932 48930
18879 63385
67085 51356
13730 40279
5311 40917
34266 12700
66607 67798
56763 64093
4675 40935
920 5789
45865 40746
58225 52224
27351 53898
28471 5634
21626 54768
5448 33688
25242 64384
51601 70738
59935 65303
16460 3843
54889 5169
51734 71496
12374 18141
55454 48483
59738 11246
43031 58082
52850 23298
7574 41986
18103 51163
53465 63989
30764 53184
58695 64308
49362 38713
59201 47901
47096 60327
42186 6470
48780 64372
24581 45511
59193 15014
21242 60561
2469 1809
28268 53812
5412 51535
37423 21751
35116 39392
22719 30735
4213 20888
67505 23002
27955 39473
3882 12386
61106 19232
24773 47788
68351 63589
7327 51167
18963 14356
49557 62091
11298 23269
46085 42280
71143 50285
55421 36389
54591 41301
40071 32201
11584 26228
14815 67524
27031 3409
52145 45429
60990 12883
35476 29481
41708 20979
53782 67792
12334 55628
54300 61073
43640 43785
63563 68179
2433 13711
21190 14280
41618 56899
10035 60328
66183 8826
14577 9800
33727 5685
22771 67138
52501 52244
24119 6458
22109 51181
18424 18053
52959 23028
36445 21735
43953 66997
32794 6685
7 61
56489 14901
2222 10387
62182 5825
53032 41973
23962 21679
51303 58867
13564 3573
55867 53175
69703 30088
67289 20047
28091 10582
68521 3286
8640 36922
21553 18519
13871 6847
1632 63138
49961 12535
23747 35875
1909 25216
34436 21821
25795 68426
7435 60057
56084 23725
33226 66893
26825 31788
57778 68085
29926 6515
36000 61412
12294 15625
27464 8740
60823 34545
37205 15178
21364 41749
44027 52033
44758 54992
47756 18186
6956 18072
58185 17333
39293 50016
25205 44774
13636 38484
47356 63743
47454 59848
59303 26299
59398 12307
29407 39669
39380 61460
5545 6615
4622 63795
28471 1259
21576 12369
22759 69611
25712 43945
1558 32411
20349 57474
10893 52188
25967 5739
32615 37274
12917 4596
34279 12293
36877 45311
56164 47358
50549 24974
71449 59967
38470 55065
43128 13639
41140 53920
3643 48669
62792 21005
3388 45410
15576 17743
34414 26868
31294 36327
48935 32406
18955 11662
5164 47997
43476 33691
33167 42193
15794 45148
25029 32264
31277 45664
21338 28890
42811 52899
6658 53049
36011 40154
31055 54367
53905 69927
24601 15989
40755 69398
18258 20193
25003 16935
71212 64174
13706 68461
31145 28633
64237 54057
32717 29956
62689 137
50329 16474
25867 31656
14361 40698
25083 58635
46717 23192
31333 22389
9434 43534
37688 27284
5717 15850
13369 59282
41858 59639
49879 13097
11938 71669
35085 68002
5774 40412
64792 61755
3275 13294
39987 48076
34022 32261
62302 57125
13543 3448
41955 66109
54808 46672
20176 3103
37046 6246
59290 27392
41215 24376
58687 61064
48749 51345
34717 18614
32884 31250
45045 27801
44125 3443
36927 57414
3729 38882
34596 36525
49471 57867
49065 12331
32480 48284
61662 48110
16890 63591
34874 43565
12632 47109
67363 10373
67176 68870
16854 38041
36907 17404
21488 41224
54932 45674
25285 68379
16569 58473
6465 63031
14212 442
70965 55
65829 566
66518 18575
5242 46054
26654 13945
56503 38666
9662 70219
36904 51522
16525 59800
29865 42696
65288 40751
54713 38288
36653 11000
25964 57942
44732 54994
37535 17767
27426 6180
21933 14792
16758 45405
65091 34171
34035 63424
58781 11491
32553 26265
62558 25899
56637 65030
40044 61266
24846 61111
43464 65803
280 46960
2119 8734
2612 12279
49174 57899
51097 28978
6874 70567
39681 40394
397 36864
19336 67009
59350 5124
14518 45171
27002 2748
43164 16650
18579 65202
50355 51093
25206 32878
27480 44336
39761 52552
3598 6200
44615 421
32688 70008
3260 49252
67809 50234
53714 15003
17764 53914
64521 45816
58047 18046
30744 63565
28199 65378
47279 37819
16948 47060
41531 18326
51275 39025
40636 4349
15581 41941
944 56873
70390 9770
260 17250
4658 41885
3169 54331
30401 36407
19823 40291
62027 58396
32091 12058
8049 60135
3665 60281
54508 14473
4379 36175
17296 14279
60157 22589
47390 28251
51014 51277
974 36376
29511 33512
21548 70876
45172 44917
5829 49852
15959 28250
41418 57244
32028 66016
63828 14586
39574 33733
32213 33524
11398 2281
9205 62869
45806 20249
20560 8517
21207 44316
21586 21718
42198 70537
4618 43115
29241 46991
55739 13530
71375 48785
24630 18047
71201 2360
47040 57390
47718 15197
14125 58690
39529 18283
34719 68471
47716 68263
15182 66249
39176 39335
29129 52038
49557 52778
2791 29528
71329 11526
45703 38271
28210 71366
49815 64269
31051 40800
70811 6877
33466 38648
2499 33907
4997 40680
35001 60320
26844 41976
34627 13541
55809 47695
10953 21892
34304 15251
23148 21410
18668 19596
48444 21622
47937 41268
17420 64642
29810 61016
190 16641
13435 51436
5972 20183
21546 58495
57394 17587
54403 29671
44299 5367
15184 58966
17673 30685
31196 50441
14712 23693
36560 52009
46174 24929
15325 67950
60856 42429
30683 52256
19307 43917
54713 29954
67057 19796
3431 34775
52730 39613
59459 45015
9661 48535
14323 58233
41172 70638
62070 69304
2698 67620
67490 12858
5511 27156
5551 51364
25495 61854
32694 8293
36555 4201
18143 39736
66201 14977
37269 52711
40860 50485
49969 1770
61307 11574
14653 27263
15491 50468
31812 58536
48697 18122
34940 37826
21284 28535
64416 40314
9301 499
5140 48918
54297 37902
33648 44104
60618 29149
3108 28096
52045 13630
37050 52007
69574 12420
12750 53022
62546 71232
40437 51937
14242 37612
54528 24673
69402 61857
53355 42014
7978 6417
19375 9217
47282 64832
34759 26006
34413 52430
45251 47130
60464 8158
50805 29116
45508 50169
4907 5124
20078 29497
9357 32164
9097 13514
47537 32116
28331 9992
62415 57930
16632 59552
70084 49624
18105 23255
35722 46038
36878 62530
2950 46596
11356 64220
45548 64103
13899 39851
42257 1064
6514 37070
29144 12468
28442 5780
9524 9952
34175 40951
54924 29237
45156 22639
40394 10788
47580 22256
40919 34287
10085 64407
10075 15195
34133 61141
31440 66732
41929 52876
18039 64083
6675 6520
56294 8330
35452 21573
52002 68603
25444 7180
28437 19557
58927 23141
22397 23533
25386 10393
32562 63510
35881 14553
26441 16859
13219 38119
33571 50878
24846 14320
21923 24818
14578 16740
62534 11181
36775 52592
37610 70921
24091 36789
15659 49731
15162 401
8682 71850
33325 21667
33420 53984
421 56337
48232 60748
25428 8417
52329 3683
43371 6258
68582 57367
36548 24414
7310 70736
63051 37835
36452 41564
19898 47554
21998 22201
36695 24060
558 18785
34329 25579
44356 31620
27360 26123
47203 70001
40460 26565
61912 18435
56986 14851
70090 7828
32821 36928
54344 71146
19661 61089
65257 6879
57197 17249
60864 5219
16241 33103
26535 68764
35300 55702
51977 33338
63876 35302
46691 33087
23332 39315
15384 52141
66074 6091
66947 28085
12971 38309
11586 33099
38204 55663
29773 15122
33467 52473
35666 49528
60615 35898
27066 58456
39471 20695
49200 27271
39747 27918
66195 39979
60558 11420
48617 3538
26682 69083
65993 71255
50693 38137
52935 69534
32593 22296
61633 13371
3438 13447
62138 26604
39941 63102
1715 66602
40902 70953
748 71216
56562 13718
24537 3445
13000 50852
57388 24791
66381 30841
57718 22976
24214 67679
22596 2669
67038 1771
3414 60688
13609 38249
2549 42682
27271 23411
19752 55568
36804 33347
55673 34386
20387 43018
60894 55153
60360 21217
21754 18797
52144 64322
4480 22926
50893 15055
8689 31595
13566 50337
50141 67852
39182 1707
23068 27631
21408 11111
17851 10477
11509 1320
10702 3506
34982 19057
27343 6789
67118 68502
11704 11358
70683 59164
10095 8426
25796 19230
68972 20233
25203 41347
66193 57800
38115 50598
11193 58619
7240 34600
38896 35887
19310 48002
46222 68532
52957 8946
14919 9262
19969 35809
52339 39112
52105 63791
8453 56177
8578 57606
10002 29001
27909 42232
560 34910
49028 54897
21200 67283
23910 46060
23689 8679
54288 40314
28643 57624
42805 49525
53675 24286
42008 57317
56296 37249
30873 70998
26224 65440
23133 7185
21888 66529
12217 4658
63195 61721
29576 45670
53761 18287
63869 24024
32811 16950
60702 4849
12607 17123
53709 4541
10352 55370
52178 36403
36345 46125
70449 28219
16298 10819
23508 69182
58545 51215
9943 66462
66111 26495
39263 4408
38578 38011
6814 50962
67021 28113
2183 38399
44732 3023
13139 809
37023 9944
13611 16834
55703 17500
22193 54804
11687 14534
25733 35122
33724 17711
25336 18453
20784 33473
13162 13746
32487 15819
47227 45833
7631 68109
66137 66646
11554 38743
21775 18720
61994 14624
10748 27733
39493 37650
5622 24990
44017 18101
41789 46652
5377 26391
3162 36710
3242 47027
21187 49933
36643 44196
16104 45611
967 28470
36828 34564
18476 1469
49533 65473
49776 46212
4684 26585
22587 44770
5598 44416
60479 52536
38414 9404
4520 56167
48439 13120
47275 70174
5833 13667
40096 10077
64941 5664
58076 43300
49734 21490
4300 64916
22975 50894
37032 12234
16297 8570
42528 63448
68209 37164
43084 10941
3041 4124
41595 197
35534 56058
8252 27327
60719 61098
57090 29326
16933 42150
26344 10015
38923 9523
25650 22924
22203 64270
30191 70764
21395 33737
53715 70696
20273 46879
64917 8703
21527 64108
6764 34605
41050 4581
44171 10542
38609 34330
24346 59272
62497 1247
31491 66538
10105 46618
4310 7122
43995 30180
55180 1044
25474 5944
33295 58045
48133 55413
61703 22556
11187 51726
15026 26153
65885 56463
20856 11484
28962 1984
19283 4274
19145 50878
50553 30186
33663 40428
65922 62357
58036 3445
43716 42634
33121 13397
23370 24967
35243 71790
64755 53061
54458 37811
50547 27789
67520 33531
36212 43315
8577 4374
11313 35111
42492 12573
62171 30487
61497 44772
58588 15275
34930 24913
1509 31707
39464 35594
23775 40305
35172 40890
59776 27491
46886 52671
34682 8983
51964 28541
7653 55788
52814 20346
56728 26209
26403 19952
18396 5110
29533 46415
20808 37147
16041 56968
47763 54637
67596 55231
38928 9842
14822 64808
28115 14381
34782 61013
34308 36247
63892 33084
54289 37170
32412 64224
41094 26547
69867 29881
32197 48057
9050 15803
38915 48574
18389 27822
45335 18926
48026 53303
5364 62320
34426 27850
4065 64044
22648 40405
30088 63804
630 53722
40083 41748
66328 4926
52534 2346
7601 46054
64926 55655
28886 70995
44779 29567
29332 11446
6789 45321
32878 3327
60689 7970
56181 48660
69728 32795
26363 67319
67576 68834
17342 27730
3229 47570
8864 35372
37285 26469
33949 13938
43631 2534
41094 50480
64160 32861
30867 15223
54351 10424
62810 35751
33288 37991
43856 15834
5577 40870
18041 60319
39221 13594
69228 47532
29264 45704
24494 16996
31163 49637
13743 61111
3287 65281
70954 63588
36783 8565
38489 67043
67605 52515
9567 32095
57503 19010
46560 56502
36504 253
4668 43395
27021 10820
19388 23738
17483 10605
60410 37965
6857 30808
62484 545
21731 69712
20672 37877
59777 10173
53238 25348
13611 71400
35628 55909
53637 57110
70632 67041
30768 64168
26785 10701
64652 24301
59107 3410
67620 12233
14093 29157
51692 15238
21447 55256
27170 40461
42360 59451
47488 39343
34694 25129
51124 67627
22181 10928
50177 21215
44377 54220
42235 51054
46401 38442
38424 69263
2310 3848
59978 58700
62511 38339
61748 15914
68645 23344
32902 15027
25264 12783
45069 48970
16659 43244
22993 29394
10928 32322
25825 15745
54992 23399
2066 36820
1503 40615
69402 27645
37379 7353
44028 67406
71054 42961
3269 71265
61774 12008
14665 5654
28479 50994
56946 38006
51661 31978
727 58945
68195 32691
31444 35595
44287 5119
29407 21111
22616 3756
25340 13959
5560 59749
25672 52110
36726 53524
69893 57400
58805 53894
56570 49746
26807 62477
117 65149
15585 62684
6462 69356
67645 39434
47887 45881
63682 45989
56774 35926
60009 62146
21943 22736
8857 7182
16534 53936
49479 56716
10357 4990
18510 21872
23386 7178
3887 522
69650 2365
27681 54760
63825 52575
52458 31224
65894 63601
40462 25621
21907 60878
17538 64988
28319 62335
38250 24345
33649 58428
60950 8066
32046 54264
68478 34281
15018 46334
6181 34418
53793 68942
43056 34172
21867 26137
14854 58691
28733 23371
44028 31272
53871 70444
55507 69079
15382 7253
39244 52092
27247 69420
51531 58783
24460 5389
6938 33848
8702 23364
58473 56305
1143 27829
38878 37109
52841 70723
27125 29012
19732 45066
9286 11980
15338 56996
39993 37964
31257 10373
52051 71506
43890 20209
30577 70923
50410 69494
30906 17205
12472 8658
41764 12557
18285 44761
14487 59526
35762 14839
13425 63637
51141 35943
59161 24225
71749 21109
51804 46352
71443 39496
65276 357
14163 39888
31365 42750
18743 51008
56862 40737
67882 24339
61877 20954
8304 49574
16440 60662
56999 57452
18394 28610
36725 20669
433 60405
25528 1981
49066 63167
13448 18335
62516 68832
71584 22065
30967 39563
42804 15345
10036 6977
20660 60300
43640 51309
60035 46723
15414 62373
7300 17338
28051 25376
6162 60529
71383 64533
11952 34390
21793 48148
60245 67851
14497 17789
66720 52432
8779 34833
13841 70065
42585 68497
51252 3865
68460 71769
61728 13115
69000 63762
21214 38241
55932 23904
51238 25285
67625 7518
62434 216
8613 68893
15796 63848
1556 36372
3201 10624
62057 57276
37317 30635
16622 34506
2527 28588
39218 28750
1795 36775
25092 61160
30885 62905
45030 15727
10997 50775
62731 45297
47686 12698
30821 12639
54884 67560
9332 10270
1314 5819
67597 54761
8143 3989
26372 48991
11183 35366
12773 56974
24944 20736
12906 37087
23248 42237
44460 66205
19201 39753
27104 28645
60574 70762
48709 25749
14302 22420
64108 12796
71302 38943
47932 65721
60037 6986
69732 14769
59821 24889
58761 47769
46548 2009
63084 9211
45044 5021
62111 62598
30042 69517
58045 62087
46131 58997
45078 2804
7046 51395
52998 63286
26799 18977
31348 18181
67611 5101
42695 33403
48396 46176
54840 38348
56508 23164
67555 70174
50910 29737
2688 13448
6755 21768
34912 58576
58362 54681
137 67912
50860 50561
14308 17717
68514 37039
70012 8649
38550 70425
36938 21408
28501 63319
41973 67834
7682 24787
52019 26347
1293 59908
67090 69966
71378 22820
53722 6956
424 69029
38220 18175
52893 48953
56563 44805
45566 22462
71851 28638
16821 41629
37809 19809
5192 20241
23757 14490
25260 29040
17141 57260
39581 42626
65589 47999
51502 62873
210 21155
62077 4209
6751 66399
34694 39936
9609 14832
56741 52166
18117 48386
31865 66311
26137 17191
24756 33600
61175 51999
4651 15056
54062 58042
20905 50653
22121 24085
14517 7408
64414 28676
51990 42517
43745 41056
20305 16622
48756 63999
27475 33744
55827 11421
38705 70029
11713 55626
52501 20748
1372 23825
1995 10218
59763 38856
39811 39802
24238 38346
26625 54111
42830 33186
23366 16917
17323 21184
53414 5109
26245 70859
59289 25646
19890 33655
67563 28976
11392 48229
17078 59445
23155 47888
70323 53590
70334 27590
61368 70463
18910 10599
14849 45370
31758 13715
25512 590
36097 41153
27571 19293
7007 4177
2706 69289
13751 63824
5073 41836
39276 6445
14547 29234
40345 20245
19018 62490
38540 57789
65252 48689
51543 40097
28901 31333
61749 18490
1685 23601
71669 70714
15911 16012
42133 42511
7052 41224
38100 70699
8466 39221
37877 45552
7759 66686
63102 12047
17 50799
59375 12463
52013 5199
64849 13408
49099 50943
59996 20623
39544 11420
19115 17137
35288 25307
35443 28362
63530 53851
17442 14944
34040 69858
908 32432
60906 33612
52747 29222
66877 54611
68837 5112
45133 48983
50523 57922
791 57632
20757 45738
55117 37880
50304 7819
6958 29753
21305 40130
51202 61859
3659 33090
21995 54806
3016 46459
31235 44252
14603 4508
62224 1884
31730 34782
10714 56503
26006 22779
10705 59423
45488 18191
53803 23323
34522 68797
19150 2326
56709 43625
32329 70015
34108 66713
64925 18721
37436 49326
56908 38092
53596 28399
54124 39135
20181 20220
14493 8140
13604 42044
40726 20276
11193 221
54217 32883
35250 13256
6315 48733
63285 41699
17756 57992
46355 31897
3430 70369
19622 35919
18484 54035
67158 27559
53646 23911
4611 32180
61835 36811
2805 48854
9157 18806
68343 44688
58971 48441
59731 41484
61528 57713
3904 61779
6997 34430
55566 48319
49785 70491
32840 5441
5959 53164
54322 64733
7394 45851
3739 23246
51006 62697
55407 65938
45895 42098
7526 38571
30949 7226
45759 50804
14821 8369
28550 33414
57977 33071
677 58926
41629 45582
46111 41578
26725 45645
5574 2439
45333 41247
42659 8944
68766 55879
30947 2871
23422 52475
47371 45295
18227 18111
32479 51599
2047 51632
5513 40632
13857 49417
39549 71523
25226 45739
40690 16966
55901 26445
44142 3550
7814 28286
5735 1754
31457 11200
44939 70525
19360 13358
39678 6790
10842 25802
1836 34079
63433 15811
21366 66880
16712 44211
12896 35244
57988 30964
64984 54615
47222 20339
7618 37247
9678 52883
55798 45662
36969 17109
23524 19638
49663 61186
48397 52470
7776 44222
3917 32633
10248 45802
64174 13311
63775 5200
1412 22245
10228 24424
24338 63427
59964 52914
7439 4414
724 65901
61756 56226
25201 1951
56213 60291
43510 6302
46077 52802
10399 5216
10830 60571
57540 48722
8863 13837
46070 48598
8917 18503
373 9347
31510 71590
51266 51255
30214 18120
65258 28156
56605 39998
53108 55886
6742 40420
6157 3809
1200 3090
6911 56444
56696 69806
64205 13778
54362 25759
56058 55936
37343 15848
28738 3006
45567 46004
62381 21629
59709 19466
64935 418
45113 60063
15172 11432
1948 24429
3986 42521
70771 52720
32259 24335
16296 11316
53210 22110
68338 44157
59930 57493
21380 62293
60373 63432
67197 8991
55298 23242
45075 56630
58828 7945
50048 956
7990 45200
59581 10626
31422 8683
26669 30654
11499 51243
45499 51215
62867 71042
65527 52213
2699 53357
9705 34127
28240 15924
46341 14913
67055 14024
70433 64873
43627 48674
57298 52086
34506 70964
47457 50113
57720 59888
8050 71093
55557 44245
61494 9488
69057 65037
50068 33048
66232 2966
61920 9367
53993 39743
36580 12266
48029 42583
35284 8074
34022 69989
25600 62479
24265 1958
53992 18846
17838 51080
58012 33241
27554 34305
865 23875
22045 12842
18677 69033
38995 23821
9299 35559
50976 29530
9110 51313
70508 65410
30001 8952
38232 49139
12683 52453
16940 5957
42389 7431
50839 30464
34276 41064
43493 8686
52694 4785
25229 52457
7145 58518
51121 57359
22664 27237
69872 71211
55596 71139
40551 29872
15992 14677
1532 52166
69843 16509
41515 17497
5419 49938
34877 40772
42176 29257
12340 51309
30457 28392
10830 69028
16796 5962
46819 14998
1028 10380
68005 33581
42735 21263
1906 14032
465 27421
38462 22674
8118 3343
38741 40519
71617 49844
64866 18827
3486 56048
41998 33694
65786 44316
29249 12541
43792 35359
70484 29350
56447 58311
48959 56829
71528 46015
36802 62154
22139 61111
39924 33520
30503 11259
40678 49709
21919 20397
50124 22227
3356 9750
54730 18518
70679 31373
48001 56981
3170 22577
66367 13571
43397 18628
14811 67616
29602 71517
11784 63239
48237 37717
31615 28031
61409 2047
5654 34784
62266 30220
63128 47928
6507 20555
16057 10429
69067 28678
70652 55604
59477 5376
25589 37661
23440 53444
43551 33566
39231 66679
5200 14403
63518 64190
34704 56388
66612 11173
14411 15428
42108 71462
29471 22028
28789 30073
27938 49155
42844 68120
42180 58506
27567 21363
19070 33193
44413 20914
18161 34136
2256 31150
54316 43858
59492 25255
56573 41120
43362 47751
21991 35804
55504 42074
47197 3814
29347 19639
50446 16346
10656 54298
61995 30534
27575 61009
51403 22506
34595 48093
58233 70556
2736 26246
40360 26061
48590 9457
51946 60813
18641 60908
17999 61441
5401 19775
59392 68485
43688 3490
64778 15424
34186 24395
11339 43751
53992 68593
67172 38934
19370 56708
46768 57772
31210 19138
61159 45258
25952 49982
26175 24427
71135 18271
57382 28820
24739 30283
18928 1837
67021 47288
26779 3896
14234 43865
5983 17255
35218 39602
69900 12776
51572 64291
63491 37860
4408 2536
17226 8742
12256 67114
26351 18358
21590 20732
60487 62019
67508 69219
65613 43299
71607 49235
36080 23244
37083 20475
41337 45654
46729 8394
52313 64905
1187 53004
38447 60005
68085 36019
66357 8290
48507 64762
30539 59923
60331 8000
11668 33817
53821 11044
20922 8380
53905 18622
50766 59818
60127 17740
27041 50447
15421 20514
51912 61713
37922 30736
49149 49303
54585 9871
27405 30843
17864 71270
61193 37577
57048 52463
69350 4630
70063 27426
15061 67540
15811 25930
54536 26049
3393 37859
39628 44423
54215 42438
13705 57884
40825 28873
36096 11537
46900 39901
42298 46698
68048 3023
21226 40002
31767 15002
7938 28663
69802 56819
30520 47175
51766 70010
31145 27033
2955 57756
2356 8149
4538 11882
24473 71564
58408 64466
16431 65773
59044 3617
59547 60080
16441 19923
28951 71238
65127 48885
27016 39503
33382 34465
38534 23116
52006 65538
46387 7020
29714 61088
50332 25442
62372 35518
53259 53266
31426 47115
28728 54348
25131 62687
38937 7641
64526 38694
51289 5709
26605 61489
53515 47715
24576 53245
28659 3186
52392 58003
63963 9426
69580 65885
38663 34614
70649 55253
20808 29127
69114 37947
45149 63118
59851 21456
61206 26228
587 52516
28583 66775
51229 69242
8493 35034
63108 52080
1086 18908
68532 24386
69605 32707
22007 58619
59783 4440
32124 55279
54271 10033
7339 49355
5602 57498
38898 19447
44051 4765
9419 54568
63556 63402
1708 20769
19376 30042
12230 58997
52615 24372
40038 56990
4334 13138
11093 1413
6026 71718
17697 18878
13811 4217
27791 57403
45621 13784
30791 16765
67023 3847
13294 22128
7140 1422
50574 49029
24617 51057
36765 53496
31269 64806
21622 51587
128 46888
55997 23069
51932 42637
16621 34243
15809 28666
45761 17857
47887 58693
67904 21918
38257 49090
32813 41571
29699 21505
65609 56831
54579 42713
62061 42165
68890 70594
45279 47739
44187 28559
22345 56654
44526 29974
55090 35991
9972 46634
63990 64444
37950 62236
69890 27819
45678 22531
71327 1139
67059 66953
71455 59462
34779 63772
66345 4039
36367 48336
26461 18907
14663 4688
18664 16855
16799 37352
28815 39901
61492 1576
66553 49186
65122 17442
30500 67179
64491 19302
23136 45990
62240 17132
24843 48972
49186 34778
21857 21507
53768 32661
39920 45831
56267 40302
3707 31149
38415 14175
18423 64741
27035 10790
62123 224
18865 61181
68191 70094
57895 67046
11801 20548
7193 17731
25268 1499
24589 24367
49270 31823
1869 22099
5043 12122
62055 27945
37077 36444
39383 17612
29164 18460
12241 45521
2368 66227
54739 13105
32625 34554
64067 27739
65348 5730
61917 56240
44892 43626
49793 32924
61692 70122
2634 46869
53967 15743
65723 27521
34668 68747
20106 5757
9217 62245
4829 38557
55040 2601
46521 6270
40770 12106
66662 44594
28016 8810
6553 59347
24630 43750
8951 20102
11945 9026
41188 10525
36384 53617
66943 31896
11556 47767
12865 193
38238 69040
34427 62632
27464 12740
60708 69295
15354 18406
12847 20740
50226 27692
12404 60292
10071 5099
28745 54423
25077 48589
6384 12461
48990 28883
53041 67703
22876 19593
21149 45716
48445 26087
20576 33517
35033 15207
32680 975
5797 11617
396 47108
31847 22851
38802 52880
65985 62421
14508 28800
37907 13074
47407 64941
2765 29793
60578 55464
10833 50805
33042 52480
2366 50463
44028 43668
35257 29854
36425 39230
45439 66506
40361 11375
36282 63768
10754 63721
11334 49515
35766 49622
36260 45929
71853 13133
13173 18644
23962 60929
27694 53229
54111 65940
13433 64769
56707 58467
71525 5868
24169 21514
41674 20701
11174 43756
45743 54731
42761 14139
4458 29433
62833 2183
70613 52068
41217 40878
22661 66865
1376 54167
3763 40693
11336 61201
67121 43161
7341 70433
42631 44015
26389 48291
44162 59078
21223 17368
71727 13973
42701 12179
32277 50044
13332 49912
48314 18423
9979 67242
22148 41511
2026 31695
45495 25595
30783 50031
44758 69396
4647 47398
37831 19198
24597 38943
47797 58965
27975 65885
47198 3208
69662 4466
6257 3872
33743 71478
55598 33553
16654 65295
52820 44698
21628 13229
57752 3481
31474 29775
23296 32047
59595 60244
39827 57830
47898 59892
22917 51649
64029 71246
70802 43406
51428 4702
9647 51964
51501 30844
38144 53148
57233 66056
56659 50508
11069 45126
41961 63279
22205 28637
17503 54222
49061 70213
37098 11833
11487 54162
32418 58869
71152 8335
3812 9174
15727 36517
63590 66422
57523 21283
35203 43189
56373 40365
13459 59253
7231 3394
19755 751
11223 66480
36240 70512
42723 34531
33451 24865
22288 15853
30092 59679
53112 34737
10266 35595
32216 67931
45913 26713
65480 43632
42141 19250
8423 15729
13976 36969
30853 31669
5754 50724
34304 13827
53195 28477
22079 51034
40989 31954
37732 26886
47789 1773
47323 33794
39104 14306
13362 55361
27813 14642
17340 54069
35850 2302
16105 32625
25035 12726
36670 22228
13709 39082
35768 26742
39999 55135
31827 7126
70418 31899
66104 26331
8244 30615
41362 65137
65959 63591
41886 70247
4071 68851
19623 69238
38393 24780
6623 4180
19014 6606
70324 28450
21865 5573
12839 2315
45291 28382
44487 24652
33008 42199
42994 52632
47323 31124
31103 52451
16634 23129
60575 3061
2865 68645
35216 34994
16991 12557
20469 70992
30206 57272
33380 66543
34397 18861
68075 67535
64844 15393
61313 60532
52920 20017
64934 70226
61169 3921
67712 48235
54489 35601
22861 45932
23145 15368
31259 18295
1096 2274
18777 68412
8862 5952
35813 32072
24319 44911
6247 55705
11352 60045
64702 5487
57610 4005
37877 58969
27201 9391
59349 62108
19555 71308
22865 71543
8949 3746
65393 24481
9344 15121
64957 39900
63254 49842
29838 21813
56273 24513
27772 52146
24139 36699
62859 25140
60470 67817
7923 20467
58547 26788
29869 22065
10219 459
16868 14691
55863 50400
21574 18245
26946 11329
15117 7889
42116 35514
212 14668
58499 65068
58727 42826
42873 932
29224 28312
40777 46406
26388 71761
8214 7676
52234 14962
47262 46163
35425 64756
10014 17265
19864 18240
61344 42959
41045 29309
47850 60562
21493 2118
69759 24829
42798 13711
40571 54235
50793 10796
47174 65648
1374 19368
49855 50140
35139 39179
37127 52724
43317 64722
46751 68211
12598 59100
19892 37856
27423 61373
38497 54623
65543 33311
14305 17722
61689 38281
70020 41731
27600 36052
7869 25855
56039 46414
59053 7667
40302 6354
59206 35724
47152 62196
42770 16860
60845 38306
35433 21209
42245 49469
32190 9852
68963 22693
43412 23911
4465 66753
47336 56540
70876 67851
46591 5647
26741 16669
22232 40727
22971 47711
59426 25002
61712 27166
6756 213
68495 46094
48764 58794
16102 17870
48789 69175
10402 10691
64621 46719
38758 65644
65593 36006
62771 8612
50310 49218
29457 26122
2389 15107
3547 17379
52548 28939
7311 59404
70861 5705
59383 43893
29181 15112
32322 62342
21064 18532
30701 20446
66687 66613
32090 31861
55122 68137
7329 68210
33057 20804
47236 56177
29529 18131
28494 47743
10530 65240
68357 15261
3570 12650
25727 10001
60319 3927
49324 61968
65894 31342
66717 55996
56967 50492
60296 48266
59317 43781
7654 61971
64712 44433
5656 53040
35353 48128
5797 45351
23680 54778
65208 48986
48972 3055
23436 59787
2399 9247
53199 2733
16727 14915
59162 24780
52306 61741
22716 45353
59902 3386
17652 22291
58291 66810
36013 18430
56498 57611
19619 23655
67351 65680
34630 38176
47893 57564
35795 35240
19701 28154
23919 34657
62970 3950
4577 29382
24749 65622
70652 20200
23583 50428
60226 3833
50958 22461
34677 27792
10283 16340
14613 65946
42442 46026
57877 64029
65695 61710
52026 32774
69748 61272
57652 20756
15635 65038
16145 1044
65160 61551
63776 35618
57623 34055
3947 40074
7145 13007
36109 10688
45419 43735
31359 65387
40041 18554
35322 47986
33476 35248
48229 46542
24483 18389
44868 36169
44997 34822
16433 49863
68218 30875
34135 66597
51211 35577
51216 25563
56689 12091
10820 5833
23901 17071
32454 14447
39675 14124
13977 34348
35204 27857
40131 68297
17909 65074
61447 12536
62766 13945
400 66936
7770 44748
3213 2269
61554 7451
39053 17874
57583 22224
60995 13580
17396 35105
6594 40099
65856 27130
21344 36829
6919 35200
66276 54777
52240 68421
63678 29114
17424 9459
59848 11581
33698 63724
44069 64142
48163 16487
21953 58228
62826 64482
7848 33798
3692 45408
56949 65749
59387 27623
64137 69184
2587 7189
38015 45481
61555 10254
5013 53161
40499 35057
53218 51083
32418 27059
62832 27615
18547 51845
15405 29731
57520 23470
67838 57273
44052 28230
57278 22890
16501 49555
64282 66138
30648 46746
7305 1977
47730 40646
15262 53481
61781 48221
18016 53010
64533 18135
42435 31715
1281 24953
45526 34801
50809 47815
70368 54485
11359 12731
67236 1302
31055 50143
64007 27329
48840 60001
33629 69972
31738 34897
9701 60996
3252 68251
60941 5210
44481 29817
63875 65467
37565 40575
60959 49846
4690 25931
20826 9336
47811 14166
62373 28632
18522 40551
31300 7731
47959 30279
53113 49070
69262 1906
39078 26658
16887 2369
1465 8922
8786 7783
20666 55548
44564 30875
63820 35329
67499 58062
41644 7413
29341 57990
68831 61884
36432 26295
43569 47441
43937 40926
21937 53654
65183 63761
32578 28555
14939 11123
20915 70373
1655 33491
49402 67688
26900 34381
65746 53486
41445 49432
11954 52234
5027 10438
59121 18407
42198 39318
39546 48882
53660 6555
23526 36312
1870 10381
58303 16728
49049 24903
53341 33607
9619 7733
67825 6503
20806 22966
54446 33478
68833 39541
57540 56046
58315 46014
3198 39115
25687 4186
60617 29921
6201 11055
45270 17400
43907 16187
31527 66315
3909 29004
914 53212
3263 32764
58537 17201
17891 32537
7970 68771
71009 52046
52463 3365
20370 10664
42007 58688
52270 19710
57165 44397
31272 1821
58571 27752
10554 48082
35145 65481
69717 20124
20849 50905
44529 1429
13582 64883
51235 56125
50958 15429
70125 12190
27630 4940
56850 53811
46531 36981
62069 45872
6841 24876
34021 59975
43580 28987
64723 43965
42704 20951
39118 38073
21431 49432
58380 60772
12637 35900
20956 33863
57647 38226
41453 34171
12627 51427
18003 43435
45554 55321
13034 38461
21975 16728
25668 31223
9105 50225
50007 71032
28785 2053
37820 66386
66712 52379
60057 4589
5799 35358
3026 56461
3098 60013
6120 9106
42288 11479
40808 44619
20510 53559
44635 28111
63853 4983
45285 54271
70523 585
5667 47189
23770 15743
46561 10226
9325 68816
61994 47108
36245 29157
18764 17495
27794 10366
807 4443
62670 65821
55932 42465
19480 31177
67108 9345
34798 25735
39406 2622
20994 67729
45344 48327
16314 52241
55289 39740
19536 39043
9750 24497
61512 57284
38091 30123
55291 30926
40878 62074
69218 49311
22290 21798
40815 12447
37631 42152
1650 35441
10682 51245
19499 695
10931 54164
39522 38768
583 61314
26420 71235
6128 7788
21505 17448
41351 32550
45404 11659
30539 13407
28952 12449
52944 33195
44014 37818
59738 22218
21474 13789
21588 27137
24957 24569
10567 35470
65903 57460
25886 8265
53253 9750
18209 35140
481 17185
68758 47474
55234 9026
60680 41989
63017 20750
50971 70000
62637 16853
50996 42703
35764 11675
35013 924
21108 9359
50437 37757
52525 70902
56931 38795
62957 62470
43989 64310
55645 36782
45221 9871
13971 70106
71868 67367
22607 10325
12804 65799
24440 39339
593 17934
14241 12546
41963 41024
13460 37093
1474 60959
18388 50845
62870 822
23533 26476
46603 7808
6023 12127
67571 56262
1069 47849
60557 57558
34026 50454
61932 38890
66532 43738
64943 71781
51373 7590
32947 19872
60465 68293
15314 57885
48372 41846
42616 28356
45659 36353
12612 33562
16032 6608
54051 51339
66229 25162
60943 56173
37746 62234
27350 20109
63789 34582
28279 45684
34911 14229
66269 37514
18655 8542
11415 42063
40579 60531
57460 37408
21248 2949
69499 7366
50906 8891
38721 4318
17927 1279
32530 11545
14950 23555
16010 58244
28505 44283
11558 7416
47885 31016
40229 8258
10966 59448
27955 71587
32654 67840
26750 28586
25095 5765
64341 9299
35309 16853
1808 40391
8087 27800
16978 46634
56860 20285
56646 30613
39799 45426
69881 65925
581 32313
27020 59564
54511 27342
67035 53221
48713 37533
70451 7839
39241 47700
70818 48923
54999 54379
30938 9559
46112 38633
71473 42623
21593 59202
22745 61400
67857 35407
24993 16963
29884 28470
49867 20155
14858 27375
18609 50213
18553 22991
53772 31567
26340 10247
31621 68218
45370 27419
35981 23392
43745 3080
16329 39088
9046 38304
48386 12655
45045 41888
48576 22615
33186 51337
67060 21857
7053 65971
25988 52812
28802 8786
67348 53522
9840 24700
10766 44608
63106 7937
56300 29184
61480 38579
41777 9233
22254 30264
9388 52162
61468 49270
40588 27761
37196 39767
5463 52031
53274 66507
59169 17524
69535 68108
10490 64567
30688 62364
22797 61401
21110 42600
64513 36146
39041 43356
40019 59253
50513 7605
23091 26829
20306 9971
57076 57526
36815 35995
36188 57067
11579 18831
2033 12080
38710 60868
9870 11989
41067 62269
52477 41882
23952 27804
18617 45633
2473 65979
20309 4913
30838 54966
54882 25658
23534 55291
56781 36007
32408 61878
15666 63616
56827 25802
14006 36516
38165 18300
18340 61395
50691 47746
64698 34340
23938 22513
30060 3263
19151 42362
38605 19245
34919 29047
36270 15913
18381 53475
23601 53601
43539 50276
14139 65045
28534 8179
51296 35438
25727 56530
29714 45673
2055 5143
24987 1322
30598 68324
39349 52358
21147 7688
50436 14285
378 63517
26975 13820
6302 17487
56942 41980
42165 50486
65186 12708
59155 13535
37288 44283
42034 34461
70606 63109
51018 51537
54997 59973
42005 10082
29529 67827
8879 22651
38381 64038
68666 70371
4874 56307
60322 65935
56690 65945
17726 58862
46888 15174
13088 34740
70628 18666
67306 10988
11665 30470
13169 56276
64643 17919
32592 12612
37435 63261
4314 17659
29699 63929
69567 66692
50409 17026
8689 27263
28974 38800
20737 9873
44229 58148
64785 4389
24661 11728
30393 57557
42767 19692
18722 55420
34322 17648
12808 51961
43848 6899
60540 56493
63540 53762
63555 60981
625 19326
24943 64674
4601 44726
18567 33009
44346 44975
61536 51469
7780 43724
38042 31643
20902 69323
47382 12662
29937 42765
3798 47031
32713 22650
71662 15115
56475 63350
70301 3129
18374 68013
6145 10709
44253 68317
56507 63073
3367 24823
54872 59415
16065 10733
9965 18105
15008 6032
25045 59329
52042 23603
40668 11890
33718 9266
45403 28711
37521 29325
17576 21845
14384 27752
4062 29936
13852 50788
62232 31035
27729 27244
30139 30161
51293 47543
32012 13985
13544 30929
55894 66350
20432 3076
64551 7446
8027 68460
33416 22820
9757 3415
24262 70072
59763 48533
54206 36707
11073 59200
56208 28724
27735 6205
52131 42347
32992 23660
52552 40125
14706 38662
29151 41697
38568 22374
5674 55517
57094 47139
64347 32539
71347 5910
59362 36188
71868 46966
35941 27686
67185 63223
54118 32901
43892 13882
37379 62523
58279 59838
36759 53918
27963 46204
64543 34521
9034 37449
2811 19878
29491 23843
62491 44080
12566 41675
42534 23714
67355 56622
45895 37507
40393 34248
49983 38073
29415 39016
4350 70487
67476 27572
6192 24608
22844 15477
57032 69134
14612 53656
37610 31436
15364 44889
62162 3086
18739 18421
40950 39427
69196 44227
46970 31500
1707 56543
26289 15533
35268 30050
66711 33488
15076 513
15833 8857
66529 58623
733 13475
19905 13091
51378 28486
16718 33571
8955 34136
56462 62228
8073 53639
60406 3460
16699 24698
67668 11540
8515 43929
45912 32734
23694 33188
8358 33328
14376 43822
10161 70276
8109 27376
48377 339
51082 25576
26139 53509
17346 71464
46808 6080
3445 65789
24588 37198
42598 13926
57430 67880
60447 41970
30744 48565
20969 21834
42350 34240
35718 38607
65600 6579
59468 42817
24945 29743
28840 17577
50417 71737
50355 70859
2416 33459
6731 31264
25562 2772
14451 50250
52669 40510
62338 9165
54718 1377
31690 59117
16399 18649
31753 58419
15692 45094
23708 7593
17802 60322
46019 34162
55699 68203
18219 33320
4518 24552
69683 21565
48001 41247
19362 38667
59326 36065
47840 54885
20770 4870
42201 48359
66041 59962
15881 43690
30414 15576
11802 61145
71634 41122
68278 61187
53957 26367
335 29202
13718 22385
16510 33769
19561 23722
50072 57422
14987 34782
42908 68344
8981 12284
48779 16789
19168 5711
13284 69341
39325 42057
46354 30718
59378 3515
19863 5189
69955 62159
34930 6581
38475 66238
49975 9352
71539 43342
68305 60852
62927 245
6666 3309
10628 5951
39439 30680
56683 21195
40284 57567
55249 67054
8712 30795
65035 68273
38145 7343
55669 2608
3929 52106
14340 6351
16091 58644
59871 3919
70782 24007
53586 32745
12380 67635
47528 12501
42220 56356
6473 20499
66674 44144
11668 26230
62753 40079
57841 31667
27592 11176
62002 67915
67529 37195
38970 16888
42735 8362
28176 33077
21693 30885
42804 70757
24542 65700
43753 37658
47821 25706
17383 7531
910 35552
67684 55684
40002 32203
69251 3975
57110 6090
42587 26032
35209 70465
9735 6447
71398 39915
45153 37369
24371 39521
43529 11912
33119 16427
70354 15558
29020 71874
68575 56538
37396 17683
48871 42014
34940 35524
56542 53231
16704 47607
12626 54175
57772 45028
44383 33637
1846 45867
6484 24434
57285 1260
55182 45792
45483 49150
7772 20491
68132 43486
35071 71039
19397 55908
21783 38725
642 67133
47256 17144
45026 57434
60347 17995
19210 1492
2719 54076
42229 51038
28575 59055
45403 3383
26940 13060
42559 21573
45260 64138
10204 8456
58357 14028
15252 40555
40026 44600
41949 51371
19209 30021
53521 56875
70299 1123
53129 13260
7649 24490
62852 51549
20687 59975
68992 17417
15345 3980
1869 41868
48849 10430
7107 70452
63529 38178
52064 66765
22333 6344
1981 69170
10306 39069
28826 42435
63158 59361
71575 11550
44830 9856
1958 25065
54666 21513
2076 32934
7984 43785
59947 40116
10779 16779
67096 20440
50471 40779
52998 44281
46943 11045
39214 8188
40078 62910
46961 7386
50892 14879
67767 52809
10536 34404
11657 50609
23316 66884

