69881 4329
46444 9347
22518 59176
65323 38395
63884 56440
69031 14388
4024 59740
69759 53937
69103 50105
19630 32399
1156 15643
44656 18198
9641 66512
34789 36467
39505 40803
6280 2017
14063 61999
1542 33385
11746 29754
64516 1713
3843 23892
60107 24280
43144 4847
41390 2284
48464 28100
14997 39882
16809 43030
47300 38091
34304 58302
31174 69225
8001 22015
50047 45388
4562 30754
66557 35536
61687 3772
15345 34823
55657 45062
39492 45909
11783 26001
45204 68783
11051 14446
28443 67241
35134 4048
30372 31044
23108 68180
51508 40644
47100 16310
68238 19424
17083 19102
36048 64814
33477 47125
29767 52140
37614 38099
59681 64042
37227 53523
42283 34101
9914 45072
5537 32654
17485 6021
68829 43399
23732 42496
46190 36361
12226 14534
46824 53680
6405 66355
41811 13582
31894 49026
29281 36790
65141 8688
66963 17542
55470 65364
57467 66980
31692 69048
14232 16909
67838 60816
39834 23958
51137 63489
42910 59044
41817 38062
18309 7486
47046 64611
11879 13528
9745 69098
62227 2158
66200 61698
5187 48203
17824 23809
54073 22952
58844 2872
13919 46484
7050 19788
53492 64031
63108 24129
27634 50460
59284 18419
1595 1451
34310 61040
3169 26004
100 52398
34897 56815
41008 2618
4722 52160
39627 12611
42586 17985
2604 51715
40882 35610
33695 51238
65705 18457
26268 62338
42841 65603
42503 66102
45775 10760
26961 32288
62745 14664
26592 30764
60587 63424
43039 66490
26345 65038
19203 46257
10569 27085
23083 37489
58446 4380
12751 55987
28638 12350
1426 9198
12643 59014
18807 57288
49880 57809
32165 46060
12751 42746
15993 60374
9534 33550
16734 28329
16381 6742
59474 46966
53979 5925
25836 42916
58917 4266
18995 21094
64747 34006
52266 57552
61090 4158
51860 14002
15904 8101
44505 27013
30770 12999
52307 59804
20231 8095
24836 44463
25302 21784
24855 15057
47926 57035
23057 42926
26228 44315
54289 28165
68607 22263
13662 48273
60114 24938
51049 65437
56947 42358
12521 58247
42730 33030
40463 21202
1901 40437
46701 29899
69583 19396
45505 35242
65868 3013
14425 52352
14739 31345
39480 60926
13670 35975
7995 12494
7281 23210
44323 12870
48249 69446
4239 53759
27300 40747
21042 19197
10891 19771
6869 4054
36609 40092
40119 6387
34468 27357
34552 4576
27546 44451
38508 13208
24248 48736
3194 55713
26092 14338
49626 35252
30466 31934
28957 30667
49698 29795
13568 5726
58282 13652
62078 25301
16985 43994
19025 30525
9370 15267
8174 32359
15201 62759
41844 22334
66170 30682
1631 24640
25400 50970
37835 27839
5056 15786
69460 51468
1030 30278
38342 40358
39497 33931
39016 2890
53217 8975
53420 31557
287 26972
38881 34601
34853 22337
21776 23864
63917 39698
17921 24323
42596 63035
6368 9872
53914 49555
24175 39640
19538 54436
49044 59607
16657 60910
14884 51689
66482 29348
39326 2679
53511 46089
26221 1484
25051 15367
5067 56897
69117 59364
32986 12141
56617 60903
15817 33548
26107 6751
50385 46544
68629 56428
50324 67359
8474 58233
30688 40892
28675 26091
67555 58844
13615 28530
41782 19631
68391 47596
3957 15827
54397 68785
50465 16070
3253 33387
56957 24089
14827 59677
34290 20516
67748 35481
27737 48030
19105 35872
41930 66943
31946 47803
61922 14162
13795 60024
16880 7682
28325 4780
16416 16852
53746 63167
51733 59657
12573 41408
16166 53601
3332 29860
62222 50151
56836 56229
16406 14852
52263 16546
56807 69528
30523 9311
66640 33181
54633 67196
37356 55035
17776 12928
68476 50384
58520 24810
2841 60804
31853 22541
5377 10498
5767 61050
37973 65068
58777 36337
30990 29836
6407 18448
20249 38861
44147 40346
59920 2120
6049 45801
15977 11678
56235 22620
46295 4044
9342 17122
27760 2913
22370 13338
6361 20174
36804 11489
60515 62346
22788 7813
49333 68739
55409 56692
30309 48578
19533 53673
16453 61893
33068 10098
30014 25769
30813 62489
56753 15906
22253 29382
37593 19907
13560 53840
15026 3998
1265 62313
10664 2963
20165 11140
41823 8628
48579 26699
62120 60553
49174 16520
43580 13789
62781 16650
58531 1155
8147 30624
23543 6146
64921 62754
26563 36413
13643 15787
44557 2400
29508 49208
63733 6251
6798 54304
24681 17751
50752 32040
67643 40373
30482 51250
32123 33080
6361 17936
21 45106
27451 2400
69455 26222
32065 43692
4640 24483
2483 33315
38993 42887
40152 34773
37071 64311
46839 44459
46833 45202
26071 37878
45800 43827
14289 4499
10600 35758
41309 53152
40211 64400
25735 42538
36840 68615
48312 30353
22369 52201
9375 29411
47194 18354
35142 31689
34615 13184
48683 31608
3903 41981
1460 25381
67062 53545
67046 30826
2819 17063
4560 6150
26140 59741
12278 28999
1689 13046
40908 12691
52610 65374
38944 64700
15340 37534
30488 568
3216 55051
3818 31176
21325 1017
22022 8264
41418 23724
40307 47456
66148 30844
19647 20846
19058 7799
8289 57867
1797 9955
47833 64362
14437 14583
58103 11163
50008 22824
21919 25555
1285 22123
48840 64515
59327 62255
60998 18969
24207 35227
39852 67184
68528 53287
47511 50203
29738 67331
59802 41839
12938 37308
29657 56640
13751 63160
49875 46279
33676 44998
64514 66441
10035 7971
52813 43753
15373 20984
17963 47137
46568 45374
21804 51847
58694 56722
14157 69217
24503 51440
151 6853
48545 26223
66745 20868
3870 21931
28203 64024
8751 34111
51786 30974
40460 44413
17586 17501
15969 37575
16954 5216
22929 65584
18576 60842
54919 5504
46030 18530
14068 27790
15113 43777
2995 28906
21353 21773
45481 21326
64031 38715
59842 36934
3787 16914
15313 57277
54594 23994
60461 44527
63201 7340
32156 7741
9046 19920
23297 19069
2479 27565
5680 12996
50218 8831
16599 34974
69871 4928
25216 29396
41109 24829
33840 2709
41628 48168
5687 36389
64228 57695
46376 41016
54621 64434
36112 21413
19109 63269
32488 27663
43819 35771
26586 43947
8299 64875
66997 21209
18451 59656
67272 48017
60461 44648
46008 17028
42262 56155
45960 60291
10598 62103
61490 37879
59905 9641
65839 35597
54710 69323
29098 22745
5695 15869
50331 58027
52661 32462
34825 58659
19470 36600
58956 1800
57993 68378
59945 3297
11045 15961
14896 44399
11386 68570
64003 7596
46527 67464
35830 3391
67158 49428
65052 53238
34512 56478
27861 68968
61228 55113
28256 33540
34204 64355
1142 68229
53201 50613
3072 33834
51257 50995
17502 36481
39073 65077
52359 10819
57536 39536
59618 41339
2674 27228
58300 50140
29286 18981
61921 7226
49795 7106
48722 32033
59274 60899
49442 49355
57569 59720
22062 63100
26494 60550
25779 27622
68412 38814
41828 65553
18539 15917
32112 43375
54527 69364
46007 44695
58864 23731
30138 61225
8281 52911
59887 33692
21013 59831
31991 28038
38938 40393
37733 33493
30868 59609
48359 40208
9881 55501
6790 58193
20410 805
4245 28893
60539 41547
39247 29893
6791 58566
13072 11196
53751 2798
10475 14131
10421 35214
31752 6149
23677 36053
1692 31080
11303 5243
42291 43255
47157 8323
32212 26321
37003 9417
59540 1540
17717 40812
32345 11538
24014 65359
46603 20080
30634 26989
18747 15694
11384 45475
10946 26819
28650 41033
27501 20379
9826 51485
34050 51563
25944 870
43623 2345
57815 1371
61895 68542
33275 12613
9451 61178
49409 19506
44030 51372
1254 46696
9300 2771
21325 63606
63962 9126
37631 68656
46576 46522
66288 8437
58913 41950
19221 33262
24150 31784
52768 66586
36628 60665
22675 18199
16378 29460
31959 6376
62885 17315
3777 59060
45752 68446
1519 16613
14401 10560
20313 28355
55349 19814
20978 35390
1572 31931
44951 65199
45699 9070
20668 20446
65848 42029
6080 26753
47298 62089
36804 5020
39916 40846
4698 11855
43017 2921
51783 57187
68335 3121
65358 22688
18379 14723
69083 17015
51916 38203
22824 10980
5238 27489
5172 50026
19552 42644
49493 47181
64214 4400
35619 22535
3044 29911
9704 5083
11992 59716
17706 18306
38523 65130
7457 23821
42986 5413
13087 22570
51281 30229
46524 68674
40508 51316
38272 66042
1062 23993
29732 37114
67943 62124
6797 49411
22413 46701
15611 46894
4846 11810
34314 51398
43713 25376
33845 40711
51910 24774
36417 60314
31018 14402
68715 37650
20503 58299
30346 46812
9277 51525
20584 14804
19130 26942
20262 44209
69585 68243
1365 69378
2798 43482
23622 57920
4943 29126
66927 39820
67870 42253
61366 5744
16962 57084
28798 12979
21489 47749
7660 13949
63548 8308
38580 45490
41973 40805
22744 3236
3239 18643
7074 53718
26654 65615
46985 38458
9437 30465
41541 39570
34036 28385
8427 35032
20011 13486
39245 41828
52599 19784
34285 20953
17819 23300
54867 17958
15946 60938
65533 62567
16287 20063
21081 18769
17795 45537
58941 13342
11702 36477
1081 30112
56995 2652
45359 37773
52071 61107
4603 51320
39480 46578
37415 23328
63457 65438
52977 27292
68729 7733
50187 26943
62924 57921
4972 7474
1272 23528
31567 20866
61389 61583
50849 26504
69670 39432
42265 5792
42714 58163
57542 38634
39455 17479
64578 6100
29952 41537
20693 58902
50556 52445
58711 66930
62807 9900
20466 40695
64270 22162
14309 37770
21165 165
4421 11773
19726 38590
19415 69173
66207 61936
14242 52089
40232 18604
32156 52793
40558 9320
31075 34668
17782 28206
57080 9268
19532 24352
48182 36326
41078 10667
59043 2111
16825 47386
28215 24052
50646 30503
55514 53101
24433 36626
49606 32158
49040 45890
66898 26771
1574 42008
49290 18452
61753 38079
40548 26393
48243 49667
28628 30493
46859 42473
19752 65681
50618 35630
33816 27963
41447 17187
15954 66116
58313 1749
63895 60694
64036 34661
23084 20269
5526 47902
57065 28859
43555 14289
44390 861
62922 24352
17186 62681
32904 28720
41594 24381
27778 59720
67405 19526
62747 62672
1703 61118
16950 32267
37835 16213
63978 68806
63499 16821
8492 56591
888 9263
55067 16028
20574 19192
40355 21396
62556 57893
29196 22031
48248 152
54253 2076
8525 62366
41526 42712
69490 58151
41649 40302
13532 24212
49591 3904
38275 4061
42483 21811
66314 17199
55160 10185
6887 69170
27418 53262
47633 25219
49238 26231
8144 46724
925 57036
23548 50331
1750 42103
1852 12429
51638 61708
30744 17261
64677 32190
47524 15406
8391 33849
17543 17032
51751 6974
13579 23771
29126 12294
23313 26112
22769 21847
6957 7506
48998 44307
28781 45099
8777 21354
20939 24286
13820 26951
37464 8698
13541 67429
29582 44675
15669 3105
51297 52002
28268 19066
42950 7519
60066 32149
34114 24084
48162 20622
24767 14504
8815 20828
20023 53971
35315 59615
50641 42657
49195 12691
30375 39392
53482 48341
16077 14535
60791 22647
64837 43825
39394 48432
47205 25200
59909 64861
38158 7430
316 28532
25595 58871
35117 7356
69869 66382
44211 28993
59625 23668
64727 58182
43403 66052
20775 41008
12985 63805
65572 46754
4470 25745
707 44632
17721 9058
20118 66487
22302 2961
26701 24214
31645 29540
44108 37733
11481 53576
66421 24104
69207 55336
56603 8114
43040 52121
33360 16768
12524 29188
33950 6282
42517 64274
1352 51990
4849 36251
15159 59842
58648 44452
57402 52418
53810 63984
52072 29380
18204 59694
56774 12956
23928 11616
4693 3429
41523 58583
35531 18456
7793 58880
40958 22704
14103 15280
48835 53423
9624 54456
1666 58458
53119 18846
65117 17814
63785 59483
13925 3573
9427 24751
3031 7926
12193 16112
20745 49215
25037 9538
68983 19090
41549 20404
2821 19456
47178 59310
11316 25638
10864 41836
34755 18436
40093 61894
49865 33036
69195 67124
49715 32274
66458 33390
58936 25908
62330 18558
58467 48698
26368 52885
16099 24865
56041 6783
47314 66266
16437 55628
8982 5948
56777 6708
62424 52164
12408 31204
15670 13548
69219 61824
60161 54104
888 3344
58663 32021
18346 56084
58276 25345
54757 2335
35953 64736
4071 10943
36525 11679
18693 55108
55276 3803
18225 59320
68863 56420
7343 1272
67950 18366
37729 35652
37430 11004
67055 61730
35443 4706
47591 26393
4154 59766
32724 23751
22683 32364
45768 52549
33736 26872
20297 42047
6606 29388
484 24435
47949 8467
19548 63099
6330 23562
12912 44864
45325 26580
29760 26748
67925 30737
12851 68382
17972 41999
55427 38393
26161 11134
28722 48255
31978 66455
33036 2675
32478 58519
13596 64600
51061 26744
53215 29735
43119 34360
20311 54117
21802 32592
29218 24106
1147 46219
40264 31258
1207 56558
47338 31065
61744 1678
51783 37876
68743 54116
26962 23956
65677 41446
24014 61831
47961 54053
27017 65442
30938 14747
41502 842
13623 28452
20974 67872
11221 45892
42342 18983
60045 53618
35433 7680
350 41301
34341 32557
22542 56021
21748 24749
39680 40368
30490 14327
6962 46038
23679 19509
61785 21988
58077 20741
65512 2653
20304 41367
54486 45660
69166 68075
15310 22336
51423 55361
47799 40786
15891 9104
32797 1238
27368 39928
38902 37858
21508 50516
16412 39351
15526 49924
33889 35816
49502 32915
41530 68653
48691 25417
48973 17784
69592 44505
23352 40290
31026 44522
42873 67035
57809 54996
61258 69539
8825 10914
68197 11323
7250 21042
8405 46923
66174 24064
68685 8108
15707 62129
52674 32053
17004 18931
19045 9213
17076 65116
35373 12036
3455 66808
4349 69794
29989 25951
20280 20485
68449 16239
62899 36209
29997 9713
4958 50919
40544 17181
29772 31960
24021 44478
46890 48823
3816 53466
18721 35432
25610 64055
16107 20262
24331 15098
34219 68422
2165 35225
42940 47818
30446 62269
13624 47125
34493 22087
32984 2618
63805 68826
28534 56267
17249 50490
69849 29277
7921 59045
11086 34016
10359 57365
63375 40231
13505 17605
27860 12079
35924 68288
39541 30279
16089 2573
55344 64134
23918 46047
46134 54788
12782 14766
41532 58647
54481 15995
16261 53653
65715 52766
20559 50502
1499 50798
64400 55385
11558 49323
11525 28321
13908 13299
4263 25116
35750 46825
57483 36908
37934 53371
1772 59443
123 69536
19168 13992
25831 1247
63939 60316
19451 32774
44065 4256
26275 2047
57541 54147
31889 27318
65449 30402
41442 13963
38325 26725
15152 43809
68882 13595
67962 64773
21308 17907
8826 13722
34444 55047
66496 32434
24113 12265
38600 68245
35816 65730
7784 63074
57385 55067
17163 36994
60472 28727
33870 1412
60521 23070
57188 2322
60258 9141
22091 11873
50809 39443
12006 52465
3200 50442
65406 11722
41764 27232
39966 67933
53843 9155
56101 36067
39210 24350
38967 3804
25397 37249
65717 31771
57534 20608
48610 38106
12574 54728
20663 52149
49136 63556
60370 40320
47420 31451
40113 40747
25729 11915
3773 50870
24246 35137
44285 30924
33112 38751
47012 20258
12367 27458
55684 37742
54812 10306
3535 64144
63090 55629
51983 19191
841 32766
10883 48995
4670 46627
57670 64603
13711 31434
46980 22526
9134 55815
22332 69103
42052 29338
35726 66465
35402 40475
35286 62895
11507 45151
41411 30998
58139 66106
25864 48482
33315 65883
12274 31854
20040 4233
56280 18231
43692 23333
40775 7259
25501 64874
16702 26152
26067 63336
40557 22312
30512 26345
15675 51424
3857 50208
2692 4471
25028 36317
19950 28547
67163 17697
26941 52837
5111 10920
23992 29232
1115 14409
21231 55822
43352 19743
4199 61922
39296 6099
58045 52299
22692 977
57048 20210
43674 65428
25072 56022
41421 3025
51835 25047
53254 31790
8929 11073
25474 18998
37963 17938
58272 37151
248 6192
32554 16713
830 1364
59171 45585
14430 35304
7323 6718
24404 1297
69389 45824
37452 9011
61832 60192
49070 27500
19429 45261
31983 42381
26781 49479
44028 69196
44072 36283
29999 10870
49958 53797
37020 27375
62181 30926
55789 30313
50550 47930
6767 11460
8139 7920
11227 52694
6920 12493
27808 5453
8148 13518
34970 21997
14434 56629
66032 8890
37038 9114
4531 1053
52458 65045
30768 63144
52613 49118
64451 40549
64779 40039
10044 46429
24895 13520
12736 32391
60913 13999
42331 66650
37715 25168
40102 28547
41071 8258
12781 63395
21518 18106
30457 13711
53800 13074
41302 31984
37277 42469
64005 35071
23215 1939
47029 24070
7212 18240
1108 38819
60134 24182
38058 64762
21412 54719
62678 61659
11977 5170
58467 52800
64453 24272
49331 14164
57610 58512
9660 26436
30067 8543
40299 42194
54895 14737
36196 51707
19825 41832
57234 17056
2227 24252
56286 64200
24388 64585
53127 46198
52973 55445
61930 30539
46380 12405
63017 24880
67216 2911
64570 14850
3794 38823
21913 56254
44690 22466
32297 39938
11228 22843
16010 20034
8879 12108
48403 62719
13352 43073
45202 40699
40580 44363
55611 52892
58555 33148
48658 64257
42921 67517
18420 69525
58044 27748
19487 16968
26326 41835
55726 27883
64203 16081
25447 3694
65993 18450
25158 32867
42429 4912
1847 2131
62115 11723
69391 8181
43457 66444
65333 355
5079 21435
12051 22623
63969 6874
6285 48567
4418 11109
52797 8622
45639 20521
63656 56106
55781 9101
10595 37137
33947 5466
68948 24500
67398 68421
11399 8409
627 51598
22116 67213
19483 16826
21738 20952
29738 63936
34204 46332
25922 42280
24257 33001
18163 60455
31794 29351
49789 14322
1576 68254
49058 67880
47148 64957
18631 47499
37383 69273
59441 14415
7081 65102
15504 60791
49479 24224
15625 66859
19219 21102
40246 12042
65880 22458
43598 32431
53554 850
25855 43394
3221 21159
16336 55436
6423 49188
53824 12868
39445 64983
41025 59931
66329 61279
63228 9741
64104 54143
46043 10644
11331 6939
18663 29115
59353 20201
47045 20104
1345 6714
23594 48126
31137 31050
1481 54115
27442 9275
45842 40720
63896 27812
57160 22322
50378 59547
8585 17106
37262 28429
59270 14955
58969 61910
68222 52458
4883 58225
53983 56438
38223 44273
24236 31090
53486 57209
41525 42847
5441 34695
19644 50800
53733 38247
46433 41166
54849 18794
67549 26585
63021 42753
23676 20666
24182 19077
28014 34584
4068 65782
64454 66921
1158 26112
25059 31773
37637 56720
65771 68549
50739 56040
48121 19288
35741 50577
49078 62595
405 54742
57563 19306
43192 57361
44967 48347
25359 25914
55299 14951
49686 67555
34060 67139
49023 8250
11061 11414
27241 48108
65453 67750
69066 62919
8294 25278
59937 21253
50355 50537
17538 27526
47764 64132
5166 51357
19809 12412
18454 7002
11644 10831
39089 42707
48039 33483
6057 22926
56921 64246
15469 60679
69488 37658
26020 14935
32754 32164
5263 35833
26061 41768
1303 67160
27690 14435
46340 26807
64975 9860
63918 14644
57286 10752
5716 45120
23541 34226
50616 63939
39361 20018
38261 2820
47336 7969
63526 31009
60270 26952
34136 59935
33835 946
49800 55359
32014 44410
17724 33026
54098 53669
6869 64023
53207 59734
30332 42540
11249 38917
60807 855
27390 28853
29145 20993
44850 25674
62959 28386
6662 7292
23600 38826
50049 45748
47207 59990
19915 10457
19925 47883
38872 26098
17921 44422
17084 1300
42718 57310
48226 64813
66230 40415
47377 28129
11923 23033
41647 33234
41810 69478
34121 11260
40902 34837
65045 7866
10462 42185
59666 7158
50245 13121
53943 15945
47772 8247
10743 62471
63070 57687
13916 39581
1933 37066
48961 48450
10017 61433
12474 14806
45728 18750
51649 56107
21710 54432
38477 19310
51713 46966
46676 49522
33044 695
8797 52275
54017 62999
3064 58654
53290 63308
41537 64745
2737 39191
57069 18616
10463 11454
39217 49235
9254 12514
1052 35861
9783 5279
60025 67112
31367 42216
41369 1626
984 49052
9039 31693
66041 49946
46111 24759
43949 59671
60733 37104
68370 67613
62915 54752
28113 25639
63284 45201
41583 66065
44047 53003
17180 199
11985 57895
67519 16064
63787 26802
39843 31882
21734 23949
37814 11215
53266 58727
34272 49434
35911 32237
3072 31610
15823 45194
23286 12239
33078 69461
21458 35241
48081 53948
29225 2252
68023 16213
23722 56863
36549 68896
28615 53476
69005 36839
54555 44342
55940 13265
27842 4773
30190 4889
65699 21032
5164 9147
28292 11474
5829 49659
20518 14882
47457 8262
34608 64407
60205 69163
27851 38972
24918 28781
49401 33629
29355 17795
51849 64982
21306 8847
63568 17323
15481 69674
57989 41845
65056 67994
28585 67835
33524 68536
57972 41118
7194 64424
93 68455
63215 18367
16045 61759
66379 1170
658 16442
66608 21001
61273 8056
41573 50923
13757 24616
44727 7634
42060 34188
19334 66221
18378 46327
58100 55303
34570 10379
34476 69104
16926 52733
41594 28616
42459 34836
68625 37614
8073 25523
40325 56749
67774 1670
1298 14300
15437 60563
43189 31500
40991 37213
68929 58176
37882 62631
53058 54774
28441 22456
24035 46161
19202 19240
62155 16293
67290 55859
3962 61901
19247 68589
37309 22733
36702 42026
48166 32313
9365 26191
40141 68304
7354 26074
2385 48570
62833 52988
40842 61298
41036 44539
63819 60975
35593 1479
9661 8927
52389 42314
27008 24530
67956 67590
27762 39816
28276 14108
15909 3259
68688 47474
48016 29112
63253 45962
32376 47451
46883 59995
41119 58573
40011 50
18757 65319
38197 46405
66203 17667
31830 5026
61103 27894
18770 52277
18227 10973
6817 57252
12093 52700
52619 7348
23073 62042
45920 27346
21031 22188
47194 47506
47616 57895
43861 61776
52400 44579
29118 65808
28137 66875
12683 67060
11625 66595
31979 2381
17273 26631
13082 68117
26520 60970
61327 60217
61459 31097
53796 46616
59806 13533
43504 17789
58436 8260
65766 41464
56026 47042
34380 46639
22014 34672
57781 46235
8863 5662
17312 28730
8226 44446
63346 39342
17520 62236
11412 43483
45810 35063
21198 14609
47479 3516
16471 56752
39910 15027
2822 44239
66532 33540
27638 65771
68877 51703
41335 29694
51008 2892
69620 54865
52973 48390
63966 54218
45272 20377
32730 191
16567 56433
63373 39709
38363 33883
34004 37549
28612 10893
27399 8456
69850 27219
49920 62979
63665 30957
24442 42639
47163 39767
43453 46731
30795 59353
33332 26719
68149 62197
15960 46864
64157 9877
55889 41006
13070 48005
16899 51429
14002 22810
519 52351
49569 13294
3910 17197
16961 15123
321 11576
1422 13543
53565 23805
22471 32795
29051 40252
63569 46566
21901 7912
3283 25214
40424 60222
1241 47353
27790 8053
43816 8768
56742 26256
33107 7474
18488 43392
32592 6125
62794 56634
35569 29340
3350 15818
37993 13124
45903 62859
28900 66622
42381 15263
66240 35825
67860 13282
38759 44068
63327 51355
741 6621
64546 14733
23058 28920
14448 49849
41553 68559
61310 6490
25164 61476
29066 66016
14752 68425
10998 51934
13337 42813
34098 45303
15600 41839
51811 8598
49543 63643
53723 37051
43364 45998
51091 5239
37195 66893
41511 44655
37507 18864
65424 59775
22247 38885
28671 23909
2737 9067
62362 40622
17406 54333
56250 61005
64531 66144
49527 22880
26225 19025
32534 9166
68969 38041
31021 49362
56462 36572
620 34452
44647 40923
57645 65032
8895 62737
51895 3879
47556 59165
64579 36392
66401 19805
52791 39708
13504 46759
9359 45201
24364 17534
52703 65902
23100 4169
15500 45786
52457 65352
7733 42674
67102 48670
42352 56359
5996 62337
69028 30749
60070 64771
40464 9015
21371 4704
60791 50648
34455 8140
66243 13482
24419 25319
6949 57123
26057 3239
28913 10852
55111 256
10322 9003
37866 52521
11069 62300
29320 62360
38095 57219
58285 27283
18405 24774
68127 49637
29784 46136
6435 56987
60549 35695
35835 28928
22361 41485
1025 29230
26719 57596
29969 15686
57379 5111
25153 12747
18618 65979
39895 41144
68823 7726
36630 21583
25810 31447
21666 32886
40626 59793
61202 44561
36177 56283
3959 61794
35969 55314
7734 31770
4876 54406
28517 16751
47055 4481
269 56838
66489 59186
38284 7520
22854 25818
39885 65653
1214 32665
6862 56192
64261 31485
1626 21647
2549 4131
25711 54895
15149 51319
43045 3870
68290 55499
35428 2881
24692 4931
41884 5644
17755 58003
21262 27670
33191 19863
429 6093
6094 65481
39961 28909
24784 32749
15869 67860
7783 4722
20910 32737
45850 65559
66760 4830
3996 51890
52003 57259
63572 23576
44749 69828
35059 54841
44204 24659
14233 62579
38185 31727
28651 30314
40443 30000
21248 29205
62155 23932
1716 65383
28298 44159
15862 4020
38513 18351
31730 8814
25624 9349
23327 42001
41849 22925
35675 19768
40946 67188
17685 52668
68906 62389
26111 26734
50675 20990
60846 55906
15979 7579
844 39417
22376 52364
7451 25688
2162 64538
40771 61859
51189 38329
44321 66017
31591 68900
52795 53300
33885 36508
55522 47293
52076 33133
24676 32411
64486 19134
57437 30940
22085 50881
56579 3210
56801 5209
49786 35996
35626 60420
11178 62583
6657 61083
52781 31530
14003 13197
58773 5340
53302 63281
6784 19079
60010 10157
19420 22010
18074 15337
21205 16653
65999 20816
66101 58362
42069 3694
55396 32255
66691 69833
32947 14532
4393 63818
56629 14407
53901 57947
2118 31224
14491 69245
51493 25126
58072 8038
34737 46931
63839 47323
20487 53642
36431 45248
2533 60141
7742 33313
19285 67987
45567 64029
67081 21085
52846 9674
47374 55605
45032 19511
69634 30912
40196 47375
45043 28337
51554 69580
22285 4983
67591 57064
67036 56662
43721 47684
63966 54947
8314 20563
23357 248
68548 51030
42882 68806
55911 8915
54108 64176
13592 24831
2572 16505
2033 66212
69488 48241
30541 48975
37009 67891
69568 14464
39264 16403
4016 35615
8035 6595
38948 23602
42159 64920
49379 28415
48121 24515
7381 1375
51390 15822
113 44930
53234 46880
21842 45739
45858 12540
29485 20528
41546 56885
45129 4554
4380 58528
26444 14181
20462 57683
68197 63496
41211 7208
29476 17181
39417 7349
14964 57512
56152 40769
5208 39548
55640 10793
69712 33697
689 68925
15791 8537
14654 53271
25382 1036
12712 61799
48753 20791
15214 17650
66072 9271
33853 19921
5828 55736
20403 19137
55046 3754
3264 45262
41825 13001
24430 7944
38834 35522
52272 19485
3135 59377
33659 51583
15925 5440
59736 12961
55131 41661
39508 17536
45595 56237
46447 12948
42887 55320
36350 62691
68956 52270
29341 28261
16090 62704
23373 11846
45270 44139
2102 8122
46337 53320
1639 37259
6732 26993
28974 53579
57107 44767
60913 321
294 22737
64709 63761
61572 5247
59858 27746
5002 36423
38130 31362
31119 14233
32751 11815
13514 56658
60960 4868
28865 8531
53921 10797
40742 50778
27564 840
69112 44682
46242 13423
9757 64513
8903 61829
37109 42155
66006 44213
42318 44932
23988 41281
21251 19216
26334 33288
6842 7503
5358 67734
21875 10672
69731 41429
59028 48989
39279 32853
37996 21195
37376 36125
6789 59175
48525 3131
67711 33270
53954 66709
51432 29894
8934 26654
42166 1091
19226 541
63662 24967
24855 18393
49943 7285
24782 1519
46410 8698
38928 57
58516 36655
30965 1878
27837 20489
31671 31576
62055 51766
6842 56642
25683 16186
30467 55000
42464 47736
32715 26513
62865 23118
21288 44775
32264 2176
12773 41504
53856 25611
59825 29388
32259 27810
44051 8657
8856 33357
31442 41817
19500 44321
26668 62157
35933 32937
6035 20634
22729 21857
56867 1612
28464 22020
40494 9600
30017 44304
33468 20864
46053 22289
56203 50092
11175 55296
45207 49293
56243 4759
40401 3370
16211 9212
63672 19777
43316 11972
54746 17838
35949 20988
41837 40412
18758 36486
54704 16938
5200 51853
47626 50409
32401 58001
46107 65801
29811 1309
17980 60018
65495 52093
9692 13864
52313 4931
4090 35364
50573 64970
29096 50790
60896 24844
54616 54997
11249 50262
59033 37803
3898 10433
46537 37655
66084 33505
47331 62511
14661 45935
48139 49358
24614 63547
22563 54641
362 53836
14806 15585
25925 52263
41290 36837
45875 44854
375 22284
62162 13265
19650 17446
43492 53151
1923 33458
2883 69192
7962 24907
18201 65211
15247 57966
21955 61551
63223 66874
52806 52462
37059 36407
63778 16766
46023 33354
35545 62086
54812 12656
45124 25743
41933 67158
34651 5243
26473 4775
36909 62248
53031 17611
2976 67061
41421 14438
40101 41294
44719 35902
44751 45505
43978 31963
13627 62200
10488 17832
62697 22706
34422 28545
1750 57451
52532 10873
39315 56420
4796 28858
50785 61047
45884 39467
45634 36403
22368 29941
6538 66699
45150 33092
64056 14653
22406 44691
67721 3974
51974 26388
24780 17512
29990 25352
59021 17690
41453 33201
66904 6461
47239 69845
23631 16142
38648 64629
8841 68394
13505 6452
65100 57476
59256 47772
45441 5276
50614 15944
29894 55334
37474 23947
34929 44340
7348 22366
10197 17517
47050 62626
69225 41385
39402 20359
44024 66845
54455 30862
16294 44928
14255 18469
67478 2531
63621 19950
49056 62341
6538 38218
23624 68684
42489 929
19713 1650
32412 57066
37831 16642
34267 54019
17386 61075
14128 68731
7851 38500
32929 64611
67940 49810
1438 64251
31716 23184
11493 53358
15597 44069
11962 20588
18699 34067
17006 11363
41591 27370
69320 30403
18186 49123
30855 48030
57187 61686
22575 42676
32239 19618
58001 14053
23413 6771
64637 61335
65472 40966
44047 39250
11276 38721
29551 59438
51232 28128
21070 6553
4848 59362
13932 48115
59437 47043
24839 34055
47674 29893
27972 44420
23847 54360
66914 19993
20878 61853
30346 12402
25018 66487
34743 1151
62897 1816
39329 47943
59069 16818
54969 42027
49277 46372
17530 4436
52780 4369
56469 59232
16378 6030
22017 46032
52159 24438
50409 2957
14706 38999
6576 60565
59671 20535
41737 54562
26409 11632
32198 30668
4329 11562
51831 8951
17070 3404
41648 5817
6659 53100
51149 41576
17589 67805
48237 60077
5206 25835
42108 26855
62013 18249
19493 59430
44531 56049
2235 68156
2760 50142
10724 46071
25961 38044
39292 53286
27418 26240
3046 61839
27984 54207
21761 51188
53542 32282
19680 13212
38135 38177
69187 9219
5736 60825
38862 50965
37317 15593
29987 65961
27713 16708
12662 11127
59512 44053
585 10554
24711 68118
51103 61817
49153 40162
47782 20664
27371 23540
63622 1596
53505 32256
31848 34733
68276 22544
19876 6069
17280 41543
58287 31253
10954 43127
15765 15993
6462 50842
38608 33563
11747 69824
5550 56884
1524 3339
35090 48425
54049 67819
38211 35404
482 43120
40894 3870
8652 6580
22157 2641
9140 11767
19515 57890
35137 32672
8507 29647
69574 60115
48903 56207
42577 24543
23133 55352
68443 47768
62388 61070
11774 50858
13398 2127
60629 53175
12418 23984
40642 60845
32953 25982
18067 58667
8499 50171
40519 1225
20687 8769
10513 59046
62720 34046
16462 66966
46314 26428
56221 61680
37052 37143
35950 13074
5669 58682
13117 50265
44381 57407
68011 12015
47180 57841
2683 27132
9698 29971
45519 47778
15961 25186
2371 56816
23828 686
39445 43161
56542 48710
22472 67512
57585 40644
32036 41972
63394 62139
10482 53358
39019 53755
41067 6929
51137 31505
43227 15247
50232 57557
68820 22068
53457 25260
43974 51777
22538 41421
56444 69085
44414 58199
56205 48652
52697 68174
18818 18161
53446 67358
47142 12184
57390 35980
57189 59753
67376 43826
42093 30715
60196 16302
23900 32848
62073 34626
29065 65761
6581 54725
57864 8658
51964 2128
11405 59232
38236 4863
22847 17680
17733 4883
62031 19433
18197 66459
20391 12926
35751 36003
57601 3216
57632 34960
11670 31772
15546 33996
2350 60827
13993 51345
29679 23439
2992 49448
68785 32295
1862 2277
32626 51061
27463 56573
53803 56498
48430 31024
6957 37606
25044 45142
37037 44144
13702 60034
45007 23263
41548 3688
39567 10302
37253 20270
14786 56844
7754 38789
14753 20975
4440 22713
3611 25226
28592 66488
28850 6294
64145 19359
43548 29172
24537 27783
53475 32874
24337 61235
4391 45717
62335 40875
44808 15362
8213 69253
42379 57100
26115 61989
32523 49549
61617 10007
50194 50080
56013 66601
48457 32819
17403 68003
46506 39950
14459 6649
23306 7361
26435 10065
12915 8542
34541 9079
43359 58288
36587 55090
1382 36555
18531 64102
68933 48502
66552 22343
32015 17178
59921 19844
27187 65920
51153 5547
22684 39628
10929 64361
27144 45170
27929 22845
53816 43353
421 68075
15848 63098
54968 6592
30907 36720
8534 66985
15372 12250
51294 53292
10985 10713
33414 49203
2899 51304
1581 42398
55174 39765
22137 8498
60796 38802
33211 69785
50818 58403
12636 16158
19531 5197
46098 25989
24260 8154
45223 52707
49529 12928
56293 45578
51905 59043
67947 39552
45549 32720
14829 31420
57957 26110
54558 29818
61126 49904
29848 42827
1178 10495
3415 17047
39680 23145
50437 53463
50064 30061
21684 23720
68817 5293
52787 13238
39762 62433
29881 46158
21593 49431
15393 22867
36958 2142
4945 65622
56161 6733
27042 69716
69726 17383
39029 57829
45025 55058
69801 7763
42050 38448
31968 56600
32364 46212
3408 49209
44913 33454
46662 15980
58071 13421
38951 30439
16309 33455
21143 18270
22616 44955
18285 31750
17978 14746
30070 20811
659 30058
32165 44690
37097 62614
1280 3164
3472 9565
21827 8205
62385 27216
42225 40407
67662 24120
47242 58555
39290 63912
54747 51050
13268 49824
52593 34175
47947 57553
31130 23685
17048 43858
49828 22070
36654 8681
51868 12307
1838 54697
28911 2894
47887 68012
34539 18944
31269 15743
49884 48308
66626 16705
43947 1409
58639 46164
65597 51767
16192 30961
48900 7607
11862 21593
11028 22859
38096 21271
38682 64788
68452 44777
54572 4107
7427 45271
52871 38096
41343 68290
36770 63545
24577 67599
62307 38794
62724 55441
43297 3893
2682 66083
8396 27642
9536 43601
43027 12434
10249 57766
58988 35471
58146 50846
37726 41187
2211 46841
1982 47543
49393 67525
9687 44035
40935 38221
40751 56485
52024 66834
59665 58695
2733 62723
1550 7467
33788 19956
43032 47688
1862 14235
37597 11882
17762 51549
8208 40544
67636 63708
3775 57996
2373 31334
55163 68877
19588 34215
25243 4993
69273 26845
34289 3879
45650 16519
44593 27539
30297 65954
6695 6403
17444 57017
69050 64222
27732 13752
24045 18405
40182 59833
48570 2116
20591 64056
26125 37317
31195 65908
24563 9471
59538 51722
44510 22702
3193 37345
12387 33994
14704 22231
2495 54979
66379 15269
19355 61455
52621 31747
2336 11157
67800 1413
45130 11012
42201 49229
4443 23378
46067 59216
33290 1635
17658 34616
64324 61800
9416 20249
46928 1078
45374 39516
10550 34816
58948 37483
9687 4613
61751 30452
48425 29060
40191 51960
36313 4815
45195 67249
15264 66289
41951 22078
47449 65668
16150 26748
54788 61774
2531 22071
40440 6212
50561 63673
35314 1663
63605 40012
34707 26475
9928 10862
58073 53205
6957 29426
14228 28695
34320 38897
19935 45792
22558 56501
10974 63000
2677 46482
25168 27872
41800 1156
23291 14652
53350 24923
63677 34374
28805 50459
44146 13622
1760 65469
5261 7098
19840 15875
7339 51829
59222 10373
21374 37731
27774 60076
38138 30913
25905 14106
27644 65070
3783 42678
42938 50869
1028 50243
49065 49633
13037 60926
10692 45386
12828 64724
29357 56017
27525 48610
2584 57522
15716 9356
29695 44821
48221 46132
37111 67826
6221 48996
37476 41946
4686 34759
44225 65979
20637 49115
13185 61025
36661 45031
20548 7307
489 22128
7861 52705
64116 13492
31418 49022
34965 30431
30142 1568
54917 65585
5622 46308
46819 51491
41079 28784
22002 46209
18024 51144
61243 33907
55374 63960
36717 37957
68766 8551
35427 46411
2823 62620
32125 18152
28054 15640
66388 5666
28996 1255
37722 31771
52596 12846
9091 48528
38916 38023
983 58592
67527 24671
63754 51092
18344 27821
62096 7966
62117 7760
18358 31777
68587 56816
30234 30819
63028 12901
37922 21709
20444 30761
29734 29041
40929 23633
21810 58174
52987 63591
67806 32573
43270 50573
45958 67764
54909 17443
14115 19624
59221 30555
36245 68972
3795 45495
35938 52871
7876 49320
14220 34135
39873 37623
35860 11109
23455 17724
15453 15941
17477 44572
54745 59713
9711 30048
39400 68552
40577 62930
55536 19941
50413 32516
12470 17120
10151 54034
68381 63104
61147 67429
3949 6864
9569 31312
29125 56258
21295 34925
17461 64634
19850 5678
40407 44210
10182 60931
51119 37373
19174 8433
55406 68965
21266 60876
55006 39984
36958 1559
44840 3160
12501 8332
49074 69306
59742 26591
34284 34453
20644 30799
40337 12251
24716 47685
14569 9828
55496 63382
11152 16291
19968 67785
35857 61670
35828 52338
60855 6840
49163 19664
12342 8015
26097 953
52055 36276
1819 1578
49172 39900
29583 62218
5168 65461
40721 23324
61092 62632
17432 28856
54527 52414
68035 10128
22054 52253
63733 15560
37296 18183
29089 48505
47291 21611
19342 36102
7226 63645
65002 20903
34930 44893
47695 32025
26142 65327
8907 26596
30667 7916
888 38050
58164 11466
20461 18088
31322 48118
18027 65818
3294 25312
59902 9932
61926 23845
26865 3548
33774 43898
15608 43504
6842 22715
63378 34557
32413 39756
1517 2156
9984 54814
65655 27447
18813 27773
14952 61629
35210 45068
14204 45291
6955 59516
62921 612
61551 37181
30521 51897
39116 17370
22873 18935
33326 7786
65539 41910
47401 64093
6947 18981
37245 37936
62525 4138
18991 10746
12609 45232
41197 17673
16098 5991
68582 2811
67431 8571
49363 10173
1331 30640
11322 48507
30283 14283
57165 32347
57928 45201
23033 36536
33500 6254
39515 17609
24426 13722
51117 3696
8985 28627
22306 27311
4927 64715
7111 27347
9318 47346
12308 63590
38834 66674
60400 49032
68868 64794
9732 57688
17272 26414
19929 54835
44699 59813
9471 46658
26072 6857
37887 20936
63726 55139
42650 58681
50727 58163
51464 15265
32006 57659
43454 1055
32919 14615
559 37829
26589 56467
20336 46744
62276 54415
23632 36348
53761 32076
36050 62734
6992 6048
15782 51366
59305 53496
10590 51833
29819 44893
51403 22610
68486 7021
5488 35038
41676 19570
21572 30856
23978 60635
65053 40717
855 34071
35891 35127
18181 54081
53650 19004
45789 65684
47271 25680
41458 15326
27204 53966
6117 51083
33917 11623
15338 47835
42407 17610
32250 62198
8013 55505
27664 8810
53635 52617
2676 28672
4673 10137
6046 19882
52204 36222
61795 10699
3459 22256
10752 14194
59499 38966
38160 33387
42349 62458
13473 31067
35088 63382
50070 35360
61221 29388
61359 37086
61204 61235
34842 32473
17854 43226
6754 57911
37847 39837
47669 10800
13341 3823
59549 59468
14808 1832
25204 18436
3056 60834
32685 31924
28537 65787
62970 66630
63375 32564
60475 36773
56853 2911
49240 50745
54473 31736
51464 10295
17724 28972
69059 11362
22208 5681
31456 1218
21095 19015
66710 68813
41524 65614
22090 42958
34458 49781
28582 46052
24955 38233
62670 56840
52309 61885
43298 66663
43241 23267
346 24349
8603 69878
224 7241
28801 35101
43585 58211
6613 39748
46721 9541
15344 47976
33051 52402
9793 31917
34446 10264
61096 37098
64274 23937
43896 194
26052 229
2661 30331
19184 59259
31913 67751
36194 38273
49743 54720
37319 62554
19279 9166
7545 40258
22869 61655
67987 14911
65124 68960
48822 66046
54416 8584
30762 31631
44352 25027
63227 28441
3948 19400
19325 62946
26192 38188
18561 2655
1904 31938
594 18420
66696 17106
49574 37542
59129 69337
14009 58093
37248 26694
38435 20219
17381 64725
13595 24747
23708 26856
49342 30488
67386 64844
17916 63571
5176 1707
56328 24097
35067 48531
58115 67782
50339 19179
68725 33019
63200 36458
8194 4809
38227 10363
47169 49808
57845 14150
27900 36524
39292 9295
55411 52246
50995 3799
3191 42295
35334 22201
48977 56777
52873 12899
69693 50973
31414 51312
53284 68047
66983 38230
56016 4655
58592 13117
57968 21661
29332 26060
29833 21912
59869 20859
35726 19543
68660 41970
67154 38951
52992 49859
31694 37896
24279 29165
42230 39464
10 42325
65699 29810
25800 20909
46473 42268
17849 37602
31606 1682
33736 37039
39760 59213
18507 11938
36015 1480
54852 25464
69220 60179
66531 26256
24224 69536
46520 9891
67181 61455
63545 7687
33104 45695
15414 12082
61450 58001
3279 50112
18908 10152
11249 4242
3786 63126
52971 34990
55017 17314
4883 59906
11585 3553
36591 2063
6259 13554
58204 7536
44975 18091
28616 39861
37663 8353
63486 23852
982 47045
66450 30653
42862 4484
40829 4266
2841 2939
59779 55588
46153 18212
18081 31958
19351 27467
33125 30892
51905 37595
32516 34683
35092 45131
43791 58282
36061 43452
42544 12841
2530 13636
40188 55844
42769 21181
6016 26111
13360 25364
9650 68435
4463 25295
24378 22395
64125 43293
66480 42402
11268 39695
61178 58044
3428 12656
2001 32884
69124 21908
4368 6749
49252 3078
52027 29685
23854 62404
34940 60961
68135 20347
11284 7596
16210 630
47031 64623
66103 63627
19543 34475
24474 41817
61920 54192
8411 37199
28027 4510
8801 69284
16999 41357
55309 50768
9623 27742
28436 42881
18542 2501
39179 67443
34528 5066
30716 54648
23535 60673
21705 53276
53610 16012
35280 50039
64782 66351
47354 58042
68882 26324
48226 31584
24889 15385
20797 14965
18716 8889
46210 23130
67175 46095
35670 57400
10399 535
56341 361
63690 66009
1299 27378
9191 46291
45247 64144
33122 29114
29373 25570
34633 11768
5820 36542
302 32750
21080 60664
37873 7744
48895 1621
6820 19624
3610 50323
31763 22687
49336 22683
2169 62251
4582 69178
66637 12161
9959 59196
24127 4337
69199 16438
49471 44419
15297 27478
46894 56866
2555 37068
13397 66856
25956 45969
35041 14753
62504 12117
14699 66369
33973 30453
7006 33979
11781 11160
53286 7908
67234 50588
56684 11703
13246 64328
54633 61758
9705 59730
38868 59686
25479 13735
33790 5836
17642 7181
61559 58140
32551 27433
10686 42155
60697 12324
61518 22230
22300 20372
1085 22816
36 45031
39538 54907
56954 50373
39383 27414
66044 7423
60466 21058
65397 47505
26086 28529
62449 35199
20038 15074
2813 39964
31604 35588
31407 20256
18271 46723
17827 1686
30665 38458
54723 32088
58615 14169
18086 67094
55503 114
54655 11308
24853 29789
14217 12858
34814 32209
48695 10963
40493 11041
54730 37725
66434 66605
16059 32881
16974 32363
20066 33459
42472 60754
18198 22014
24413 857
29124 52290
320 23893
42252 32643
42711 18519
41764 17513
32077 1103
40449 32964
50089 17505
19414 36507
32965 43530
29871 50763
30034 47492
36918 62036
46940 51109
40744 61928
51810 35581
53293 37650
16861 47770
46384 59113
44119 20679
15721 38376
45824 66626
5879 35535
3855 40318
34882 15617
33630 18027
68910 65981
14319 3169
36129 48900
34076 47798
47018 20971
24111 43309
19073 41991
63357 42871
24217 55225
29285 55217
36292 48140
33766 17133
14996 57161
63089 61550
13485 38406
3977 7589
53851 30594
47590 56596
530 63982
29446 18575
66293 41882
43473 8266
23170 6245
30166 8693
10390 55882
55721 15518
17826 19904
14392 50895
35382 6899
44394 43550
60728 46533
51905 11767
34294 64357
27002 47129
52397 8968
45944 16827
38475 60913
69441 51100
57195 62355
10447 66709
192 24889
5902 13273
34504 3628
28394 41840
36123 15915
6961 57388
8603 44138
67036 33825
12191 56804
6795 43212
32289 34778
18345 20999
52620 17118
56598 32945
4901 5471
2561 36584
67437 25129
25712 579
48396 65188
34647 56523
48263 60723
5112 40071
18266 50247
24340 18677
25766 27531
54323 5949
24935 39648
54341 60794
7100 4448
40251 27484
3767 10502
52486 67978
68225 42213
42637 69857
53842 53239
10309 19833
54361 7638
26366 69225
47666 29098
23716 47982
34962 33351
30374 47545
67043 15411
41161 59461
24070 56207
54211 905
26460 39095
38759 52921
31177 69368
56980 19890
63723 68201
61064 52651
66619 36897
16804 48767
58682 17424
1137 692
38948 22205
45031 34140
33775 29101
7886 37563
63368 9277
26710 55192
40870 13884
917 45951
7207 60251
15353 12126
38141 1616
60758 57913
33130 23
40294 17480
25722 63947
68852 65737
26399 14848
9150 24892
43138 17162
50816 60992
55521 57591
50292 55659
38126 2921
2024 12162
55459 54052
24026 24586
56450 20641
36850 59245
3828 43184
20578 46374
40993 66800
598 9580
66845 14771
61559 57531
50331 58475
66286 41051
24078 38404
20874 23103
2506 51542
51395 16503
824 23743
55795 11377
69182 9252
29037 9447
21058 28144
60495 2985
515 69302
63413 18832
43000 2796
35973 51136
63502 17183
7986 7420
10346 50967
12418 3824
6619 47936
25181 42817
59320 39012
67226 36806
26075 64987
2241 40397
31530 37689
25844 64300
67171 5873
68273 42365
11410 19840
4753 46888
35448 33234
48050 62676
14347 34846
63025 48413
14089 56050
38899 50447
51964 40952
57737 30970
18718 30367
24854 1976
32968 25728
26903 35798
51286 8171
15156 53036
64230 32043
24459 21979
30084 1774
13886 47584
20976 50225
10656 9142
33958 394
1722 13386
3952 8788
64706 7391
64680 54465
37509 7257
54825 24593
27078 32803
33935 41243
39163 7338
7957 54960
52821 15390
52522 60994
29165 52099
25083 40910
2145 63032
58748 30541
53035 57952
10830 53128
69245 14394
59466 56341
9026 65233
13706 60427
62434 26337
38892 43475
68081 59290
28206 68645
31716 63313
8990 49217
36742 36018
63033 62474
47097 43322
14396 3224
679 46270
66994 3184
5381 27631
27680 37044
29251 56982
3613 31320
5130 1711
38443 44402
47772 60084
50258 42531
28538 47283
44313 2336
2624 31071
8766 9701
7609 29790
13048 50254
23701 36012
62122 38795
45006 13899
64382 30433
1598 24704
4422 61790
52070 34832
34069 47715
6582 2602
9209 67052
51341 27861
23491 20517
50408 18388
66996 52958
47104 37560
24872 12187
49878 53622
458 59489
20466 11491
31817 27650
24521 49787
1331 8495
17411 66830
51403 18015
11252 25071
11251 65148
49829 42102
16486 2012
15820 53564
49171 19879
28199 39837
44183 58986
29992 20749
13390 3951
12165 66279
11344 5597
53893 7750
32235 18750
25499 52070
33580 8691
17432 19533
33635 36734
13163 8375
48597 9966
6347 60092
6203 58425
63730 7251
65463 14270
11771 15091
53550 4909
30039 15841
27487 51687
43524 57070
32115 35048
3391 56224
63252 18063
26456 11920
1093 68235
54915 56269
10400 47234
56436 1847
41913 43826
47146 18816
26280 28733
47907 65632
53061 56804
22599 49001
1433 35437
58954 29323
20922 42637
61120 64374
65495 36215
30163 54759
28645 59148
48644 10427
41581 58027
5580 6367
35672 32393
4328 8023
60813 49813
51584 12032
60011 43792
47860 21313
65881 37684
57682 12018
14442 56814
17017 30559
59100 24315
60499 52808
4586 64246
21146 14996
13810 23362
37333 7263
12517 44951
56323 43906
6291 15360
10804 54800
65542 56684
26265 3061
3543 57381
25452 30279
37494 64371
690 54352
13234 37315
4090 9484
15828 48943
37260 27200
3938 9881
30008 24912
37801 2120
35489 2478
51117 66660
63615 28565
27393 9368
59421 55375
59341 32226
41401 16603
6579 2967
35949 19172
45463 10844
56602 20439
51827 57667
67388 36969
50936 29464
37188 62351
23880 29714
25110 31603
9431 28631
68523 3502
33816 48814
65888 64123
21838 50578
28181 28258
31629 45088
63253 4507
40093 67790
43095 31543
40535 47835
43101 59996
8275 49853
48786 13089
22219 31961
61835 4181
51828 52649
3152 55258
28930 274
17542 9717
32665 15440
13566 15250
23152 2072
4195 7219
29458 15971
30737 31859
49717 18702
8850 56505
38323 69047
9859 13249
31398 66888
3898 46596
55456 48620
68376 49324
20000 19800
49366 39827
9184 15325
3120 53770
60102 19878
13619 34100
738 69016
26095 43315
478 1577
42145 18166
65272 38613
47655 61959
4094 57093
7859 25335
61363 52458
33037 35849
65594 48606
16777 61942
18176 58090
56032 15689
2204 21345
11935 1166
16006 31822
20685 51515
9177 10154
44361 26012
5676 50918
53577 58112
27121 13095
36659 57898
32314 30157
21867 10990
55591 19775
58720 27812
22965 69814
66440 898
4534 35529
25984 24500
56053 6479
16640 4674
22913 21545
13777 64730
57117 30521
9919 16016
51354 2906
6896 46053
20909 56735
57991 13149
47140 20316
61395 67434
1204 14297
37715 794
58054 55313
27154 69879
347 59085
6924 54639
8465 18971
60666 24399
64699 65151
66400 13140
55648 42652
57086 47688
62693 59743
62906 37930
55461 26696
59079 68667
25577 49983
45623 6856
28376 13068
2629 21056
58197 51691
69852 9789
44646 23614
40274 53419
45104 61087
14899 45478
45618 43552
46064 9487
11859 48252
59896 65807
48760 53594
1658 17972
57994 5202
33129 11629
48076 34122
14605 45525
65158 69313
56685 24605
56926 30967
68227 13908
24801 42564
6912 59072
30878 28118
46607 16532
2437 5057
64756 69418
1473 52751
14872 65647
2715 69481
12990 53401
17022 4051
23319 2701
19789 45621
53972 35964
61877 59988
22165 65169
65615 12518
54169 45554
3151 12398
20079 23359
65301 64415
54546 16759
53124 34299
63301 28350
42070 36677
26183 45196
45909 29857
10084 44331
13278 68298
17696 60517
44111 63325
31642 27768
46122 3663
1500 52480
47613 46532
13364 7683
42677 67448
52975 3093
45406 17573
61767 8070
53669 34098
42309 39173
17222 53135
8557 53303
16013 69879
62897 36896
31430 53597
59916 29368
1450 42536
17952 24607
20065 55216
14946 39272
54212 26160
31229 61686
68680 10074
60009 24986
36654 22122
9016 36097
59176 51206
28580 52416
9490 26940
18685 50615
30598 12392
51670 27081
24844 65398
8601 64785
7813 38777
32365 43230
59602 39385
30316 47989
491 16831
45001 18957
68586 35407
7403 56549
4040 60768
24594 12907
29723 28901
65358 68070
58427 68322
21272 35365
12236 31834
61535 30170
59523 53995
6845 43346
34985 29289
37513 62212
48493 13490
38768 19011
18249 11216
7363 10469
59519 16383
20165 42034
24149 2470
3432 36273
797 27496
68013 14347
13324 30749
31993 58792
45783 26167
62888 11420
46523 5826
34717 24815
47287 59292
57068 22001
57969 53070
15482 22864
18902 56103
68826 39418
30394 52001
44862 69658
24274 32716
44778 57650
21808 66871
12646 33430
41994 39296
57765 48352
55412 30334
61761 57286
15527 1180
32756 17465
22293 12354
47871 26365
38897 4644
25288 68277
68238 27009
24762 4511
17121 9123
3459 61522
46777 66630
41191 50168
32064 66032
17507 68039
65100 16385
13949 6197
60229 59912
36498 9522
21612 4529
69790 1909
33501 24564
44052 38913
1756 54467
49439 25252
43366 49202
17818 2905
56796 19340
64679 43654
43967 29420
39925 10985
7180 15698
50544 3920
32925 9815
66816 18777
5627 5199
5568 57838
43673 17310
5984 59888
20704 28711
66175 58228
24213 7464
68245 39534
59051 37137
876 15171
33381 39258
2659 57245
13515 18665
43168 58644
29244 7165
11 49252
58977 10541
64999 34066
31876 3321
25436 56525
37643 38634
64051 12944
3898 48107
24856 42889
29080 16892
63352 26332
25808 3034
49977 37965
42435 36512
13305 1715
42304 34631
53665 19838
55664 49342
56176 42729
35673 54647
26269 18146
53875 44643
14527 54567
42212 24462
7006 32937
24173 39039
31960 15184
59962 47014
12741 44769
35207 26215
41476 21424
67011 3308
24545 10803
9244 51877
62729 37702
64129 37076
23755 20626
7833 69575
63029 54438
67644 45939
41230 27375
62399 39224
25800 33775
1464 55247
34354 64507
17379 30431
6834 8743
59520 62969
45199 40901
12201 43219
23948 61444
6208 58827
38856 55493
61323 46963
46373 60236
27836 19697
67743 3958
38615 33824
24734 20510
41088 32251
25193 1956
39525 41035
8513 14106
12014 40625
14873 31948
64071 13285
39071 42033
66035 18696
10924 39161
59048 27179
21186 1908
37375 45598
26086 69572
53369 48841
45705 25554
30910 53668
54029 30426
31945 18686
64024 16098
65267 62100
22324 20423
63892 46158
33557 20082
39277 43714
1466 7649
31945 43303
68039 39311
9093 62279
2759 65171
64408 25514
33081 19335
31199 6186
51093 45271
41862 61715
66803 26502
22430 27616
56622 51436
59303 54996
66207 63368
2363 37966
57615 11124
11950 60359
7975 18645
45454 51842
1216 4769
67456 56230
170 37872
42814 64498
21801 35406
14043 39433
8791 46265
21530 46957
17230 20350
1418 58468
55547 52989
1478 9092
49258 4848
33063 68111
31385 55595
16806 59012
28301 21408
18006 21394
4368 62747
16313 24848
60715 1957
9280 55172
33687 1366
53584 54224
63043 39544
43993 19474
68110 28057
22171 23312
48769 31143
35469 47645
48388 58858
67307 13360
34542 61106
38736 19057
24434 27527
30701 28517
23016 3401
39080 19212
14964 26278
12768 40897
41956 37011
40282 622
51568 1748
67921 55403
40213 57268
52745 50428
39772 1274
56515 68441
6740 61279
19828 45501
36541 25800
905 47114
30389 6595
13521 69135
33062 18782
5937 42839
3197 12806
31954 17822
9304 67292
39977 56997
8431 16659
39113 22134
63485 61674
55259 58277
6481 31977
29307 33508
33668 62914
53442 2246
67806 6605
62300 40645
45158 56673
60427 52391
13414 61466
20302 8123
717 62311
58139 68913
14634 61318
38447 60630
7032 13542
44739 57592
29053 20387
6810 33500
64463 32350
25330 22228
16122 62944
61117 43011
53563 68937
20322 2853
16180 18940
2396 56563
45838 27506
50228 20121
19573 20113
63157 68531
53093 30708
24452 16827
15449 42520
42717 60885
30255 32357
38251 39084
47646 10797
6659 27301
44460 8233
44498 59084
62206 29440
64345 3441
14699 52910
7885 28927
53398 38110
65173 13126
53690 6647
58273 12080
30799 54068
16373 60962
8432 2758
60657 23032
47370 24978
39688 48361
41489 45343
68675 62766
31144 41536
29695 46699
52680 19027
19037 47994
41757 53379
33820 28128
8731 43441
44994 38992
5132 26595
51535 14213
52238 62336
61315 43682
30115 42791
42996 28786
28398 10196
49413 62029
28719 59715
5299 53195
45701 46209
64899 63
18806 47014
29284 69695
4088 30351
2879 41008
16718 63481
31476 9556
16285 23786
41244 63452
52986 12021
60939 1259
62568 37417
13878 40091
63848 59394
38625 2154
22990 59976
46222 2231
29672 65117
1003 46448
68242 4272
69162 39970
11588 65814
66114 61808
68844 22133
28770 1823
40268 34805
56655 33742
35157 66980
39009 36273
28094 63081
32734 59514
27775 10985
31616 69472
28124 26594
14708 64613
285 3013
10013 26514
60042 24812
44838 42141
67621 59889
42873 68176
66546 19887
38409 60714
36946 4883
54797 9960
65470 9053
45973 37870
3540 1219
41831 53728
6544 594
38940 40086
5623 28916
15320 28895
835 27401
46800 65383
9881 14438
64488 36956

