71730 3494
10622 55497
64134 9748
30057 22424
61223 54515
26107 17807
20209 71294
19429 16688
16701 24536
46480 48116
28975 8770
28807 58012
18037 31510
38406 24845
14294 21710
19503 59239
13888 13294
3232 406
7906 61634
1810 57902
22677 22695
8655 42016
43513 46678
6474 62685
13048 63009
27633 562
20686 46759
15858 9479
7808 20388
52484 37513
59935 39193
64479 59515
67031 58086
37385 51480
40537 39121
16022 57144
6565 26824
30888 33440
57448 1877
64100 3761
5481 9188
8313 55205
54467 23774
17170 18203
41967 27793
59038 52043
30107 34308
25967 15158
11328 46897
60614 30891
2585 41782
42160 34789
35588 14324
34411 70276
34812 19732
26606 36284
29860 42509
8130 35468
31711 35440
28366 46209
45135 16875
30400 14495
50267 19103
57213 1197
3065 63180
39294 36781
20272 66645
23524 12494
28557 40672
15741 36233
40139 14327
11507 45412
18073 64900
64729 51503
5095 66586
66949 44151
5932 21560
708 44669
70901 26628
20579 7926
11456 52127
64325 12608
27966 30675
23277 23620
64605 25314
21221 48076
45379 13420
55016 67650
14255 21713
48229 60623
59935 42072
53231 24340
70307 55021
5935 21915
70340 67621
62991 57178
70031 25581
25004 13711
37872 41237
22508 22885
20661 13629
7093 43557
47925 66892
19467 25663
15167 10576
46628 12554
39648 18044
32299 63029
41261 1463
39662 20831
37377 66369
55819 53457
12110 29625
2980 49090
10756 32545
56280 62828
49907 34121
5024 10516
52149 23639
14 3518
6581 62864
32257 37139
66222 6157
35239 67114
7198 36116
30712 4278
7214 42656
720 68419
3228 49722
36579 49657
18039 10590
14727 482
21294 25039
40193 53687
24147 57078
64372 13721
1580 35836
13884 25691
22105 43153
23119 44106
9651 14715
48631 9611
56258 25697
39266 63361
52246 22008
59064 1818
14085 54993
19015 31257
13281 59957
55521 15461
44124 51242
45390 22051
27029 68248
12126 71196
27660 16738
29336 46263
61264 23355
32437 19821
53892 40435
11980 28216
17352 16053
5045 8602
65899 55401
8465 49914
42214 37701
35982 48597
13804 47287
64870 69674
40107 50628
53210 9080
27498 19915
61537 19470
40811 71240
38766 46922
55621 23024
33315 46863
3161 28447
19069 49815
59480 43589
32434 7221
6117 13961
23924 54166
69903 45020
49336 51112
70008 48154
68014 1058
44353 61924
22022 28844
3616 4446
40604 7870
67340 61157
59958 53835
69089 55060
7998 57738
54015 67952
50472 26835
65589 13230
18690 1236
2549 37229
12300 63337
63806 40999
27785 36344
4232 14068
35091 31141
63456 23093
5059 32456
60666 14379
49417 1794
26796 9183
59538 56223
14779 27580
41546 61378
616 51175
53754 32835
55614 51478
15636 66190
230 63828
38291 56319
31846 36898
70024 60828
50908 12699
18311 67677
580 65783
9802 49811
24457 49767
12036 2209
30402 39223
25861 71285
3106 3009
56914 13016
24982 2705
39260 3986
8310 25184
36504 36124
50488 16548
22267 39885
49557 16978
46437 27191
41409 48518
51636 23093
4793 22371
23553 68092
11883 8122
6237 29436
27364 4922
60969 36530
25223 25893
63978 14780
26687 2199
27674 60927
63113 41054
22720 31644
53819 53208
2151 22271
26170 69043
8845 66525
36669 64951
49465 57812
46672 17007
66718 51265
6712 50081
57436 68912
65219 50011
37495 34819
6971 26892
9831 25387
52265 46016
14337 8005
54182 61783
7213 26425
39760 69205
29216 2485
52214 56667
8809 51640
14766 1357
38511 36455
53661 38519
31282 70022
47920 22183
34357 32676
63911 28502
34902 50183
7455 52610
26453 25803
4410 44689
66569 19363
60867 71513
52889 626
1596 20039
71362 4963
36669 54082
51070 71038
62505 30710
36743 45400
54549 38657
18714 40694
26363 31364
48658 51280
46988 71262
7133 20897
34963 43638
7773 47415
33868 14361
50407 31511
30311 55044
28561 39650
28749 42739
32694 4007
60684 10867
29143 1610
36880 18285
70656 8570
21439 51737
32604 42694
64645 17485
38077 63682
37091 7888
50091 54781
34722 17246
33840 9953
50375 37198
28153 15545
26677 40433
44100 67200
2902 32782
29076 4939
31288 19949
41779 63623
7689 7914
33595 36545
6400 4435
30198 64794
7941 57858
52569 2848
45591 48829
48220 30242
1617 59186
56781 66203
67620 40631
720 13449
56773 3037
28756 47981
12678 3570
19934 6386
60609 11344
15466 63773
39039 44148
22700 52049
64831 27531
62220 26659
16283 71122
69763 29505
16725 18742
54949 61249
4640 64474
35166 41328
16281 13777
48139 65721
27179 68800
24537 8422
61904 66553
10120 7291
55816 5750
60624 21918
61587 48681
11166 71358
69312 45002
69083 50512
68600 39024
17946 67500
40801 45609
22931 4418
21816 29757
12368 4324
29512 70752
36309 56101
71099 44184
65270 3792
70640 24422
25926 54891
40227 15545
32721 3986
38004 4955
43274 46552
20465 6300
45901 45562
29215 57669
53100 5736
7149 49510
10828 39520
69146 69119
21940 65605
57063 19188
33560 17329
5509 1593
44993 11192
6217 36325
39198 60899
29678 70761
37290 35534
58640 48627
63789 11460
5770 38265
51920 49497
54832 24437
48103 37416
46778 57741
4611 66652
7794 18780
65631 77
61805 38012
57115 41987
62709 12260
16037 41599
8256 36783
53809 13348
16005 59997
1188 35478
6986 53666
62416 70101
60264 30870
51682 44462
2420 60825
13413 55548
18000 9632
61512 19975
17373 47935
46753 14269
2221 1475
45078 49299
7933 25252
69789 34714
54907 29054
1550 28251
66684 44790
23703 53188
10500 60497
28083 65382
33486 34776
41459 4107
31411 64094
59491 4946
41735 29791
14282 10483
14785 12644
5062 1947
39615 34111
37622 6048
7425 45499
31757 23382
70570 15020
44413 59094
69869 53145
7109 8258
4525 35713
11927 36485
19889 38115
11174 61731
63398 18353
8585 58254
35469 63410
49019 52798
42235 52335
1737 11238
41900 7088
1444 21044
60060 51649
64230 65049
66985 28665
58367 37167
31950 65023
24529 5802
3258 41117
46847 17300
18541 35080
3843 62452
46261 13792
27298 17962
52006 18907
19902 24062
3049 14184
48766 38509
50392 46485
61008 30784
39131 47630
17410 11707
45273 39995
30206 46410
61756 59279
3365 14420
39140 67457
49947 68994
60242 50089
55227 905
70994 19116
14808 40641
57568 59485
38222 17316
49383 15638
53049 16215
24156 28128
5989 64959
55310 44215
13181 42090
40821 67497
24544 33228
50858 6777
19395 55348
34841 8362
21984 32258
35981 1052
38112 68533
1907 13962
52425 6301
27142 39419
6458 28927
26884 61755
50840 45654
3019 37294
55539 65
45440 68229
60543 487
53014 30724
41515 59547
40450 51904
6991 7555
60677 70410
15417 5793
13589 39827
26850 36394
46569 28415
8860 56871
22392 31078
61867 67387
51459 33
53963 64944
11439 57265
53204 45787
40361 64371
16610 41585
71157 17780
44084 57080
39488 62002
64080 15115
15768 59620
65257 49157
19458 7006
50576 30984
22449 51210
62970 5600
47418 66834
25014 2279
62270 64329
63387 18720
7780 46417
71359 43929
56713 29878
24476 58712
35770 44121
13335 49336
44320 23852
11425 48857
53917 43486
66814 37296
1748 48627
62951 30432
44344 33334
31223 64131
10416 4599
35713 15479
55590 23807
44880 44834
10980 55825
25010 26602
50518 71402
68892 51445
21367 15720
26963 25173
27694 56654
67392 33602
46712 63531
33679 18676
47306 49223
25985 69405
58973 4406
10425 17521
11011 44185
35589 8883
14859 43836
40271 63407
18026 71721
44687 14052
31877 13708
41160 51231
63572 49367
39630 3861
63491 17622
17342 65841
504 25763
1332 6667
44042 56129
16018 44697
5869 47181
40352 33652
58432 23914
36861 24216
60572 17244
41750 53927
67817 27041
34954 14766
70399 54602
24588 48843
24769 60109
67711 54795
45485 50699
65240 28642
27127 66054
59869 22605
63390 58865
16746 6976
50712 39609
22555 63605
9473 30557
53911 10441
16280 31003
63007 5472
33413 38132
4196 49310
60966 18079
30469 68084
8757 63306
20208 70772
61468 6131
21447 13074
48523 19334
52736 43807
48038 41542
49281 64275
47512 39626
49151 27799
69790 50185
57703 2090
66683 31061
42001 712
39779 29422
13935 17921
49958 9439
48274 29108
54430 20139
8862 60447
54209 65317
70582 12857
65466 7010
55548 32812
36533 68197
67390 58477
53694 11997
51663 52496
71652 23324
23564 43136
38048 47969
56764 23920
3954 48627
69851 27690
30697 36662
4186 67443
1211 56203
29360 11149
25750 64546
28735 480
38804 59737
44783 62655
17053 8393
57280 32817
52338 2871
45207 42157
43302 23283
15629 42776
40903 63615
1191 56898
26051 66837
46397 54181
23430 63148
70317 5324
33351 32018
54962 6534
67895 23981
58407 70421
6229 26810
26239 24785
16633 11604
49461 38676
25450 22904
3321 48691
16406 21355
8841 9073
71248 13454
2382 3037
6290 20260
6814 48639
46013 61775
40019 10699
43017 42339
107 36531
46599 48695
20876 7879
1884 33305
18140 62935
24893 53202
59924 59018
38615 64802
19893 39344
53856 32573
7435 8949
62857 15358
51482 26806
21491 52999
57315 1117
47128 26120
36907 50493
24162 62293
27701 49174
27628 47729
34815 69779
45469 60606
24936 37069
15037 32791
40529 56333
69386 34634
22630 7908
67228 30935
9751 61358
63786 70553
18196 55637
606 91
51686 53638
3268 54556
11451 22565
61666 68723
22230 2046
7365 66431
31307 51744
20611 68239
19596 63306
49651 63515
50323 45334
34037 44085
67770 68523
63057 20464
51013 18082
67846 2876
11629 56722
50370 49387
11507 61046
11860 20145
56315 39480
41695 48229
61194 9628
7282 15779
51266 182
45936 47811
15162 9908
63046 834
4477 21574
66380 57498
55001 43492
9808 60786
16565 54092
28333 44116
10826 69845
20256 50870
44376 67860
62111 56318
56345 19738
21719 39491
36071 25100
66087 8348
44364 12308
14215 24595
61324 22547
61242 21462
68251 23992
40334 44177
47289 51957
39232 38947
51519 32834
64685 20124
69582 10700
69974 46050
40297 58933
48324 14122
20111 33262
34916 62353
55573 30634
2838 21629
25104 53231
47887 9660
49717 2382
3016 71062
27748 56909
6661 49596
34531 52568
49908 45784
65864 34326
8119 71722
60876 41496
19275 48832
46289 11581
66431 32078
10704 53357
52317 15444
46496 57811
29936 36400
26416 51518
48623 67084
446 66408
11060 25522
29337 17647
58567 41865
38032 14841
54134 22313
67240 36942
32915 18191
17393 57905
17002 26721
32181 67430
22837 65732
56001 15188
6488 42735
28166 159
63978 69702
64602 66677
63574 22635
48965 61227
65634 32938
54180 41124
781 43510
25653 3996
64343 55836
68219 18545
71649 58330
803 36178
405 15380
37871 65640
40088 14714
4859 53385
65773 70667
7126 23859
60993 34330
42093 49927
28057 4394
19526 32032
56335 67421
49631 14900
16458 41389
71640 63321
58035 24836
51973 26084
19649 66662
66766 40154
64614 24929
41619 15075
63099 31804
18237 48969
18138 61004
45363 34819
13449 43890
119 62090
24771 34093
28877 39223
37155 3820
13052 33573
48179 36245
55852 29221
18226 22886
53095 6912
63066 5590
44973 70297
1453 6508
36672 41651
22583 19003
18595 26697
32287 55616
62375 58137
21414 37955
22924 60766
5363 44120
23627 60249
50597 48592
68300 51699
22580 27485
61752 29901
42317 36327
13806 28420
13748 43791
19624 69211
43771 18447
48414 11996
36179 1681
13037 68396
24447 16455
18118 41940
26490 14129
2178 52519
27917 14168
51793 44416
62762 21700
37156 9805
55988 71352
43964 64598
63310 66645
36658 46303
66179 24096
37752 46053
11940 46476
14899 40138
44372 28471
5533 16581
1717 45521
45446 38743
45755 14997
8568 19735
2158 58589
31803 40124
10121 11511
6462 52592
10166 32487
56037 56053
12570 16442
25069 18730
25440 68558
34335 45812
38349 68386
3693 38158
55962 28674
68948 39940
52184 2292
65910 3834
40106 51181
43667 18982
61180 44102
48961 35452
57086 59708
1318 65414
22661 63644
67517 21330
67489 46523
70435 6552
33356 53111
68071 47516
50040 29560
16178 24454
45945 59085
57234 47268
52066 206
64403 62476
9287 7915
18340 64489
11852 32763
32182 52291
29023 8656
46542 48049
6192 11131
24602 35005
66787 6065
58466 53892
33504 36098
17927 43382
62499 41431
42635 36828
29077 6826
37137 42356
49709 7179
57560 44930
56405 29257
31910 51459
48891 32741
14651 54744
39899 10297
8432 62727
26707 22311
61772 46062
1038 68491
15806 7935
28376 34864
42739 411
23720 42624
9119 70603
7383 61938
58510 69517
64622 5107
42793 56410
8381 29289
52364 37182
68530 6200
16238 56762
7641 52784
57871 16841
36042 28102
29715 48789
64725 3664
4464 58033
46817 41850
41712 69669
44497 70577
13941 31176
68827 1733
59572 16737
24108 48897
43613 40580
3414 48532
58254 37632
48872 45730
56903 30386
30847 2750
18208 39069
3438 16989
7805 65351
29437 44765
49313 32074
45138 44866
44094 15634
30214 10836
64458 26444
7510 24457
5914 30504
57487 49281
69815 68949
43562 35286
53812 33837
19266 28278
60503 20782
161 67004
31775 28365
30954 44202
19012 61430
7898 44460
42147 25889
140 13173
3082 16954
56966 53752
27659 10734
52169 10352
60547 10536
1554 11701
25248 52526
7626 15750
29538 68731
15738 34208
56965 53643
35092 24559
38687 59344
10646 67299
23488 22220
48284 13830
6121 26350
4730 60007
67988 62388
6684 14449
39122 21068
17638 52780
25842 39651
839 3883
17023 67114
30419 3633
58995 70604
43285 5306
65548 9692
1800 62738
45856 19202
2280 17820
65198 59909
24296 43160
12931 14154
33100 22361
61641 283
20025 30988
1197 69763
56115 54087
5045 13422
55173 45877
19712 14727
66471 17930
23863 17119
12511 19611
29477 19307
31038 71131
11813 40363
11863 57562
35534 56790
17863 8781
65211 13202
32712 24472
17815 64175
48523 62877
64444 53188
36195 56535
53674 54687
53944 56497
63259 46877
46598 31421
1342 9062
48098 68597
32019 33001
22711 13766
32131 16326
41619 55301
51819 3813
2418 22233
43237 49830
65379 52535
18652 37844
20637 13593
56599 5244
55300 19242
21803 38995
69703 23184
5810 63446
46524 48626
71386 48875
58021 66151
24042 7686
19048 34173
18368 11374
31151 21823
45418 23769
14663 18453
25272 19517
64154 18308
11435 60395
15718 58168
8771 14142
34953 22935
50084 24046
61258 22902
33784 36454
31114 67841
50687 37671
70674 50597
1615 66209
28873 36000
19987 70351
33455 50278
24851 3250
67671 47251
39801 26343
29778 42787
51954 68345
21805 54208
14367 56519
6318 19427
12883 60004
36422 18280
67307 35454
10718 39556
2396 63512
48252 29678
39812 24860
25266 66281
37027 15092
2522 22303
62114 53303
18048 19254
35707 25818
57882 31589
40643 30157
23800 59462
62274 2436
71098 29582
67200 38747
11962 41235
13478 15831
29997 69635
34293 52523
71098 34951
66812 31697
67237 34802
12480 54752
18281 70910
27895 54496
11301 46944
8118 58678
48335 13245
19152 58042
70230 26101
68449 17056
15400 48651
49018 66723
44773 7541
12211 22584
9258 10917
45363 9478
40121 21162
45966 12517
66288 64615
41819 54418
3816 70233
53140 46871
1468 30861
8089 17711
24503 56558
47321 55196
10352 59190
37379 38533
47990 55965
2578 60532
57821 25585
23964 64502
42648 19187
26760 28156
69149 19883
49897 12281
67942 66916
38069 43266
13246 22512
36787 19904
61012 66027
54551 512
6142 24439
50359 51567
26162 38674
20316 50658
11700 41593
46941 71391
64071 30808
45494 37116
25804 49668
17752 37002
61784 45574
54217 46917
17223 15863
24264 47887
36723 57538
17102 35464
4922 23395
59926 21643
13545 19109
17933 194
49400 66922
10935 60426
62118 37318
66488 17037
69262 14031
67558 5727
37896 30784
11470 68434
22422 39850
65474 61383
54070 14301
4002 39460
44499 65960
11168 21823
55938 48526
16511 56171
36732 19083
18030 1151
9735 25390
25957 31987
62405 38695
19269 36745
43562 49197
21656 3578
32455 56524
4095 54591
61189 12538
67813 68971
7357 19472
11349 46717
35790 17188
53017 27542
13403 42042
64490 57807
26765 16475
61382 64202
17610 58744
12254 31367
43482 67783
47865 18102
7240 10292
62472 20296
7816 53499
9955 58991
40118 28703
50255 43772
69418 4462
66062 38750
60135 61363
44317 41114
51017 50065
14542 11583
498 48147
53933 50410
30924 34305
66026 20668
29439 16505
65866 38057
32387 47241
54410 60054
1416 6466
22099 52685
12420 5628
67642 68343
65673 49039
40711 70952
55013 66354
68440 35749
46562 47383
16913 58150
64517 69959
3530 55433
53427 19955
19612 66108
15877 70950
41893 30018
56417 51511
27885 65681
4029 20593
36169 13671
34737 9761
67542 10432
8143 56989
14549 65493
15438 28242
64704 25355
54306 65450
62793 38529
15842 66763
10695 58634
35137 52864
71224 43643
71118 40364
22959 24015
49900 22094
24655 4320
31750 21299
65607 67235
32645 10329
11818 19271
1207 6943
13761 61626
32071 49727
8052 40255
40566 48590
43171 40900
34591 36251
40169 18186
55082 69176
23194 3703
66935 34986
63605 5991
22414 32293
59766 10101
29381 26312
71169 58466
53830 16300
36900 577
40072 2648
41357 46086
41931 51017
22162 3412
59150 40313
31713 32384
52507 9381
59653 58949
1574 5954
8787 56286
13477 33206
14836 64107
22476 24927
24657 36157
67957 31305
53665 48779
26577 40967
43264 22675
65922 52586
11252 70164
49644 19521
52403 40033
53718 11750
35857 35410
6586 40467
28701 58839
49330 51001
12733 26265
8980 13000
49636 10397
5870 22769
56775 34436
48806 21396
22811 6193
37943 53206
43158 8814
49925 51561
66807 4311
24378 7178
39093 21737
25824 2126
60111 12183
13180 2080
38008 6208
66634 23078
65536 17473
30552 25998
17718 37720
942 66786
58068 1862
41920 24978
53451 71018
43926 28220
33427 44506
13897 62709
65297 10519
25883 51989
12380 18390
45772 54055
41713 32907
12511 54422
66615 70578
27222 38243
23196 46548
12631 36173
56189 8051
35958 51541
10396 31616
12205 63391
3256 3082
8085 18290
18072 57586
39316 37858
40469 55822
67430 64496
10339 50186
51557 62333
37339 33676
9410 18869
38897 32361
13922 49533
48469 50361
6527 2873
25311 46736
53309 47413
8260 22464
40239 32212
4403 32298
3155 44770
6788 10461
52991 15432
11790 51749
5589 8825
15419 20359
6885 56559
27835 49265
32238 68008
14125 30091
42945 42137
5965 23899
41054 63808
70488 43439
11882 31946
14303 28822
16606 26572
45088 36753
29942 65952
13991 3035
68197 36995
23773 33597
70808 54640
33295 5351
38811 4307
6323 24254
66326 21640
21375 70892
37351 59678
59641 61049
25811 18397
43691 63016
46578 22996
984 39717
10051 7480
5759 45765
54614 69545
62136 41106
47160 13445
32427 14818
26761 1099
13778 31421
29196 38898
61327 16764
26850 28912
21853 46471
44476 66970
63825 36418
63626 15829
71123 39725
31574 4370
18885 21089
35396 15403
37371 12830
60079 21130
23526 27546
29819 39291
4607 14146
2825 20906
29931 49969
67767 44514
32776 60462
54788 40951
30156 36352
1972 33004
15653 14473
27383 26113
50200 49898
56675 9187
53477 55847
23544 19643
51922 570
22255 64651
39887 71527
12837 5212
14996 16869
4948 28561
71011 51979
16943 48986
11147 64205
66364 41772
13215 37737
11086 7300
41425 56615
68247 44943
67581 35585
6510 67634
13660 44131
16086 26527
71147 42311
33240 33513
54917 38562
36559 54771
1392 59382
35885 17265
46945 2507
3846 45818
39860 70319
21759 61832
920 16152
27362 33652
50042 44334
71526 10178
18250 54297
25233 39019
13315 14527
39831 8033
19450 49778
23206 63655
688 2525
28496 25215
62892 40283
18433 20569
28028 3647
16978 15709
26421 67859
24414 23267
19522 56978
11506 45806
28545 27816
8897 59353
32076 31583
1048 24272
40597 41313
70591 54115
43811 15014
54457 68913
60973 16342
58177 34938
70934 25178
10089 28263
43064 64134
25680 35286
62259 50965
35407 61711
21581 34598
67808 68528
67387 63022
22458 57911
69674 16621
36416 31515
26256 61905
43870 12475
67223 70089
8283 53424
7240 60932
18418 44360
15531 11096
35744 48649
33255 19101
2901 8733
62424 64251
11843 15604
38213 11759
70026 52886
8518 51606
65845 9755
16733 25834
29804 20849
27271 42113
43080 1595
15533 60074
16845 33214
165 30577
51868 37570
43062 63427
2150 42018
29626 62541
45112 54581
67675 55998
16442 13612
8210 49131
8667 9971
42787 14555
14728 47488
38901 66848
22755 12360
66865 63219
55129 13741
70222 10545
27377 48897
61763 36073
23384 17257
14653 11064
66004 24458
59354 26705
57631 30396
34861 32738
60698 34437
57090 53872
33419 69282
67141 60499
3891 19886
45613 57199
71068 67384
10955 10603
51953 40274
12042 5124
22726 2884
36146 38614
12035 66935
64219 30840
36978 65797
7916 27342
2100 35264
1945 42709
49194 59511
67196 44341
5782 19799
19974 67157
38622 64930
31548 1961
17144 15996
22096 34918
19803 1898
20304 11863
49537 40745
62883 48568
54633 21279
28179 58193
63784 3643
54448 14143
28984 1960
47548 69843
25141 45435
37450 7819
30960 42363
70042 56900
8338 24303
21016 12413
3247 35253
38049 13776
66277 59504
49211 9211
36893 27414
14441 18662
12895 13684
50899 9842
63732 21015
4981 64001
4739 11514
60764 20251
49466 22906
55391 71265
3889 68727
40525 17577
31913 30589
16786 59047
30074 35975
42422 38848
2457 50036
12002 41107
66672 60298
16800 53469
38160 53887
35611 14345
20245 63432
33881 19080
26124 15753
41989 62909
25409 24667
56315 26243
11263 70754
67056 12788
10322 22430
56483 49770
5506 63449
25959 66689
1835 37013
41461 29577
4843 59578
62150 59777
61298 58743
1377 48478
35110 71226
39705 37823
23448 44823
62162 59113
39632 71050
54766 43225
30270 36043
58440 29859
23270 65461
18951 39844
6842 51705
28380 43944
21678 51922
6355 59580
68072 49105
21322 63478
8296 348
25518 1956
39608 66119
33512 57054
57687 65987
68241 70462
61319 63533
7045 35037
18119 68180
29260 36265
69091 50630
67827 55955
10422 31161
31149 38842
17370 16679
7186 7951
70571 53713
1824 15289
28875 53950
29986 45939
779 65124
3625 51410
15414 67237
70129 23417
51977 51709
13764 42725
55307 28245
52585 15199
37931 53640
44213 36557
71668 48921
2273 42212
66318 53869
948 18629
43314 61377
40052 34911
2575 58878
59769 53538
1381 46920
28670 37832
16612 49287
11758 60213
21968 63975
61596 35037
42156 10989
16249 35649
16064 29825
49024 40492
34866 10691
53003 68298
42621 44044
10854 40711
41668 33573
45225 34552
22706 16090
15422 29311
44478 7184
25107 56148
58260 64815
67576 32937
13000 3990
14639 54830
37326 67772
23492 22108
53068 40584
420 68093
41808 28713
66279 61502
24730 49372
32231 20285
31069 18451
47414 65686
71675 71424
61259 67265
61803 47241
65461 61629
63434 13453
44852 34198
69482 63188
70019 24323
64247 29691
12232 68633
67371 59341
535 57844
15638 25794
12456 53065
60964 45130
56706 17357
22348 5662
67140 49874
67768 43701
68922 24806
58143 38643
47233 1401
7371 51528
41620 23157
24257 70857
53493 18567
61477 27980
10409 12314
68083 68558
629 35606
7135 7980
19282 34806
24661 16266
5457 38017
12966 47515
62127 28476
58883 6488
30583 57151
21938 2766
1890 43080
14999 151
20708 16046
9884 60091
26236 27579
33122 46483
55741 26747
4158 29883
65615 70187
32916 62221
8357 10394
23762 60046
34808 12630
1822 13116
17526 540
50518 56502
22835 50467
48480 11169
56010 13810
938 27213
55176 57333
55839 20493
66385 8111
28005 3151
46700 38943
4006 28558
66958 18626
26519 64009
5360 68011
51189 69623
44010 1039
6637 63150
65036 45791
15636 29201
20794 56922
43110 49126
21779 47603
6085 3978
53754 36004
32811 23186
69846 54829
41067 5817
9648 67030
32829 14078
41070 43384
5429 54906
42492 40976
10106 49042
18791 34559
37154 70781
33350 3205
21293 23744
53669 26138
20481 21385
35264 58939
45648 7160
53891 62288
69447 63054
49502 289
43438 28031
33054 59171
58714 36885
13095 17821
28058 25541
64646 36164
32654 37588
70557 8100
22754 70498
60339 29589
31347 11838
2545 7952
13276 6498
25874 34392
35709 27431
20598 62558
69279 69598
56339 43810
1645 22864
14703 66809
67860 60002
705 19353
31063 42294
66690 59970
17346 70522
19937 3219
59261 14629
4355 39664
38944 40409
19908 47249
56158 17612
67194 25208
6884 42372
17040 39747
36204 16877
22337 33857
63077 29639
15271 13823
58120 17549
65959 56000
51985 33302
20433 54920
62107 51360
55005 3525
44613 11243
16015 17066
17144 14585
1036 21336
5274 43618
71471 31573
16033 9535
58292 10049
43243 5444
43302 40139
55230 65758
46152 4432
33375 54781
22641 65880
22417 49548
38484 51018
61025 10129
43264 17023
53081 7613
53027 63256
7947 41846
34899 23639
16385 18181
66888 17222
22022 9470
9087 61448
58406 51626
55983 34855
60931 20558
45868 62852
32002 43314
29969 27452
16399 20187
10958 25346
62989 45718
60286 3266
59498 66641
16330 42044
18931 2484
5121 4426
1547 22691
560 24996
41091 32155
24836 56606
6916 54962
27527 5865
1779 43579
29628 58048
27032 21958
68007 35430
32660 11621
10702 55720
54863 57841
38663 58810
2725 41507
51290 59298
69705 63136
12650 23179
63798 54761
63631 32776
13142 13290
61387 61233
68551 47162
32232 19136
11306 51633
70738 59263
19825 58172
1097 5350
44426 259
49262 3428
9655 65594
35564 6743
48180 40284
21509 42969
24937 14707
38965 11267
64283 67081
5853 8001
11205 18863
14951 8029
66060 57964
27579 55990
34905 63560
54135 39732
42803 15041
11140 22711
61041 8666
67811 40456
65129 33633
15770 55051
50409 23834
12878 56232
26285 43319
28673 44448
56893 16865
35105 64902
31813 13684
57097 52732
7983 34848
48313 70476
31027 54474
23161 10407
8569 51798
2538 53379
16540 30882
44267 65247
64742 46289
44385 64714
10465 57977
69064 42858
4720 5384
11920 54694
34596 6265
33669 23173
68047 12560
36707 51588
11450 41833
32470 21128
69042 20818
27907 11329
43884 64813
5635 58121
67729 10858
70074 1817
56735 45532
28159 66835
8742 11459
17496 45600
67224 66156
14286 30930
51791 1661
70006 13547
1690 66536
28487 31502
8888 23527
59658 10309
50145 33191
19083 25360
65379 12852
63262 52116
59119 14381
56267 55262
43389 19586
26778 9235
3600 50184
55641 37309
68206 51291
18770 1716
38600 53123
3960 56088
28231 45661
61859 54887
7768 39604
3479 38639
62530 3184
21145 71549
17025 15633
62518 34063
66232 59872
26018 7682
30286 25297
9798 37869
8085 51968
33419 2042
21905 4090
42495 14097
57545 68130
48211 23880
33956 20453
8254 29675
50057 71263
56458 32440
69595 17866
22790 32074
56923 23271
25734 57327
48053 38611
44963 53542
31554 30802
7257 55500
64433 14154
60437 13442
47632 15843
64442 58562
68460 18731
36589 12717
11680 5137
41687 27555
7800 14579
4991 10016
6217 70746
9759 3745
63382 37384
46314 60909
56552 31033
68874 20033
13701 26968
64830 10039
51415 54964
3979 37927
52228 60994
38981 61027
64366 21132
42327 8640
49358 65460
58349 11011
18176 51297
62911 41447
8065 68711
31730 1994
29739 26430
61486 28473
60381 71353
12109 6423
47706 22301
32617 46899
12265 44614
54939 54904
29312 60859
38339 25989
17398 2664
9203 13218
30706 34855
10849 3645
21406 13638
57076 54724
64668 60693
16393 40606
38196 9056
38106 14532
34807 20164
7263 28171
53439 31090
16176 25332
52860 45872
19007 65346
44116 44764
45379 70736
7715 4016
6236 10548
36851 9288
53860 32660
54829 59583
69192 22427
59956 557
18129 42482
39513 66154
69782 15059
32850 11041
60032 21749
569 842
39884 44189
16828 25788
3098 18534
65955 15616
57354 15082
42234 20588
59730 250
24183 3557
26898 34500
17689 33701
63414 4073
20900 31828
27828 56507
49272 9563
32828 23418
4418 48280
54603 32825
15415 63941
33674 24112
6419 6626
22401 21607
43992 1020
35958 8639
17344 23165
64794 54924
60235 49031
5934 21106
59568 41248
6992 46151
15167 61597
33751 13751
7996 34716
45006 57635
5556 42702
65408 6070
48731 55638
35388 51161
18259 36912
66317 2619
14544 51711
4104 65997
926 27745
50075 16051
39190 58014
2590 3551
59387 12167
45461 39269
11605 68846
17907 28918
46019 50671
69318 16105
233 59049
33100 29595
22734 22059
61673 6188
34371 35128
30274 54435
29726 61540
11067 66238
47758 37878
27090 18998
4664 45810
21169 11442
30495 19205
3227 33191
66805 4400
42519 40039
61922 43789
49353 40768
23874 58141
17996 32903
66459 8867
64236 15656
69012 26242
18109 46515
9995 56011
10554 67229
47079 18872
47257 64513
582 41418
37123 4638
23365 8693
53448 56999
19729 62818
56023 47660
60183 17447
62459 3611
10881 62412
33731 47496
43015 25874
54419 58892
3816 48201
61358 53258
27577 62778
61686 34513
12445 31343
19927 46745
34233 5900
29330 58929
32582 25832
9361 53901
7109 63664
15586 23403
13492 36084
31580 53262
29274 4210
31303 56517
33915 16966
58989 21681
47672 30510
44677 20158
66470 21663
20566 58867
44157 66617
69780 26477
10435 45535
57373 69040
17416 32691
15003 66480
34984 40714
31575 11197
22174 7833
19098 34560
34948 28225
70642 42873
18680 48164
236 41144
27689 47769
40491 17521
7472 57537
61761 31222
44341 28058
60906 9654
54037 21656
71181 19589
5487 66369
52571 37612
23372 60593
32853 59407
25768 38420
65334 24554
18919 65972
52174 32728
13469 22867
10812 40575
41931 43427
30334 8782
62294 61528
62117 8267
44768 17958
14361 51678
24833 24672
22820 54868
8167 10370
58962 33017
5475 31089
26505 47322
3371 36958
35057 30769
24435 50411
16383 67058
38824 18268
32950 13380
58954 41643
30587 27922
35327 50600
61355 39364
43497 48620
28271 43299
5524 36728
64399 20610
27582 7125
46981 54490
55551 56376
3684 43955
29478 6065
540 66234
34257 53315
68410 62097
52464 1547
67642 26533
23407 65408
29081 12930
35247 67645
69874 47565
32735 45549
21488 66600
68597 5442
62722 4976
13823 32768
20360 41984
20494 28329
36768 18529
65256 41585
48537 28669
15057 5314
23298 8382
39069 23674
29700 15424
20186 59066
69523 47343
60705 26098
3172 22438
25711 38285
9738 25747
20146 21351
64098 24976
24867 57522
19041 30345
40219 52222
4121 30351
26880 58179
26765 22649
2754 44443
66015 16211
46445 31223
17455 1504
42848 60201
40407 45368
9283 46342
34768 23301
10544 857
38177 51363
62994 32064
11195 10617
40601 53720
46527 13621
36662 40976
53397 22000
58135 46820
48231 62461
43316 57458
38968 36436
63248 30933
45867 65518
29950 44330
31128 40659
26165 36891
71165 59998
69124 27608
37400 559
1266 71432
11507 7181
7497 62148
61326 20307
20158 24084
49021 25060
30299 49178
18640 29376
36245 40170
15841 834
34246 5153
3392 56461
65826 42631
68630 60405
58218 26415
14097 1964
29792 53584
13479 23908
51214 18221
31408 39638
42520 61931
6070 27823
18100 15403
41371 17779
31290 33495
1380 19869
25059 29718
24922 45928
70301 28644
25392 40215
13123 60346
46766 71421
45921 19687
41960 20919
6779 47881
20586 33547
66873 44339
63232 16385
27344 13163
3165 58382
6475 46194
32481 60503
54097 58174
46834 53396
62584 1711
47647 17398
6898 68025
67127 16376
14386 69178
39197 558
10146 41453
51446 154
27015 63619
53708 5079
597 20175
11657 10372
39628 18680
17909 39347
38290 25337
13842 44353
47358 40420
25536 39074
25851 20210
35310 7745
54976 64908
22218 66304
6614 58179
11722 25261
677 30348
27947 62106
27443 4286
8392 42983
19764 3502
34832 68021
27273 5532
48827 12905
38152 56521
53770 69685
21045 55766
44243 25120
38573 41876
66336 63890
51364 27074
44561 4870
4093 49589
28807 64169
16468 29933
7518 20089
67349 27428
54878 37024
22248 71143
26989 69465
43441 64510
61556 18629
41922 35134
50669 6217
21270 65045
26667 33313
8546 46051
61408 41362
49816 6307
11571 28367
31694 61188
62742 69609
66971 13783
56822 10934
55157 18508
31953 49370
37140 67255
34178 25509
29333 65568
18789 58068
62764 17991
9904 55938
18635 66003
38533 16562
38824 5514
52813 57580
22618 25577
37976 41634
10420 43251
27182 37821
3710 61433
35774 43261
44044 6054
29760 22071
6886 1810
5405 43350
45955 1739
67687 48225
52186 33022
53596 51960
6996 24572
47277 39848
19899 30068
19209 38023
47299 68468
18375 68794
16035 34759
18292 35282
47556 9169
48765 4662
9138 28906
27341 12631
10804 53728
22132 18979
54182 20794
58213 1084
25190 11451
36956 65610
273 712
4329 33720
9676 27800
39847 17109
20923 63229
60586 18528
2522 9719
40565 17883
50447 41213
2747 50633
43527 39169
13556 21512
44768 58966
45759 26538
68441 24498
67290 30221
41539 3078
58794 39243
16510 15812
4371 9635
1493 39761
31492 68628
2449 34845
35728 38733
66614 63042
71605 42291
34319 39210
70946 27688
12240 56187
66127 64501
11854 12466
50900 12906
67143 30180
19276 28232
61295 42908
7894 35125
63745 13387
46108 40813
64219 39959
42893 30192
61953 45617
36238 69773
56394 23888
65482 40527
62635 30110
30907 34353
49150 59956
37362 4955
32835 45403
44599 1193
66804 46291
28558 19108
68710 23696
28292 31906
59762 5676
64193 37956
40178 50066
40872 16102
2590 40050
55083 62619
11855 53878
20704 47869
4560 58044
25882 20937
14782 49128
11733 68261
17845 28172
37917 53071
27517 59091
26055 51632
36529 7554
11825 44437
55215 20523
54525 69503
11301 29799
43792 65471
58315 54654
28106 23799
64791 60779
43230 44650
12226 6959
49678 67938
21426 63552
19718 44103
49243 26247
53811 68475
3705 43915
37662 55266
11986 42818
10793 43328
43985 47148
21202 26102
3917 7850
55151 28881
3733 11296
7659 3807
41083 42951
58380 22367
9331 69462
50741 47777
7388 46095
67092 64913
13477 29551
33378 22781
27770 69313
25844 51282
71098 17868
16838 21881
7048 50721
54985 7242
67489 11186
44690 20783
22149 63515
8394 64161
37288 64487
43050 4803
5574 59997
59705 59025
58721 7325
5739 57849
17378 25802
66941 58565
40094 48601
14737 34558
30664 38269
19500 69148
11119 68092
26426 60426
19503 28506
23669 61386
32857 1215
36424 48962
65571 9346
23501 50318
22369 21531
51509 28414
32041 31396
53118 10408
5593 52403
64215 59899
69971 23324
67014 71093
37577 21290
16880 46557
58385 4415
30773 2870
39890 9444
40368 45992
62415 69679
56837 32804
18395 60772
43566 1892
11825 53673
14113 44915
60869 64557
63059 7112
65249 40534
34543 43104
39098 30682
55737 15382
33898 65668
34956 1888
44538 11600
5943 71634
57179 12660
60237 28544
34273 14992
49434 65064
58708 19534
54401 31124
1348 3379
27632 30793
51255 60941
38523 41040
51117 41085
32470 13326
29100 71134
30158 18874
67191 61210
71080 23709
43798 52249
26485 54315
5043 13669
4137 42874
4252 41512
69975 70869
35789 14326
59879 22806
3227 959
13854 45311
36529 1118
767 32910
7526 37809
21119 13158
2420 14336
25795 21379
36858 52069
6897 3572
53172 6991
35879 35273
25025 10386
39193 18509
19281 4073
24447 34209
60643 9174
18530 34118
3559 26394
48126 54458
6949 995
52489 27988
5007 218
43305 21095
16648 35952
55096 32187
28064 53174
2702 32637
68560 5405
53506 60091
63970 26091
55580 35503
18117 54975
29972 41657
71590 25859
54637 24030
60183 5896
69688 25447
958 37851
12242 16947
15202 64165
39896 64129
56213 55194
9369 27037
19927 45775
59067 20918
42415 67398
66060 23706
18314 61303
66848 20932
49620 59897
29004 16849
9264 44776
8068 8277
39423 16095
54633 47041
21188 46684
69402 18417
13397 49780
34347 46687
54256 28889
45245 13782
65501 5928
26332 36154
6183 70149
14404 38413
10849 54971
33363 33721
42176 3846
38774 12244
2271 46018
16110 59186
6524 9351
50772 26295
32421 49008
11562 18891
16948 62240
28996 14262
42006 29040
35701 11808
256 64095
49972 21515
60982 7956
11356 24909
70189 25827
50375 36049
1567 495
18687 26444
63802 7430
21474 17482
67679 48
10437 52523
30659 27674
60851 22259
4731 70296
16860 66449
69006 19067
39260 42962
51891 60453
54706 67311
20268 69471
33882 12943
17738 13584
14270 37380
239 25582
58307 61306
26017 21194
7849 61815
27080 4475
10216 59995
44467 1986
36237 13894
5267 48254
8623 37531
20913 46470
30624 2253
56929 3303
2670 17632
51428 10483
60400 9383
48542 60756
69411 46298
46868 61371
68970 66892
63777 44992
13646 59923
40257 35581
3023 14229
18022 44088
36367 33867
65574 53114
18130 10144
29049 54116
49226 6368
44209 50744
64794 70041
32717 17613
1782 25693
52562 64161
29517 17100
42908 28946
12630 23704
18179 50981
47000 23704
47605 51842
38612 652
4941 51508
67067 65261
70036 63775
44717 20190
62214 62942
67774 53782
46638 44936
44243 19367
25410 45195
67527 19647
28039 54666
43036 41145
19635 50445
7593 46675
48451 46013
58270 70907
9031 24241
21465 48357
37967 35675
8661 33455
3084 54603
39812 19666
61022 21982
33473 19294
18560 41525
27763 37585
29055 15097
50145 38551
44538 52654
46446 38471
34961 15816
68219 57817
44831 54676
34211 32091
14815 6280
70150 64671
14382 14800
44517 70881
50202 46260
42252 69859
42479 5922
19373 18895
42735 13984
54283 478
4842 12409
25981 52114
67107 42944
35101 3408
61269 517
13708 48942
42397 46684
50392 10521
30354 25953
13309 25933
54435 48205
10305 894
46666 15856
48716 22731
10227 17864
47884 55003
15757 41744
31846 54908
24388 20466
59227 23717
33727 23589
68367 47456
45307 32023
70520 13893
9546 61336
29607 5994
61900 68663
24206 1097
7119 1111
22064 10732
47711 45290
37170 28331
49327 25486
10156 52979
39117 35459
12977 49294
47938 57346
55897 18557
55751 3419
24056 48635
24871 33014
18615 30196
28478 17784
35581 62237
9477 51643
60136 12430
23808 13897
64684 25224
1222 42706
41714 15234
13834 36649
39532 24418
69420 41552
18687 34129
57358 65131
67012 63342
48514 30193
69981 6013
61309 35598
14672 30923
16240 46951
883 25340
28309 30407
24699 12383
36422 37719
24952 56743
66007 15942
70494 2333
11631 16439
71295 10195
12916 34888
29179 39680
62300 50301
59628 65220
42870 66456
9233 19769
44360 49316
71721 6547
7758 62966
36345 41901
56711 32229
30254 50936
38990 16119
38261 29336
67552 28395
9529 60334
35148 41623
39407 61404
38060 5488
44589 55676
37967 30286
60125 58828
69128 71716
20610 59041
53013 49115
71303 70629
17098 32284
43341 5889
17877 21176
1227 3255
39653 19702
58941 48955
23778 11083
43403 58674
44640 61505
19876 9017
67520 56591
19354 61257
12302 28406
44159 43790
30531 17336
44897 4537
2786 5993
47516 50522
9524 48447
11235 25268
27086 33387
58908 27085
70997 47640
40741 20954
69358 25581
57575 60015
17796 52225
9225 17648
16124 30780
66341 56897
67486 39128
9089 32016
3421 32517
38374 48559
50841 15086
70981 52655
32877 44103
71152 50704
32861 63492
43870 12402
69098 12974
23551 69929
54099 8715
63590 14596
1476 24123
50517 56810
5869 31790
53377 16458
15446 50692
14993 10853
7453 41755
2713 1290
64449 44164
59200 22252
61603 26127
7401 56382
33327 63263
17215 7748
593 32937
12333 35316
18701 68783
45785 52947
61777 16220
48886 66398
19285 5678
7726 9232
52436 54686
14636 66171
52617 54618
56798 27
48995 66799
37782 21334
28806 44012
18149 56643
14939 47598
71573 32393
4214 59228
20201 43965
48287 64534
59704 1261
32321 48966
10252 12774
68899 49782
54854 53707
53819 16896
34528 37596
8090 61271
25540 41869
15083 4344
14184 48375
11306 23970
59745 54862
62933 29508
47846 402
46067 45583
56030 48162
46881 44259
67190 65687
1877 26780
28647 32476
19155 25696
7832 12079
58021 19375
36654 30056
22804 25397
13524 62036
10589 34882
56135 56622
60808 25762
61569 69094
57832 55316
57694 29224
64783 46767
24491 22771
46851 1463
55343 23144
40581 58754
17902 22404
58773 27237
5099 1131
64852 60601
45223 12631
59884 54918
25621 2844
40643 24056
53036 33911
30226 57005
61101 56867
50409 69806
61000 35996
61626 47649
58311 61213
62181 53155
22718 32770
26294 34994
35617 38784
196 5492
23127 21189
9755 3960
17402 46411
14779 66964
69289 20875
4082 21613
25662 41435
5725 46531
38345 53981
41107 54905
17215 65508
38205 28602
6444 68211
7117 67436
20022 389
19981 66439
66143 53702
17250 36720
20946 63298
48146 15737
59145 31179
43500 58708
10297 58671
40472 64229
42413 59528
41195 41026
9104 31711
42486 64702
19777 25849
25220 18548
68719 13416
34140 70693
61642 38895
66655 14599
24248 22180
34955 68776
3911 59422
37325 71657
38204 65209
34135 33022
30474 52365
48385 46727
42956 10735
5100 34971
12238 45725
71519 14196
21979 49274
1094 8582
6150 45640
11531 14112
69402 40399
2436 57478
37636 19009
62897 4037
19862 18465
30968 37417
50488 9407
68329 57827
37300 36816
7898 71626
70982 35310
70752 57479
67021 20970
39669 63738
3303 40741
1366 22223
10105 10484
60212 5138
1833 53774
11818 56780
39817 12425
9693 67142
22935 6721
6367 5457
7082 58164
497 51760
59766 67581
44121 45683
437 49643
41225 67310
32084 47398
50840 5220
36182 31762
29196 14577
2007 34189
61982 12754
41452 64585
14023 30173
27714 27785
47171 47276
20335 49399
71027 65797
32651 12167
11722 4388
14294 20873
4236 24936
26657 59301
68403 64434
11554 59600
40830 16651
54368 52114
5057 28054
45939 8724
66320 2033
923 29623
23827 35503
34317 25813
19861 69114
6763 68861
7069 44961
18084 8769
8521 60103
46563 70703
70597 20699
41514 61648
65242 9094
20081 50543
68647 46979
35394 23178
56400 15407
14816 36351
46614 19371
23994 66389
20722 52153
40070 63478
57127 15363
17941 19916
7962 3106
50051 63890
48049 34201
61329 33262
66365 43775
19200 37818
14744 7171
15824 22850
48585 32225
2360 33917
29157 70447
50664 21902
40546 31772
63395 44398
29333 20428
29309 2952
48308 53007
19264 53151
37018 15773
18703 62123
22546 334
49214 12956
29273 4198
56179 65481
29257 39128
30463 28496
14850 13461
32110 2938
31089 27201
69511 52803
10990 36616
27678 50448
34462 29362
14736 14113
40154 30121
48578 44236
54210 47833
28916 34404
43613 51655
24265 42508
37995 52880
24194 69280
42706 32749
55076 38828
41694 48158
50731 14730
66266 13716
67069 13774
12326 36392
50122 55790
5936 35331
19627 38164
2787 32240
16663 57670
39616 27714
51168 51591
3679 64758
38299 67822
66776 30410
13368 54296
17188 52796
51169 41464
21163 25161
6698 3574
33120 29610
47734 63105
8489 25501
43121 11012
29858 4047
61365 15297
60082 22558
54245 21530
12797 3030
11947 5749
32591 15790
354 42113
4964 5077
28539 51055
6678 55014
32191 68401
59106 10728
68037 46551
63024 6682
7603 48304
2412 63517
44699 28401
29193 4861
369 31246
65642 67377
7483 7183
13972 33886
61180 10003
2840 52560
14736 54140
17809 11012
8218 53653
61193 69958
53977 71299
59690 31056
7744 22242
5270 16766
52687 54349
22615 10631
30023 67289
33314 65854
44638 38311
6862 9845
53678 63949
17031 48215
41415 48282
4879 57182
47023 17965
46805 12230
40615 19596
49166 22524
16757 70234
29178 70208
36297 58726
10184 56714
10547 28164
32267 13698
7529 59070
5526 15415
70234 5279
47856 35466
61325 62507
3762 22638
10304 59439
65516 14525
63080 56367
3257 18301
23273 24838
7375 40438
57477 10954
14979 40374
47732 56161
2196 10628
67079 7663
49321 34188
39975 12446
16930 4232
26341 4900
4345 26521
8742 39671
20513 5794
65789 60705
3200 39085
65253 67406
29132 11337
68113 39706
15357 12068
66865 38443
8973 19309
64733 10630
19897 64113
55337 36886
6717 33648
64328 3262
45458 10592
23204 35970
28196 28919
43450 19700
36803 15191
20267 40297
58751 4784
6533 24936
37513 68277

