20034 1741
16830 1907
4718 14437
6237 10650
17885 7061
13971 2855
10746 5467
8584 18013
10678 14494
4713 13131
5124 16823
15019 19261
5004 1674
2883 666
13647 19360
18709 10598
19497 7904
16229 18282
5423 5944
16239 4597
12913 11407
18785 17646
10600 7605
15763 10266
16332 12638
659 1789
14496 13419
3688 8656
10030 16730
4161 18144
8536 12882
15826 3088
14373 13879
14360 17732
18282 11670
3788 14786
14942 15464
298 11581
19013 6641
16911 11504
7942 18765
11375 3795
2142 15440
7751 3778
15389 13686
12014 2884
271 14314
10732 11013
9377 10441
16242 11386
6081 14570
9858 3840
14936 16305
4384 9167
19141 1735
8842 9873
20000 9947
7647 6401
12654 3976
16761 2798
16802 19423
11805 3096
14641 5318
9028 93
13533 13334
16652 5785
12079 14446
7911 11327
11127 13096
17640 4321
14460 15715
19928 9527
18725 19935
1696 5810
2400 5746
8670 13343
5537 2383
13895 9117
7909 7997
1307 5332
12906 11119
11154 789
6971 1971
6165 6008
17579 13098
19839 17568
14909 4529
17500 2188
2391 1882
19056 18354
17490 17190
7947 4474
19424 18637
18654 12160
102 2309
11751 1309
9047 10497
760 17707
13808 3464
4404 7005
9194 10961
5386 17768
17725 850
10026 6015
11510 7863
11249 18036
7343 8501
1537 5362
13293 12673
2630 16779
509 3873
3612 3141
16760 5838
10929 19379
2721 5004
8944 11995
1492 3754
1076 18334
9739 2372
17986 495
17768 1993
3507 27
11615 16529
13325 10504
11261 10030
16067 6346
14486 1676
12525 15438
586 19674
9439 3018
18461 4436
7060 699
20020 4105
2529 2043
16400 15572
10757 12082
18898 12631
12307 12978
13291 14316
1359 19165
13399 9648
17784 5891
17940 13049
4984 1805
8272 710
19417 13088
6228 1462
5755 9123
2103 7281
17500 1229
35 18702
13808 6670
10077 18572
10246 12751
7532 18175
6629 13383
13021 14819
1712 17990
2501 18330
9021 8209
7249 13393
546 10938
11214 5715
11878 6927
1726 9522
6428 6604
15201 8041
3307 6241
16319 14527
14541 2927
12602 19417
15617 17898
8654 15218
8063 16391
12836 4951
7796 5924
12569 5361
5185 473
1208 14821
18674 19270
2874 2602
13745 1500
15635 11163
1934 6596
3553 19780
16845 15517
13900 4528
7689 9360
11700 11629
414 13621
9763 8981
7303 3174
13030 10715
1959 10417
17750 19680
5109 8677
10183 8520
10692 3293
14098 12133
16605 13176
12448 19866
6325 14194
8132 11628
982 8830
14496 7712
6251 11392
10721 4753
10375 12518
9153 3171
3490 18245
6752 16863
16038 6425
2159 1443
16022 9306
18766 14792
3557 2321
3699 8412
17366 2549
9204 10019
1890 3469
3133 1993
3045 15386
9983 5061
12172 19270
19412 16974
1518 12987
12141 4415
15294 14121
1612 15511
13670 15725
9667 13204
12381 16532
10601 9252
8439 106
5697 14206
3714 16546
15781 16288
1524 14621
4030 3462
5991 1448
18617 19269
1563 2570
94 7575
4038 3258
394 8281
2391 15904
15354 9925
568 3824
4985 1411
13862 833
6942 1678
16795 8815
5497 13227
18209 13902
14786 16795
14685 4289
15516 7335
19800 3346
19727 5348
1962 19182
2773 13848
15823 16159
11845 677
19209 5507
13474 18521
8442 17512
13379 5802
12409 12540
12150 12954
19748 14424
2962 15561
2038 8043
13462 3212
10018 11644
15063 15710
4849 1132
13185 7104
3534 9227
15 15005
19892 13799
4572 823
10936 17058
17509 10921
8995 17445
15605 15540
19517 3686
19464 15954
5384 7647
8862 17675
4320 1397
1848 19379
10875 16940
17960 1380
1993 3932
17517 1219
2782 16775
17931 10133
11438 19942
15529 11586
15628 11708
3579 1520
18694 2952
14216 1068
4814 11709
6501 2433
1954 14679
15813 1438
12254 12098
9374 14156
8656 5654
14603 287
8998 16120
3230 14319
3892 10503
15072 11202
2088 4443
2847 16918
11106 12126
15504 16610
12375 5046
7499 1432
9739 11028
11803 6052
1754 11629
8743 11032
6361 16924
1776 18032
2815 468
12931 15477
11009 7210
7553 3065
13423 12641
17064 3591
2247 17016
5002 11220
2884 15501
8456 10831
7902 774
13465 12085
8293 11627
12979 15346
2726 17135
14064 1684
9806 11445
5121 10394
16758 17004
3004 13328
8953 1177
843 18371
1143 3845
9286 13889
19162 14019
7268 4751
11205 6051
8417 3268
7795 890
6947 235
1231 16646
10155 16967
18422 16869
16851 10486
9649 2048
7825 2346
17972 12733
983 19698
2700 14206
7663 4010
4550 13179
15361 7516
8363 12085
6721 10746
16508 19695
5673 9837
1661 5245
5367 13028
366 6939
11770 18674
13681 18646
3538 15691
13969 5314
10235 321
15822 7968
8145 3581
18657 5615
8931 13157
16499 8103
7049 1814
12084 13185
11078 8975
6635 633
9962 17316
11150 9754
1952 4238
17427 4113
5890 8243
19519 5243
15989 9285
15602 3512
11858 3164
7126 348
16803 498
8067 11259
242 2019
6887 1234
17064 13370
19884 7820
5665 9185
11461 6883
17552 14478
10866 932
16955 3642
4201 11308
11965 796
1851 9537
9351 12830
2358 8667
16030 19363
9629 18967
1072 912
19630 15236
2967 9799
2118 19716
15205 17007
16121 1730
16011 19651
840 2597
15638 13776
2682 2761
17683 16860
19308 14174
7943 17859
19254 6475
3317 15551
13742 5768
9561 7634
16502 7177
2298 1315
7419 16402
7017 18982
11040 6965
9174 7001
16932 16151
17004 18391
17431 5138
14921 15131
19984 19803
19463 15113
6676 18545
13975 11609
12711 9615
8890 4883
14601 7721
9527 13131
3196 1948
3535 3220
5229 17109
9441 14147
351 1111
386 14309
7464 7899
13948 17900
14616 17276
10291 18374
14758 18119
15109 2921
10446 10934
6027 12105
8804 10305
1315 14606
3540 16983
9282 14216
14428 2415
12793 11243
585 7563
5513 14342
2526 796
9843 11781
10431 202
19081 2614
13686 11990
13742 12416
18150 9280
3469 17345
13358 6154
10329 14828
8972 8554
4060 10350
11355 13360
11739 17178
7041 1227
9529 13697
15212 7168
7945 11087
2591 1018
2540 8929
15901 17369
1971 17934
19472 118
17854 16843
18138 5985
8476 8853
12635 11169
11418 3966
4978 7780
3701 19285
17347 10367
12935 6442
14907 7098
9561 11033
13309 4181
13245 18389
18123 1404
18155 16403
2934 1743
14449 8211
18537 375
10062 11320
3886 8462
4836 4555
624 11192
18778 13943
13381 2713
10390 11616
15964 11925
18178 1232
8512 3684
3694 5524
13524 7753
13740 11807
20032 17437
10492 817
18894 5608
18224 10738
2523 3726
15868 11404
14121 2086
11657 855
4306 3549
6017 12944
16881 8599
4060 6934
8191 637
16391 1767
5751 10466
3287 17686
9806 7786
3472 14613
4258 15293
18626 17025
7582 5224
14571 11159
4143 4960
12594 12676
3109 9807
7125 16769
9683 17406
9828 6124
14462 10507
17829 18070
11395 4745
251 1982
16811 11378
317 2601
11552 3416
15115 17832
13110 7056
4665 2834
3989 9982
14206 11196
3682 13245
18101 16929
19310 17154
1194 7196
19124 2739
7467 13077
5440 19660
5244 537
820 13262
19761 17970
18825 2564
4577 18653
15879 5265
7172 6748
2820 13342
19679 12009
15170 13930
3211 2238
6537 17348
3778 9295
15821 8414
4265 1011
9511 7462
14405 17775
16081 13972
10368 4788
3878 17604
963 4917
1404 12616
13193 6406
8766 16210
2029 4339
5063 5048
16402 14817
19690 8389
14170 6653
6907 11940
1148 16195
18767 16456
9574 16010
13495 15496
5547 10615
7205 17640
8679 641
9223 17100
5266 16645
11067 11978
13732 7042
16045 10621
3344 17503
14829 4237
18287 664
14133 7880
17137 11227
6536 13996
4125 3466
3013 14779
7539 18280
1215 9208
4018 6607
12864 19691
8866 625
2959 19683
8727 5385
11438 77
19470 16849
5080 18970
8883 534
11884 11683
6894 9246
18814 11970
824 10719
18629 16620
7287 6962
7891 9026
5720 14613
10208 5399
17289 9532
10068 7082
16323 12793
14492 8091
13450 5356
5898 13981
3342 967
13877 14734
2490 11718
11305 4292
5420 18908
6234 3700
13018 12119
9212 1625
9286 9647
14286 12430
6854 5479
18397 14669
4146 19578
10340 17991
11055 15376
2221 7895
19697 1426
4620 15412
11283 8037
15562 5394
9129 11282
17821 17892
12557 8620
12715 6991
10986 12774
1777 3573
15377 12258
4795 18158
12376 4937
7194 14457
3362 12047
16960 2866
12629 18974
1618 1162
525 1759
18073 10133
19478 19007
12185 6101
18800 18046
19859 274
10410 8619
16581 15679
18566 288
11356 620
3424 1907
10002 11835
994 6825
16013 14031
9809 1052
9301 7815
16835 17257
8366 10984
12866 13301
10399 8767
6724 4843
4293 17902
3515 12238
9804 14070
2303 3084
8865 6094
14013 9233
1344 3681
6441 5951
11022 2069
3364 19689
4175 5315
3712 895
110 5964
6778 2985
19898 5849
2030 19033
4409 6570
7851 14689
1432 2310
8299 4347
3581 9163
7322 2415
3951 14215
11509 16021
8868 339
3361 18730
345 17889
17114 9609
11626 11767
12635 14819
4785 18583
17872 14885
5861 1309
8694 10367
9692 16708
13350 7976
12290 3417
18972 5818
1229 8788
12444 7123
1085 17267
10110 5971
3665 5877
4144 3102
16434 19280
5693 7596
17579 19978
8755 5026
10183 14069
15718 16193
17536 8532
10814 16532
9334 6661
3741 18825
18517 5107
19464 12120
2274 19998
8181 8933
4105 17417
9807 1187
15313 6960
13795 7148
13551 1949
15813 18537
14301 4921
215 6779
2641 14170
6362 7035
17331 1172
11460 14554
6813 12978
10429 18244
18180 12488
19426 12744
6274 7187
2491 3501
10231 11471
11997 10185
1451 5385
19798 10437
11884 13017
14090 514
7310 3877
11466 3989
5601 6011
3728 18611
15580 18428
9491 5021
11701 4566
15054 10096
7006 2684
7690 14836
198 17405
14864 18831
19642 9227
19133 5823
1628 14629
1309 8347
11995 18603
8391 12933
8596 16340
17919 18064
941 3984
7112 9324
5839 6081
5834 16211
14821 19032
6456 6431
8446 9054
12849 18263
2860 15781
1876 18234
11438 7817
4932 11420
1736 10383
13685 190
19608 15779
12263 19828
7630 5126
16708 13578
10994 16443
10805 19774
9037 231
5695 17979
12300 8082
6388 6911
10202 14822
19476 17816
3337 15683
16960 588
9209 8824
8805 17371
14637 15023
6474 16404
10874 17551
14736 9223
18731 11022
5101 15900
2860 16782
14410 1510
14817 10007
2325 17786
16694 7914
16234 3728
210 18923
189 12713
17973 2196
2602 18216
4885 14825
10813 13231
13385 13766
3129 1486
10460 1709
17499 13158
18210 338
13223 6650
3490 13170
8893 17698
11490 7035
994 4753
15438 3771
1037 12033
6626 4972
14716 5098
6762 5012
8953 8336
6315 9396
17217 3214
12895 17793
12563 5799
8928 19130
7256 12844
6088 8572
13176 16616
18040 19618
10005 12783
7144 19464
2550 16173
8252 18703
8035 8646
10374 5675
10906 10411
1206 7803
16184 19258
13170 6778
13019 11155
14673 3392
6194 11334
1402 19728
14565 11708
299 19786
17945 8481
18118 15642
9498 17947
15906 10282
13702 11311
6391 5324
12592 4154
6073 7638
18016 19279
13701 15812
16711 8994
19128 6882
177 15307
4990 17181
13328 2883
5928 6618
13849 5623
4548 17250
8660 10000
8889 2275
15840 17898
15737 7826
3181 2560
13896 10021
1416 12936
15851 120
9617 2955
18415 8909
13990 1784
13594 9166
11124 13045
17027 18597
11399 18353
10248 10378
9995 18334
17645 10918
1563 16638
18361 1740
3919 11133
10477 18343
11593 15631
1799 15045
18218 18544
19221 12397
19070 7569
15560 335
3123 3620
5679 2341
151 14485
1304 10263
10829 7921
7812 14583
12766 7307
14374 17184
2477 6370
14738 7172
5501 8755
1703 14560
12008 18968
5896 13571
4449 10701
12785 18287
3285 12406
7786 12207
15848 10779
1956 14717
6228 7785
4987 18984
14306 8431
3895 2693
14042 5432
7851 1993
13425 1448
17023 4365
3117 8634
15282 1363
898 675
2209 7327
2786 5273
17090 14977
16002 5481
12243 6173
19594 10655
17759 19538
14604 6790
9774 8884
7563 2061
8150 7370
9166 2734
15651 8413
6019 11681
14400 6321
16910 16973
19141 18527
8829 1013
14628 5053
19204 15694
1400 1801
16463 18764
12000 13253
1427 7453
4647 8289
2049 13623
5959 19107
4253 3374
10953 19564
12889 5214
19649 17248
2383 19246
16665 5779
13222 8843
5699 1216
11324 4954
19926 7061
7595 3045
11956 13798
13150 4244
11737 4863
6908 4064
15847 16150
12554 1100
16891 9281
7564 5537
7054 11622
15589 9704
8819 13755
12860 12403
13552 10904
12690 18753
1153 15650
262 17693
8367 18814
14343 18874
587 5066
4251 2910
5467 19273
6715 15023
2215 1860
19944 16662
17754 6329
18614 15589
10033 18380
15015 8426
15179 6579
10214 17903
199 8718
2004 6637
9077 19131
2977 2942
5132 16286
1203 18782
12591 14672
18398 9670
2272 1469
16501 19661
18337 4327
12179 1666
10811 14222
1686 19918
17285 19334
10793 16419
16313 11244
3583 2644
8176 9582
18474 12145
3791 11798
9218 14797
9724 2066
14429 19304
19962 15726
15158 11048
9036 16483
1397 3986
9401 16724
19759 7409
17838 8412
1814 18274
3971 15678
6883 11586
17036 3065
6436 13755
3896 18393
3566 582
227 3172
17051 4133
9257 7532
6413 9952
7420 11912
5213 5382
18265 2041
13555 17707
8143 5073
3550 13447
13222 11267
16342 15951
6922 8522
1857 9847
8347 6156
19442 7980
19842 1943
5483 18052
2693 19918
2868 16737
16079 6164
3453 19233
601 3368
18181 6899
19960 5583
871 748
15014 18083
6047 1362
4726 11140
7240 4760
14967 18947
7344 8115
10920 4189
20005 6264
17921 3597
10221 19872
19276 18169
7770 4845
17396 15497
17407 19182
10204 6578
16647 6482
11733 13947
12454 11937
1135 10634
15733 11022
6190 10692
13469 8504
13960 7021
16079 2735
12082 10609
8232 3944
3520 14582
17170 7812
13525 19372
8135 18277
10957 6155
1324 10627
18518 16517
1178 5060
17516 2743
1710 4017
11747 654
10764 13689
12797 16719
10239 10606
15065 6375
19663 16168
6813 4646
15806 12682
10630 4569
13737 12847
17121 1777
15207 18918
17503 2745
12433 9617
7757 1827
10656 7223
19468 16608
15343 14470
11298 1442
5132 13223
7146 2468
10767 15397
5698 16837
9226 8584
16415 5160
10894 14311
18368 16383
2671 10690
1909 3579
4455 12427
18176 8341
10736 12040
17860 19741
13102 15588
4042 14589
5649 6665
11872 3268
3761 10963
11031 6444
15547 8885
8800 18890
12551 17556
5990 11918
8753 10035
18316 19239
16119 1877
18920 2235
15856 16550
17526 5119
16095 1111
11321 14657
19282 19440
9727 12082
1286 395
16543 15386
3239 15559
11711 8660
5065 15258
17834 15909
18679 11949
7996 9166
4679 4870
16980 16299
5474 11606
8500 2777
9662 7420
719 18340
8917 5051
4547 13583
17187 2633
18187 16828
240 16276
7046 15445
18055 13819
10397 4427
18927 17769
18303 12429
14866 11515
17995 6571
16293 12191
3780 14843
2550 4589
19968 1822
10119 1715
18269 19382
4844 1918
1103 16888
9782 6001
14281 3627
17077 16064
3455 15842
16563 10101
2392 4044
2020 2186
14240 16170
3044 6944
1709 17047
16915 19012
12669 11364
4570 15390
12280 7876
11792 16689
16184 14103
246 13537
12314 7874
6019 1043
13437 7830
15195 10741
1773 3225
18334 10600
10741 291
3117 18016
240 1978
3437 3505
14317 645
16287 12781
7287 8529
18852 11205
7948 9586
15396 9720
16605 12123
955 20017
8143 14413
10195 3541
14140 19191
4912 16801
16107 5243
4265 8817
4435 10726
17334 4088
7186 4173
1640 19158
15255 11644
6141 18810
10511 14336
10391 18355
19853 2109
9925 9665
19377 15097
7115 10506
283 14762
7045 10856
6443 988
7393 16786
10448 17555
10233 19616
3215 11753
11980 6010
15816 1745
4750 19610
4184 9436
13990 4334
10965 12453
3762 5362
8753 6190
11554 3808
5830 3511
13914 9039
2666 6707
5664 18116
3416 19219
1212 4701
5892 15845
6477 3029
6726 5719
12092 19554
7645 2727
6069 16300
231 5544
5895 16938
9963 7058
12779 12649
15131 15130
12916 17987
4709 2674
11399 3618
8272 8379
15081 13853
19473 2573
4113 10004
14449 15977
19875 6817
4803 14768
4723 1153
4335 6935
7566 3234
15669 4840
15827 8166
1412 17433
18986 12024
10655 19307
38 1572
14924 7202
1911 2069
16934 18816
2320 19535
8761 6943
16730 5085
15902 7908
11305 16806
15750 2297
19955 2594
18874 8678
3165 19195
9304 14029
18751 1410
18434 3652
1640 16900
10461 12895
810 3727
14562 15615
12319 11692
16382 12314
8935 19500
17010 11095
1429 3740
8323 170
1571 297
5254 9940
12758 5359
13639 7359
9672 19622
15173 16792
15105 9604
17403 11556
14180 15755
4478 1697
1192 11389
10512 7180
8130 14390
17867 18606
13196 2709
17144 9351
9041 4484
13067 11949
18134 147
8920 8624
11475 7758
16849 6401
17546 9367
8351 12524
4994 19267
5309 2389
11403 7280
17659 12133
12223 13960
18367 1373
17332 6899
8398 14298
10895 18186
11071 7157
17108 17893
18215 14607
12066 6253
1294 5119
8970 10035
440 1531
8965 11497
9576 576
15976 12267
12396 6280
5236 9359
11736 4284
10800 14627
7337 8179
832 14828
640 8916
17153 14494
15589 17492
17863 3924
11326 13547
9323 1154
8834 18633
12036 1665
16581 12727
1222 9128
5785 10216
6150 15678
17904 9739
13304 1679
10884 2095
11870 5918
15464 12743
19256 3188
16870 8930
18769 12109
12398 3599
2630 19775
3768 8334
10187 1236
7256 2309
1618 15521
17738 10996
16393 1807
16166 15271
7306 67
12223 6199
3816 804
18236 18304
4679 18440
1323 7588
10992 3447
16808 16436
17985 7467
10966 951
9327 175
1292 2645
13963 695
4281 16157
1901 10044
6010 18101
17110 18579
4687 2960
2794 2750
3045 4281
12473 2415
11557 18658
13289 457
8875 9620
502 2906
6278 9028
17631 7212
8954 12659
9145 5545
10890 6302
2352 14387
12322 19894
18859 13426
7665 17630
13298 6734
3435 15848
10902 16978
19683 1709
17841 6352
8961 11736
2292 17527
9351 5914
5008 19796
5991 12997
18402 15581
2492 18375
14175 10915
9525 2280
3475 8049
671 6633
3130 1369
8149 4394
3788 18982
645 17197
11017 6914
13464 10158
19575 18857
11934 1332
15251 14673
4659 19476
8673 7490
2319 2968
11453 12175
14507 17903
11936 18824
18639 12882
7656 273
9591 782
11016 16990
15921 3369
12237 8585
3726 19922
5292 5810
79 8927
2323 14700
5996 12055
18336 19274
5954 15027
5207 18396
438 5045
4199 9646
17795 11716
3409 5096
12523 3937
19447 17242
8958 7878
1469 5039
13760 11957
13450 6398
19102 1751
15353 12845
15512 18122
14232 6964
17588 15272
4481 10132
18155 2996
11867 15767
6464 4036
3428 19316
9225 1554
14070 15043
8665 3846
1682 1188
9931 15451
11140 10455
7512 9761
14191 11253
19741 7758
10898 11861
9456 6446
11002 16528
17528 19993
6419 12084
8942 3601
2483 12469
7614 14732
6110 9379
398 13629
7420 1577
3258 5820
1559 17453
13242 4517
6275 10354
1284 10725
5987 15845
16245 8658
3603 6470
3330 18469
16150 9552
16704 18626
4366 13811
8797 13813
1202 10548
3390 7265
17981 3035
12951 11929
12713 5196
11605 10360
15288 7085
7661 7543
16574 12252
15778 3534
16034 3756
13745 12060
3316 383
5214 12902
6011 9210
5585 8464
10669 14099
5944 11780
17057 332
3376 6705
14112 14189
2406 17581
232 10819
4619 3774
10354 15520
16648 15826
9718 17381
5576 3926
18910 13166
5093 12180
4413 5102
9602 18252
10288 7325
638 10316
11881 13961
16740 11335
9998 17291
12689 1302
12799 9018
10928 19147
13735 17599
11904 11994
11934 10296
1320 4873
3613 623
16477 12803
4840 6644
15811 7615
12071 3625
12166 16020
13350 4961
6771 846
2607 13647
3546 7516
7484 6646
9998 3713
1603 3476
16840 15371
19567 6624
3416 13413
19343 12774
9805 6781
14786 6396
13399 8236
8585 19989
19131 3735
1300 7904
14540 1416
19075 7101
12890 10610
11954 7627
9656 19489
1034 15863
3213 3784
11504 10545
15919 7305
3655 9987
14693 11048
19390 13650
4723 5663
6013 17625
17565 18233
4208 16179
16196 19712
3452 9291
8827 7076
17569 18648
12659 3335
14267 5435
15688 1262
14260 4987
16817 12453
18382 7501
12299 9975
767 17832
17180 2189
19027 12118
1664 8027
9813 13047
19904 3760
5141 10740
3707 15766
4667 8260
8198 4937
3102 15543
2969 4991
7411 18521
16105 7156
16697 9166
4091 14745
1091 12451
19793 1156
5393 752
11312 1590
18810 11567
2416 19007
6891 16721
2447 7102
19730 2304
413 11840
6723 6147
11863 5606
18140 19887
18636 5156
854 13010
14916 15490
19529 17338
19871 9719
8024 19551
13672 19895
241 13691
5615 7230
13069 7258
14721 17507
8191 6981
7407 1423
13700 6981
17332 177
12928 18250
668 294
9170 18938
4591 10326
13117 7456
9772 4490
207 4779
2159 9807
15293 5138
2329 19523
16880 12368
12084 15242
4205 4899
19268 14363
469 6212
5771 19654
12112 3182
1989 10908
12745 3769
17344 8386
14837 8017
11401 17436
8275 6664
8996 1091
317 11569
5419 19467
310 14562
1765 11694
9007 15366
14696 17548
16717 2668
16190 2248
19382 17129
8004 15511

