24907 4800
10647 11905
10932 5213
9800 23489
5919 13373
5091 5414
3919 18513
4223 15132
15686 20995
18648 13463
8495 4982
18962 858
21395 12718
5875 9251
10222 14358
13772 2646
9106 2777
1675 2244
15892 21365
1538 5536
6477 5271
7841 5137
1013 8540
23416 11235
22931 10305
23156 20186
12427 9443
1828 3505
14441 14446
16222 19290
5059 23747
7296 6771
16379 14435
8639 11569
1134 21109
19699 3838
5182 22771
13197 10672
23723 676
22258 19895
1904 9278
16323 17917
1289 1426
22243 1830
19260 9654
15500 1634
16847 6811
17513 3374
16951 23084
17106 21709
2453 11671
16993 598
7468 9213
1254 18815
1034 17351
21418 10320
5168 19574
15063 16536
1152 21019
4146 18803
9495 21325
4344 14617
18149 7084
10545 12401
1477 21978
19838 15408
3495 119
20076 4583
2672 19708
11615 19893
21302 11951
12889 60
18243 8588
18887 11808
24455 24546
9380 4082
2455 18956
3627 8560
4832 23453
8416 15818
4690 19168
3140 6343
13800 1823
14184 15175
9256 22705
6572 19485
7633 3660
8264 9799
16796 10499
13975 16313
12025 21719
24642 5798
2586 21590
14830 3766
12273 17211
2088 10504
1886 23350
7752 13559
7455 10712
22381 21928
16763 17003
15366 13576
1223 14375
4501 7488
17903 13336
15556 18252
17532 21794
3398 17605
14618 17703
17754 7843
17106 19965
24515 774
6037 2100
3297 2475
23076 10268
2024 13871
13366 11402
9493 1864
9185 9067
22313 7622
23870 11855
15444 24117
14039 3394
16761 7660
16185 15341
13670 8515
18705 11485
742 7807
14270 16095
12310 5650
6384 10960
14824 22768
16052 20675
20976 19756
14163 8155
4637 12982
23371 9138
174 22518
14695 1340
5216 16487
24858 2546
12239 1510
5791 8990
7096 15711
17771 24039
11104 13136
1180 22383
17095 20458
13727 4677
17072 998
20485 306
3252 7585
24578 23402
6311 14129
12898 917
4948 6500
19497 15743
13426 11430
12821 18755
938 21574
15611 13505
5486 14397
22489 13566
7511 799
5257 13491
17343 7913
10076 8614
11219 11252
16358 21024
888 15831
15674 12069
19983 11966
17805 15900
22063 18189
23313 13720
2681 21589
6383 13452
5612 7159
16105 20249
16710 10300
3171 16083
16646 5477
22023 15758
12518 2394
9382 22691
3607 6213
1103 10508
10103 2071
20131 15247
9520 23973
2053 22285
9012 4435
3937 6991
11819 815
6369 20729
7341 10537
19128 5300
4137 13468
11770 17403
470 8794
11366 16267
7580 8195
3548 16191
24113 21775
13018 5425
11015 19307
23887 21432
16437 3618
19660 22428
4855 20249
8594 14889
8466 6481
15858 4728
11763 17629
3169 330
1870 68
21266 16016
506 839
22120 1030
12046 21889
22184 1194
4654 9907
24812 3467
22279 21848
6615 18776
18557 14874
4146 2941
4633 1073
906 15224
13612 22909
6311 5187
19256 20739
441 22443
3192 13904
17256 4596
11532 10907
15550 4733
21186 22444
10223 5384
13687 802
22455 24261
10725 8483
14779 6549
14385 7525
18290 14651
23534 10030
19320 19218
20400 11040
8885 2506
9244 21772
16765 16786
20513 5584
18417 5832
21372 1293
12972 18648
9742 20099
23029 6367
4730 5184
21481 12311
6999 614
11713 21168
14200 14160
8312 8242
4710 367
20491 1809
16429 6485
22819 10169
9218 207
14095 16209
10568 4227
16709 11494
9035 15892
201 22704
2065 15568
24373 3667
24534 8051
24681 13174
16193 1140
19805 6027
23842 6511
13697 6342
1408 9705
19216 6944
19073 18415
9540 9648
5116 13334
3497 9189
2849 24280
9899 23730
10881 6529
17214 13063
24227 3320
15020 19304
9819 10640
13593 10342
22316 13642
24349 24220
10858 4825
10912 6602
1908 5269
14397 8559
14276 19789
8880 23193
24271 18150
6283 14644
13605 9269
6876 13172
15384 19702
10613 3681
4670 7361
9063 6726
2828 3553
15555 19849
12051 20911
9986 14285
2903 18896
5184 7353
17653 12471
11226 1400
1525 19881
24658 14330
16266 55
13191 14095
13300 14905
4528 10660
9957 1017
21829 22949
9999 6792
9657 11113
24032 7817
3862 14399
8434 22446
10883 17169
8420 325
24590 12245
16156 1500
20379 23165
19775 24182
18866 19496
22705 6755
8209 22593
11184 8386
6837 5982
21975 19741
16412 18953
23279 5858
5812 18154
2600 7459
22850 4549
8364 8652
8509 22396
20987 16339
23279 116
22139 2996
3259 18126
2484 20610
16515 13303
14453 7277
23626 12583
6913 18171
23345 22921
845 17390
2231 7332
11815 17642
18423 10560
23587 14232
24184 3722
21064 4550
21467 2423
22951 11627
2763 13874
23074 12106
18102 22519
11596 13519
11939 22669
5200 1007
6733 5408
5517 16292
19741 23752
3779 22484
9713 11516
5288 20075
13561 20435
16125 16945
4611 16715
12740 11054
16597 17578
2034 21843
19507 4108
6463 11411
185 2598
17094 4649
615 17952
8895 22409
19735 19693
4858 14749
6825 572
6739 19308
22829 22668
12530 218
4350 1892
18828 10995
18577 12316
7109 10130
11806 15356
16666 272
21377 1195
4815 16486
22895 18268
10761 21591
5798 19809
17657 9048
13607 23183
16861 2204
2998 11539
5807 19220
14498 3469
18351 8562
17751 13033
12439 9197
3208 7476
2446 19284
7838 22820
22574 22764
7182 24501
22063 24009
15415 23327
19922 2643
18339 20229
11230 11345
3456 6351
23893 1312
21478 3470
11431 1535
16050 14798
20208 18169
15560 7472
8684 6926
12530 11980
14043 9462
17911 1623
1592 9694
24206 10668
19133 9658
21768 7738
2757 3231
5189 8976
21633 10811
1045 2242
15439 3486
16631 3525
5428 20598
13421 18460
15963 19461
4512 20891
1789 16431
19449 17856
9499 22801
16657 3025
8718 18789
23731 14352
3792 945
23640 18106
15086 8082
3641 18977
1953 15078
18610 2419
4164 24122
18832 9522
23174 23968
16965 17815
15813 23759
12817 5369
13517 12362
6601 19099
1843 17161
15575 17551
2875 1358
14795 24270
17990 990
23193 20540
3013 23694
12493 5919
20009 6825
11037 18362
12665 6260
19251 2537
4698 19073
886 16864
23712 8044
14761 10887
21554 6474
19242 19341
20995 15901
10816 10257
18 1858
18713 20834
17928 5072
17500 2410
7515 5640
24161 2802
13783 21413
12672 20793
13672 7173
2525 3087
6354 24447
9008 24792
7268 6028
19006 22776
22219 12462
13921 19397
22336 21269
24335 5318
4424 13701
5034 11824
16336 10451
15480 13090
24797 16
52 315
23196 2650
21972 16413
5777 24291
17832 9012
14830 13502
20236 22157
12992 9027
21877 5644
17148 6164
11646 18712
2612 13564
2949 10180
9958 18080
9261 20892
23107 1525
20601 11409
5733 463
13405 6392
13946 8845
7537 9986
8404 15758
23522 6319
12733 3784
22522 23997
6231 16217
2170 17245
8419 5535
23310 18859
6398 8666
314 10006
16053 10714
4985 505
15723 1454
19514 10773
1540 12419
18018 18039
4507 15024
18707 24528
17590 10130
24279 13473
4272 4132
14069 24120
10821 7315
7844 6731
24875 13009
17095 3771
17651 23880
2870 24273
20847 3305
24704 2510
23049 6256
11398 23053
18099 11998
14727 20678
17412 21648
3602 12824
24349 8060
2302 13500
22769 5155
19648 17804
20173 23820
22449 21280
9171 14681
17372 20794
10399 13262
12722 9529
2862 367
13231 18940
8099 11428
5246 19770
10603 18361
11165 20608
13798 5289
18370 2899
7323 20857
23300 891
5825 3124
10862 13754
3399 2414
3253 7464
11953 13075
20057 20833
20336 13832
2573 5490
22435 11932
12079 5752
11947 20091
13536 9718
15560 3889
13523 17921
4627 815
14455 4246
23750 17571
21412 10558
21390 20190
1689 976
4355 16193
13675 3762
2258 1133
18316 20985
14490 23308
11293 14233
4985 13062
12892 17008
19351 2627
13786 17742
17201 8237
11008 3749
22089 8707
5376 5893
16082 19133
3031 1056
15187 23650
17393 9081
7221 4379
3435 13074
14832 24096
21952 5031
20574 22906
1442 582
22313 13003
644 6838
21791 3393
4635 9049
22439 21593
3451 11706
21148 16613
13185 23123
7183 11033
26 7319
2051 2389
5084 5497
4475 21977
6256 22428
19997 5748
14058 23691
21231 15335
5214 14094
19433 3311
20725 23834
2562 8462
23103 13801
787 11209
11172 9490
12098 5226
24109 6082
21049 16346
3935 1997
20262 10225
21874 17512
24512 15103
8568 11897
15444 9059
18349 615
6698 18724
2381 20055
5887 11455
8613 22485
22688 9394
13147 5461
1745 22325
15305 17468
6717 24335
8984 16241
9328 23141
22172 7262
10822 6609
9105 17879
21001 11509
6982 174
14336 344
13487 24899
5973 2454
23577 11712
12199 703
16131 18220
13293 4617
129 19997
22677 1921
4673 15181
17819 19495
14026 1615
24508 1784
9884 22806
12303 22345
16400 13160
2054 24513
14421 13893
6577 2870
2935 5917
18351 13842
6069 13129
12896 13670
8132 2038
1354 8151
18596 18405
2674 8356
4344 13778
20747 7247
5066 16280
19400 114
20783 7200
18292 9591
26 17890
17666 2255
3223 22535
12230 110
2149 9968
14870 929
9431 15891
23015 954
20457 6361
21818 182
2923 21785
9368 10767
1460 23895
100 11954
11098 9675
8037 5714
9824 20926
17253 15677
1963 17133
22806 13914
4681 18051
6708 19918
22707 19533
23593 558
13739 21915
12771 12627
9016 638
399 6099
3029 4769
22659 22382
21298 3306
14185 14682
11027 17958
16689 5548
22375 20902
5387 19381
11123 5917
22297 17190
1195 6563
9126 1003
12589 5044
5683 15816
14808 1340
6608 6217
20908 3385
15489 3724
10554 22878
6806 17313
11150 12323
14090 17455
14089 11223
23882 20295
10915 2626
14919 5902
8022 11835
4968 23683
23196 19064
11131 8108
23117 14341
7403 9691
22961 4114
7252 19730
21600 17234
12987 13577
11208 17782
21295 14383
14496 6213
2696 4457
5251 3591
4650 12527
7026 22950
14893 12939
15961 7447
5672 19076
13330 3070
6527 9010
21833 10388
8875 2710
12422 10357
7721 24531
11670 12479
1507 15065
18025 14485
5621 6464
2722 22158
17455 19324
23695 704
8897 17552
5172 24653
8461 22620
13415 4196
21668 17230
13051 2342
11730 18128
21636 15737
14496 18757
23568 11365
11825 20431
423 434
9906 21544
18556 1554
8241 10013
2435 17491
10711 4530
24455 22156
9896 14260
19062 6875
4726 5095
828 4769
14599 9846
17151 115
20300 2877
13671 16401
23428 18646
6856 17937
22544 14950
7079 833
9061 105
21682 19501
3993 1388
17986 12665
22226 2217
23044 18162
23031 8509
17635 17920
22352 19066
3042 677
8400 12931
21687 8504
18707 5371
12698 2690
10059 24467
6575 10869
8448 5396
15294 18894
1233 20251
2573 10263
8471 11270
4893 2849
8275 21683
4084 24179
3257 49
16759 23920
20645 16507
7829 17401
2198 14257
24458 14065
23601 3153
97 2461
22560 18807
16727 4194
16706 23239
24481 23353
506 24208
357 6329
16385 12158
11395 2286
12231 12092
23796 8432
17221 7097
14191 9094
14518 709
20028 20596
5565 10947
2356 13009
22751 15787
22989 16482
21970 16125
18830 7670
2858 8646
5698 15677
22409 18796
13674 20360
17258 14977
20261 18588
6266 14032
6525 9942
20527 7038
19427 14341
13383 411
20107 185
1050 24084
18772 8073
15420 9827
7458 18634
10208 24014
13345 17188
23500 7508
2150 16180
32 15964
11268 21699
12862 23227
6855 20061
11043 13624
15494 21232
15201 14600
1399 20418
16990 14789
16760 20334
453 22409
22624 411
15687 6500
6908 14819
12201 22663
7098 17689
12074 14974
22428 9890
16623 2658
2827 8407
21173 3255
16906 9133
10216 13293
3450 6994
13056 2388
15283 20416
15666 11666
7747 4256
6379 4123
16079 315
1546 959
7706 11686
8442 11871
4817 13955
12147 8813
13340 2412
113 1408
17270 19623
11766 1653
7765 23112
6568 17910
17493 8148
6145 3812
22722 4487
19900 12142
20824 22964
785 15806
12561 6359
7884 3034
8385 5680
12007 12072
2484 22454
7220 9290
12360 856
15840 8413
13449 4655
7803 9116
11198 18435
17373 10711
21807 11097
826 15694
17100 1693
10853 6014
20277 12888
15583 4061
9875 14912
22483 21359
23797 2645
6409 24768
5919 24675
9114 16033
23940 20746
5629 16062
13783 1418
9612 16575
21944 15797
15952 2094
11714 10745
23653 20164
12214 20516
3885 6144
24247 6902
1321 22811
9133 3745
21059 15031
3711 10803
21930 14995
14788 17305
24895 16099
3900 14611
20991 10695
20327 10386
15179 17684
18226 13408
20925 3547
10863 4113
8972 2744
7753 3494
7207 10002
10317 12656
1705 21381
18185 8797
19051 6846
16450 97
2663 8847
14840 3091
5774 18407
3367 17939
12898 10387
4290 3016
9289 5834
3603 1857
19852 186
21237 17782
9374 17398
20190 24008
13844 4789
12940 20103
20076 1620
23087 19873
24721 9688
22255 1586
7860 21677
2169 11020
15393 23921
20674 16100
24347 1224
20223 5012
23565 14960
8195 1632
18096 9483
18674 1912
16330 5256
1728 19801
16938 17190
22842 11038
7980 7571
17957 8687
16147 9341
20159 19940
8234 10605
14658 20555
1752 11118
21023 3012
13946 22484
6430 8746
14062 16917
17727 17758
5460 4867
15127 14617
5944 11741
13578 3743
9123 3649
16035 505
23130 2172
5676 21115
2201 16728
742 2364
6334 10355
9468 21768
15718 6576
11613 18560
10487 17811
24274 18366
2385 2521
8599 1470
19281 23621
11944 11871
3420 17411
24695 16064
10477 3888
4499 6707
12252 18897
20729 16543
7344 16642
14791 20158
23775 3491
21009 24819
24301 5264
17683 13873
6681 13180
19413 12930
4033 16707
223 11310
1633 9194
19474 19850
14193 13707
20294 15568
7521 12668
7929 10507
5445 22508
6822 13713
20391 8265
11980 8760
407 9261
4181 21300
6701 20742
7883 597
7673 18623
18365 15255
1456 5476
2167 4405
21478 19412
23379 18839
7042 8877
1961 17397
13423 19423
13198 8459
10307 23865
22830 4782
14672 171
14436 17113
14407 1594
23374 21204
17037 4843
21075 14448
11489 7475
6262 4192
21658 10302
23134 992
18584 7342
2697 15187
897 16071
76 11232
5381 23102
12422 24798
17571 15250
19676 8177
4275 14375
6618 449
24899 18171
17409 7640
18333 16476
16661 7072
3705 21312
18158 7993
10466 12108
5557 11844
10042 6039
13568 21360
22272 12861
18949 22486
17392 10705
19742 3283
24649 10268
20398 16011
22644 23615
12806 3626
19390 10974
16217 21849
11027 2318
8668 4816
776 20741
15375 11969
19215 10298
3810 4597
6034 14514
7541 10753
16814 20118
9494 5272
22047 13947
20022 11595
8164 2250
18459 19854
9569 7926
9577 13034
17807 11563
3666 16109
18800 2248
16958 17359
8328 1189
15139 10416
20487 3000
22975 158
523 14409
15530 23484
22858 8649
5983 6331
2886 3616
19994 23138
22336 3060
22347 19922
20465 8759
17627 24320
12027 4805
14361 14557
14422 19671
14812 8831
14831 18378
14118 14421
8437 10931
15643 11123
4024 18827
6519 23200
17182 3144
23837 9055
9089 19982
23235 7180
22203 2652
8250 15391
9308 5239
6658 8082
12758 13511
10709 22056
12911 14507
8584 14333
18229 8789
17322 16221
19254 3478
18398 21658
2858 1274
1926 18970
6216 16373
24544 7491
12186 22855
22559 20902
15850 3580
6174 13832
14125 3326
14156 12210
3648 1664
10065 20269
5217 2604
15581 6430
497 22772
13884 6009
2244 1465
13061 15210
6749 3223
6347 23739
10668 17566
19974 3022
2126 12063
23590 6976
14779 19513
8240 945
2001 1594
23619 23218
1640 17193
24073 3417
1248 18246
24791 17697
9741 14259
24585 10130
23091 22195
23655 280
3052 16020
3313 8885
20003 2676
2235 2026
9610 15645
11086 10207
18277 4263
23042 23242
24681 17831
11957 7202
23658 5538
11376 14247
18500 22622
23498 8146
24711 12569
12199 2534
7756 16000
8627 11046
9692 2510
1806 7812
21974 4275
15961 1969
14528 19234
17768 8708
20302 18485
20315 2883
4242 12215
22272 11287
1759 15135
4005 5069
19430 131
16487 18379
21874 22883
2048 23002
9289 13581
3809 1487
5450 11312
5100 11342
9734 23273
14121 421
8304 23165
14693 17765
22186 15915
8486 22684
5138 17461
19502 946
6363 5271
10685 10434
5644 6338
2631 7229
20817 13459
20204 11804
19089 23408
19547 7333
2449 16281
23101 11870
9398 7373
15216 21189
24490 11
4872 9879
344 5514
5499 12372
19800 3757
21557 23477
24743 15769
22254 10802
24009 23272
20765 24788
18980 17350
17154 22755
3255 15314
4547 14634
18937 11201
19609 12942
19800 15362
4974 8471
3604 12695
22033 21047
14097 15088
18509 19650
12258 94
24628 11128
22559 7507
18903 4005
3033 20341
22767 891
24399 12208
19182 24739
10658 13426
4365 16319
14026 13343
22880 23399
22871 1622
1489 3889
927 22616
5362 4616
1808 20644
14020 18552
24127 17383
1557 12431
21817 20640
16494 21899
9368 12202
15875 17869
12436 10021
3473 8460
15030 9034
6420 5983
22707 12072
8914 17859
24014 12109
7187 4584
21372 10841
3466 18400
22449 24874
446 21381
18356 3584
13103 24335
654 1259
2948 13041
23352 19723
2912 13267
167 18668
2241 14231
3720 1363
14195 20103
19482 5415
20761 8063
6632 17
8492 21958
14205 24497
5971 2486
22315 4005
11496 19872
4544 7179
22287 8898
23833 7609
5332 5388
22424 8378
21380 9505
1710 9612
3299 18115
5152 5457
13319 17844
12876 4177
13227 17581
22361 16251
5595 9410
20677 21282
1083 10682
18654 775
15348 18180
3854 172
22985 20316
21048 22915
12989 20004
21796 24615
8429 15723
20154 5148
2543 24224
19773 8983
7422 19770
22075 24561
5630 4034
1624 19753
24261 23483
11766 16061
7177 16970
19739 24153
23633 11311
24871 23263
4482 23683
9241 7501
15910 3696
8298 11453
10930 3631
5904 19177
6524 12618
21073 20729
13389 16569
4288 1043
24521 11221
2606 1425
9272 18599
20251 4936
11391 11610
19500 458
7236 20933
22235 14197
7398 19683
16227 12384
17844 15436
20406 6801
14742 16169
11679 8077
3255 6385
15448 4280
21839 12167
24542 24871
20107 1666
5179 10491
17851 3811
12611 3856
4631 18536
19717 5532
13481 18493
21351 11675
17939 21222
4346 8195
7828 16908
6382 12017
728 13585
921 2905
3077 12242
2875 18523
10143 6941
8384 15176
12171 1305
4894 601
21924 8275
4808 3301
16600 9340
19484 82
18687 6828
21983 5737
2937 11035
9832 15795
21072 2024
6432 17323
1830 1260
20789 4179
17257 10692
3604 15407
6242 23764
90 15930
12057 3045
18285 9148
20981 9490
13976 2872
3502 22449
15399 23649
11625 18700
14467 18156
18958 18847
8122 15526
1455 24508
22242 22557
14843 8464
1999 171
23250 21507
8148 16338
22965 5653
1824 19652
11652 24315
15924 4631
12310 9354
20835 10683
15081 14299
12373 15826
24630 645
3687 8652
4669 24403
10659 17042
11731 409
13284 9038
20751 18948
16899 12502
5589 12739
19561 24222
12086 7367
4245 13000
8649 4318
3425 14250
9408 2155
20249 18472
12897 20032
14944 15727
14223 2232
527 11478
14545 22928
23 3839
18219 5424
9634 23786
6096 13186
22112 2862
22438 20294
4716 4219
17790 8136
299 7535
304 3449
23982 9132
6886 10867
12516 23580
18030 9020
676 21522
19295 6171
15931 11594
4461 24494
4353 3349
6121 2698
9164 15650
1102 3465
17851 16898
7625 23220
1728 21534
9997 17165
6533 5989
14906 10259
9047 17545
17970 5106
19693 14704
8050 18524
3969 14470
21633 7972
11081 13715
22824 12722
20843 2191
1289 12452
19159 22992
22045 17716
6102 9859
21902 13466
15195 14010
22636 7683
9516 3507
8636 6841
20820 17519
594 12155
11363 13815
7199 4659
10799 22898
2984 14785
7416 9203
19733 18159
16304 20972
19436 3414
18242 12968
23024 17478
17848 7336
10846 15919
2194 4686
13000 24280
17747 19527
17711 9253
2106 12795
6720 14194
21350 20164
11527 18648
1463 15169
8231 5107
2385 12512
7424 22160
3705 17964
2917 20329
8324 23728
3447 22364
9462 13456
5953 20739
7336 2799
12006 832
363 1683
24106 22442
7997 8323
21630 24504
16905 21468
24025 417
8712 8677
5496 20500
4338 14615
21658 4186
8251 3889
18317 17469
16830 23131
16536 14282
9019 2943
8609 3862
15886 7641
14003 15544
20610 9400
21945 16824
24582 21769
9992 18761
4970 24627
19429 5832
1289 3919
20519 22199
16639 3268
17292 5899
20520 2538
20178 16164
22777 5425
9617 23170
16456 13211
22658 23526
4812 19430
19217 4377
3559 16920
12239 21576
15937 18015
20235 23873
21363 20381
22002 10654
5815 21276
3384 20222
18685 10639
1594 11586
20135 18947
19836 1389
23290 13387
12887 8178
20885 7367
7020 2054
8391 2942
16507 237
10299 7518
5430 16217
11451 17152
13161 10632
11632 13700
6786 166
10337 5186
5369 14895
11828 20665
2912 11866
15048 9227
2307 9428
18789 21843
11969 15951
22239 16380
18544 2190
4198 7090
14308 4120
12340 10790
21839 7141
4771 21361
2360 20142
23963 9206
9540 11150
5021 12383
14870 2288
17873 8788
20721 14740
19311 11572
11957 22922
5984 23053
7299 8127
24101 2122
7363 155
18759 19992
13835 2975
1602 22714
17832 12808
22449 12784
22560 3575
404 21797
12176 21505
8110 3616
876 5577
20531 17059
3894 24592
21153 10806
19142 5091
10127 19061
19929 22503
4380 5912
15972 9854
5870 6708
17622 23062
18250 13060
17665 15296
21502 18724
16610 9058
17479 16826
19673 16921
5073 22759
2399 3337
12005 11042
5142 5331
16296 6158
23610 8278
1353 18424
15044 17873
2685 12447
24203 8643
21611 4752
8650 7128
682 12749
3740 13315
10089 3349
23134 1753
1149 3498
11015 6138
15743 22426
9444 3202
19539 2962
20823 22163
18183 14440
21920 14873
19021 6908
15003 22536
18695 5346
2910 15045
8125 7657
23996 18149
7476 15613
11480 18926
3087 5027
17150 8406
18223 4304
22638 18146
9203 19211
17518 15892
999 17373
15002 15517
3154 5462
7247 1268
11448 12032
8855 24651
3563 17150
24758 7180
24810 811
14354 23029
10559 6537
14260 2722
8154 12940
1277 9775
295 20411
13054 20215
15417 2146
7772 3490
2531 12775
24553 3778
8258 12094
2683 2435
8555 20194
13354 11696
5779 22224
588 17286
16539 19219
12575 17965
22396 340
11720 2404
23020 10784
18721 9397
24564 20942
15707 10057
6716 5923
13865 21153
7034 2148
22805 24042
11538 1875
12646 6999
15406 2258
20501 13229
13944 17690
11732 9962
10773 24523
18647 3934
3270 13873
65 20664
7782 12106
23859 24127
8420 11868
8918 9521
19741 15841
168 18541
688 9537
16047 11824
17670 18217
21545 22840
6808 14529
15654 2624
10744 24352
5633 3982
3768 18435
17558 19324
21788 13558
2934 11070
16650 12010
16864 8964
13098 21775
19730 16133
18977 22540
10930 17220
21547 17144
16969 8986
7406 11976
11587 20318
5348 6329
2959 137
22937 1049
6759 23914
15472 9908
11362 8042
15085 9233
1794 2844
2751 21836
21860 24285
1076 19188
7379 20101
18630 2281
4562 3025
6785 7261
15763 15075
23039 9584
23465 11004
9642 2390
19027 1837
5166 11807
6679 22758
3756 8
11048 12052
18389 18290
3978 795
17063 22886
24848 4849
22311 1791
9556 6487
14986 7426
10535 16342
23306 16874
7187 5414
4870 6560
24782 17735
8269 21777
14689 13326
10122 19178
24763 12209
14071 4911
11224 20881
13843 15112
13367 19204
855 18523
6655 11676
20719 2331
17178 4149
1356 21843
1925 23837
14208 10743
14819 13786
3088 6531
2357 15995
19707 19775
10518 17722
15704 13834
11480 15101
1567 23683
10917 2155
1205 17854
6778 20499
6033 4724
18014 14714
17112 5637
18751 12649
15170 2645
15562 3398
4878 11911
20520 2243
10494 15006
16604 8205
20748 22221
2677 15749
14383 23548
5677 9226
7114 3680
12134 5767
16092 11062
18404 941
23149 18444
14433 4603
18615 9755
23883 1327
3018 10794
3764 17817
21377 6744
5520 22196
772 20717
8 8047
9048 2423
24164 4049
10324 19963
22877 2566
20806 2196
12608 2919
12062 11376
20502 6660
15239 1554
10158 8905
15921 10133
23122 2662
8945 7371
15511 24607
18337 10686
5852 21622
12248 13229
1652 3653
21881 17653
2373 7056
11581 11108
20326 12706
23454 18038
14009 16819
14060 18362
20964 15443
9725 15066
14204 18635
3721 6313
20099 2312
18268 15546
20099 9402
18830 5227
2777 12780
12285 16795
10848 15925
20664 18448
16685 22435
15183 11722
10639 6626
312 6480
1155 19034
3819 22196
13689 14864
4659 7126
16160 21912
20297 1658
9251 23404
6714 10898
9662 8486
16410 16574
23494 11407
4022 16225
3254 2761
24583 23379
12163 8552
16618 5119
7497 13558
13343 21960
724 16717
8149 24824
3942 431
15160 3488
7613 2335
19473 695
13678 20223
23222 5242
18902 21960
1216 22432
15574 22610
3713 17806
4764 8761
10819 4090
17332 13852
4388 2174
16078 22229
1212 12864
2827 2666
4205 23521
16534 22997
7967 4669
3439 20046
3875 3086
14554 23542
17789 22206
8857 20373
19792 20747
16952 7974
13596 16519
21181 12537
4389 20196
8826 10442
22827 22440
8762 7797
18515 9514
8180 9364
19521 14627
23491 15021
6689 15842
6414 19021
11274 23859
15011 14597
1851 5164
13556 23658
16606 9408
10706 218
16655 19472
2343 9684
17919 6456
9800 3939
22806 10116
13654 23406
64 20476
19096 21430
5217 23581
14862 18037
18683 10495
22571 3388
8414 4203
3289 19441
1155 9863
19312 13177
23200 3330
2267 21559
11637 18025
20735 6713
17049 2780
17311 2551
13275 11337
10875 18871
7243 12199
4088 24032
15795 3194
24850 5921
13410 18206
3390 4891
6487 15828
12363 16030
5103 19171
17017 18405
17570 20158
14475 17138
2418 7355
10104 3797
24588 7727
2791 14245
21281 2838
12518 17401
20139 2868
5612 16424
14320 22979
6878 9190
4414 24138
3216 6926
1550 13286
15444 21286
18143 2794
15257 17375
13450 11310
17109 3855
3725 16602
16503 11889
1823 11202
6714 7217
19599 11261
13025 586
4718 19072
13425 8104
20501 11478
12953 17679
1708 3673
23508 4097
22090 16158
5306 7722
468 22910
10151 17621
13679 14930
22271 22622
24563 5167
9442 24629
1837 3265
17095 24488
22016 10732
99 6339
22019 1761
9419 16768
3930 15700
3445 230
12224 17654
17462 7806
7888 18780
23703 3411
21726 6957
11714 20558
6851 8804
23148 18730
24005 3218
14257 3688
4895 24338
1123 8882
10423 10882
17430 19230
10259 19819
24828 16617
3101 22642
17755 7012
3391 6382
18365 11222
14998 3542
22551 13492
20872 7347
3556 8813
20148 20722
152 23697
13944 4396
2449 22078
1170 13243
6124 6605
11155 14034
8202 10955
6590 23788
22031 24567
7422 8628
14770 19341
17517 11506
10314 15935
6524 20050
24579 20464
24686 9744
23932 17355
22308 6945
17315 5549
6333 23753
17536 12687
1572 10406
17656 18122
11182 12452
20606 16208
9315 4121
7182 19763
6399 19088
20051 23799
20717 5724
2369 21681
21411 7453
8701 4981
13126 13009
23350 23945
7364 12600
18104 17165
1778 7478
4464 17569
19096 9877
6852 8224
12589 14647
584 10387
16036 4420
5209 2639
1184 5427
16646 8401
17861 10390
13941 14655
3693 15885
15472 1983
7123 6243
22666 20625
23603 4096
20946 18649
14789 23123
23542 4903
12528 5139
15594 2991
8040 5914
4822 4072
16583 4445
19410 16690
2762 12199
8570 12675
13796 22266
6460 9956
9065 2037
17714 4076
5682 994
20289 19138
10599 7535
13756 3656
18425 10324
9775 18528
14083 23756
11951 2210
11138 5634
13194 734
2659 15197
12598 5584
4476 17520
900 21366
11201 1452
18013 1110
16901 15429
21733 24598
3567 18346
10510 14552
4919 14599
5118 21224
17063 24387
2687 6813
20535 15379
809 23170
5005 10730
18254 22492
9401 20537
6103 16600
18833 19724
11553 7654
14459 24393
5260 7429
18548 24021
13293 10431
13213 5155
9292 24279
5349 11299
2604 5997
22142 8709
22771 19119
24739 20937
5309 6796
16444 20967
3056 14645
4158 15445
6359 20583
7486 14237
16969 14256
2227 17121
23358 22442
6910 20606
23041 5473
23992 12148
10852 1541
19514 20552
2640 16652
23839 24063
20909 21605
16694 22804
136 24394
21463 15446
4542 10568
18496 13515
1942 1569
9305 22118
1154 9330
24754 15588
4187 4827
19607 3783
19858 13716
23821 17369
1805 16201
1686 151
14272 3490
1177 24891
15091 6711
19309 4089
2214 3159
12485 16242
322 2011
6990 22184
1680 16206
22154 1521
23102 1031
24039 8817
7582 7915
15362 1054
10689 16193
5781 10146
24879 22794
13630 23127
21071 5429
24021 18419
3675 12681
24177 910
15692 2506
24391 6352
661 1296
10852 21440
8271 16884
13646 14998
24244 5924
13112 21709
11102 1055
18655 22525
21145 16080
2962 12070
7556 6321
20644 16323
6567 8467
17352 9577
798 1832
12717 18326
8149 4391
11843 16487
7786 19206
20984 5811
9861 10304
18917 13521
14137 20046
20344 23386
6754 13891
10246 11543
5097 19025
5918 14330
13074 18191
14421 4529
22547 4956
11985 5581
1138 2839
12586 20588
22062 17072
16332 23260
16506 17634
15944 8971
13967 9548
12473 12345
4686 15820
8242 11501
12745 24144
21804 24095
22009 6628
21466 12616
15853 22587
21862 50
11377 1416
24197 22858
4755 16673
10499 9257
14584 10684
15955 23803
10001 10441
18003 9780
8554 8883
5256 19813
18584 19854
19527 11621
20786 4491
20137 3179
7495 4109
3548 12558
21345 7078
4793 19036
18400 17180
18346 15223
16514 17350
6868 12349
14557 7405
18624 15725
8361 24411
7958 14981
282 7441
783 4425
3194 14955
6407 16304
4195 19724
8214 24886
21064 11531
17976 1051
12583 12045
3974 279
20068 17802
1138 8414
18122 3091
22270 9270
8060 9781
19058 23421
7595 5480
6978 20070
2506 11027
18399 3076
8197 9606
654 3233
20571 114
18184 22664
13466 17501
2479 24515
11600 126
6216 3653
8132 17618
24293 7612
18898 20286
22137 18432
22470 24728
4253 1212
2355 11653
3765 6004
3059 22206
13958 19805
17289 10041
10829 16958
18242 6511
15766 20322
18275 16079
4396 6810
321 5954
18828 11187
6365 11216
8707 17562
6133 13948
8481 11737
3621 7802
24720 222
6815 24779
5136 9823
9131 19695
14400 19219
11485 2889
3552 5078
15265 10887
14648 13957
24768 9689
23374 14373
18080 21766
5545 16294
11187 837
24125 6959
7132 5094
8730 19616
565 12931
24081 24214
9209 9671
23940 12426
2980 24514
24030 17158
6075 21972
15994 681
11096 22563
11492 5530
9525 3677
8692 9826
20570 13982
11342 8740
23052 19319
17062 22658
12579 3806
16458 21497
14629 23370
12952 11636
19558 21626
5599 21490
8552 6670
21767 3270
6307 16701
16492 139
21367 21730
2700 16130
7702 18657
23265 4007
18178 6854
13466 1914
20910 8839
20448 9711
4140 10738
12921 15477
24887 17494
8103 23696
3052 15880
10953 21881
10581 19120
22100 7882
13021 12266
18177 23253
3504 10039
6796 10369
16775 1961
905 21644
10248 10774
20086 2390
14559 22752
14012 11508
3871 3416
7418 3707
2885 20992
6268 7217
14068 3532
3947 18687
16284 14640
15882 7198
14670 13845
8239 3856
12581 11966
3305 3004
16964 26
17331 2529
4050 5489
19647 17776
359 23169
24781 4918
13963 17744
12767 10435
7525 23288
4537 472
22135 20941
4625 20852
9967 3068
10792 8169
17755 16856
19088 20378
5222 13788
24389 22069
19136 14447
16659 18759
1847 20742
18566 18203
2678 10282
6800 24725
9299 24373
14566 7578
17281 5947
12925 10176
14278 18960
16186 20498
21507 4906
22539 2981
905 19442
2628 19586
13391 20708
17048 13552
3229 22090
12404 24733
11278 19146
1923 8808
3327 1050
10759 794
9612 14252
14876 18994
17670 23843
17804 19722
4871 19802
3264 4377
11516 9898
19964 427
23195 19766
23230 9107
23136 7931
7270 11555
12611 3340
13530 23123
12980 2828
4841 17335
24429 3689
20726 19180
336 13219
23705 1263
11425 7272
4151 21849
2315 21611
8763 7746
6191 19634
6693 17666
23847 1383
18777 12356
23127 16226
17722 24011
3034 8911
18682 17488
20307 24565
9772 4419
9442 10026
1589 18474
9507 19540
4398 9568
21542 20296
10921 3165
1760 20836
7631 20923
5478 20637
2862 10116
1675 9803
20732 2491
18366 8248
12638 67
3711 10852
21618 17896
7923 18507
1261 3747
13265 11160
2702 19405
8842 14167
22411 10887
19632 2182
21782 20893
8020 18296
21756 21658
2067 320
23106 13929
23372 10781
6711 2385
22663 14671
21843 24286
8923 3660
21202 21517
20216 18188
6167 9082
11531 3623
6969 4486
5592 10837
7662 6021
7616 12470
7876 6130
23302 10542
3904 7990
9474 16222
3584 15856
4242 4193
7543 12565
11901 24512
24723 10155
4225 15889
4697 18737
11713 15156
7529 11126
2492 5572
13924 7835
14127 6852
23695 20452
8194 17407
2908 5221
4062 14699
11244 17566
5175 5529
21757 20957
11677 15727
23237 7559
23446 22191
6905 1059
11086 2836
19792 23723
23924 23658
14612 8623
4370 15080
11124 733
1816 23755
1438 16633
10100 3299
3968 1859
4218 23470
11856 11650
6331 13103
58 19272
23558 11671
15993 16242
24670 12781
23101 6508
22551 5138
7114 18961
940 19102
22240 6408
6422 309
305 21709
10179 9486
9739 18605
16128 782
4266 16047
19378 9746
20516 9008
22615 11309
3117 23308
11475 5133
6362 18459
17004 13513
11920 10767
7546 11192
16840 18594
3509 12806
7943 6627
11929 21438
1738 12436
14040 15199
4772 579
11675 2045
17326 19656
14685 5286
7135 2172
2393 22581
18002 21516
19360 24079
11151 5193
15430 18208
7812 22687
10970 8007
9481 11111
424 19077
5595 11125
18370 14480
17980 1871
13971 2123
14698 22639
24617 14329
844 20194
24766 308
18515 4101
6079 10271
14105 12331
11215 13027
17239 10095
8701 8003
23271 20258
13257 3719
14128 7067
24345 5355
9294 24238
244 12321
5041 13433
12550 22925
21789 5093
19505 6502
5452 20057
10669 1784
7858 2395
10872 2372
10761 13387
13053 24305
18193 23190
24295 21898
15086 24446
7815 21650
14264 10569
1751 14832
9138 7631
3488 12467
11142 10046
6967 4816
23567 6112
21441 6975
2816 4081
20200 4705
689 22772
21872 1191
20355 17819
6102 13642
6823 9763
8842 7983
8289 22854
14935 20228
7774 9082
19869 15976
2783 20119
3779 19855
1979 12517
2078 17972
4131 18845
10431 16980
5115 3002
22433 297
11932 16702
8682 1093
6077 115
24440 10179
5742 13866
14264 3441
2539 4568
14710 8711
13386 16349
5623 23479
14323 12652
6261 2416
19738 7275
24700 9995
1790 22007
16506 1971
11281 7737
348 16183
4189 1008
1322 5543
3716 22516
5092 13985
10115 19641
12326 10892
4364 8328
5511 13560
18106 15
4242 21808
3813 11194
13027 17355
6575 10541
13772 2542
22369 9967
6383 15066
15020 24599
18985 2463
22600 531
22488 6626
2192 8028
17080 20938
2574 22582
16351 5745
17537 17470
2987 7179
12099 10440
17761 13688
23454 10125
15513 20712
14006 16220
12470 23301
9770 15261
9503 11799
23239 15012
19139 20021
4898 17130
14777 22104
3460 14080
17760 21456
8779 4943
13951 9230
20630 13054
10523 21542
17199 4944
7845 609
13582 7032
6554 7112
9981 17961
5154 13937
2048 17669
13717 13758
20049 17209
1181 16772
17155 15311
1250 1330
23776 11200
21895 12505
3001 11930
15039 4847
6339 21947
19359 12301
8637 4157
21719 17383
15815 9800
4929 3274
9812 15235
8151 24191
13781 23169
24255 1902
12095 5050
20226 12825
9452 22656
17049 10081
8019 23068
16030 14828
21958 12357
5786 13139
4740 12011
9912 11157
18792 14032
2657 10026
20248 1180
22200 17054
22998 19020
21825 20783
11266 23140
6699 1851
23833 6644
24049 15653
8257 18057
13879 21232
8772 8560
9066 2591
2514 18879
4563 8936
12935 5971
24632 7751
6223 19677
15478 10006
20757 13336
23199 22801
19329 18293
20112 8351
14659 15156
12712 7885
22885 1557
13701 17555
20440 4769
10726 7181
5624 12938
9808 13292
3895 14520
21233 5079
24734 18092
12104 23606
4932 18983
14428 13539
15649 11321
4798 8137
18057 24028
10523 1754
11718 796
2208 10177
14397 6561
23118 21686
13516 7041
15230 5596
23603 152
21394 3312
20634 7874
11478 19882
264 6092
23293 9380
2563 7372
22123 24395
6202 14348
20985 8891
18350 8565
14698 6345
12728 13234
3575 17669
21843 5538
12492 21508
20879 24859
19599 16059
24100 17438
15851 19799
22154 6977
1096 18115
12480 11411
17159 5737
13326 18558
9921 10437
8497 6617
2876 6147
15419 22585
15137 10858
3857 23281
4267 23036
11727 1230
21085 22605
2660 14781
5087 8662
16041 9278
8556 17176
20702 16042
1453 19706
17049 22723
5173 8814
11862 11928
9579 650
7920 23610
3605 15188
5532 1284
5741 14784
24267 6561
21762 2818
8360 2828
10106 13084
15065 10200
514 6217
13348 23127
9553 11214
24539 344
4650 23038
5835 17945
16120 17457
16185 12482
1364 16186
23151 17531
9058 6024
4154 19195
16899 2111
23576 15688
23271 4615
18064 3376
1818 21231
22639 10000
11206 14862
1773 13352
5484 5184
6652 18618
6801 9930
7417 5769
13585 21126
21574 7843
5976 6177
7005 23580
22019 22077
18485 1568
4376 12190
7155 24687
21141 17229
1290 6824
4343 23762
2626 16193
22413 770
10434 7148
10183 12670
11735 1629
8969 16504
10805 15722
23034 7124
7960 18821
16906 1862
9821 23694
3659 13186
6120 14528
17662 12462
2850 17892
14371 16032
4398 11805
18784 296
22726 9488
14294 24187
13925 3150
5656 22157
719 4792
4971 15867
15170 8545
19098 5150
8796 4045
5236 6753
4704 7975
9644 6735
12476 15223
4178 3170
11878 4651
3785 24558
8847 18914
5789 24901
4244 19739
613 17728
6090 20777
10241 22037
650 12920
5636 5560
14011 21131
5524 17513
23975 15712
1519 3426
4806 4581
9043 4007
15788 11074
6857 655
16654 4693
15379 22395
791 15784
21993 21772
3876 14101
19227 22800
7589 17722
12674 23173
15382 24764
11008 11714
24603 13968
2523 5725
9398 4091
24024 11897
461 5786
12549 20963
19775 15843
24375 8039
6364 10966
23975 15833
1523 628
17170 24027
6732 12939
4885 19404
16829 13297
16048 22940
5359 22521
19197 4648
5363 6196
17415 19544
18577 14437
16000 9128
22166 6805
17327 22964
9634 16009
15243 16850
16064 6031
18367 9639
9110 1859
5878 10699
20149 22707
1129 8172
23190 8445
304 8998
13145 22915
12140 12105
20992 5756
2443 11372
1850 20657
13834 16572
14264 8986
3477 12611
19661 20710
4794 3393
7640 24053
13837 8769
14711 1160
2048 6119
4426 9907
10552 13173
163 4830
7387 5299
21467 7302
9901 4581
4254 16625
22365 23844
3542 22804
7228 7606
5589 13017
23563 22137
172 24620
6491 18896
24032 1153
20454 7370
8444 18636
2992 23420
19551 23552
11838 24841
19378 6362
6396 17432
24580 11166
10032 6577
14712 7433
6065 5663
2716 5616
7408 21164
18311 17305
895 6935
13210 9960
24574 19902
20970 7142
15652 17296
12535 6115
17233 683
4574 16836
5014 23524
16241 17956
5196 3938
15221 6263
23785 5863
12864 4304
3665 1978
13237 236
6034 464
169 4850
24190 18829
12175 23335
17242 21004
20781 10100
9664 11821
2224 23031
24306 21255
6319 862
14466 5543
13699 3793
1512 23914
23830 5196
11826 672
1684 19819
15210 21236
22605 18326
1356 13687
7705 4804
22831 882
290 3684
2204 4399
1673 153
1046 6587
1597 21248
18504 16694
18233 14919
23346 24367
20264 461
9005 8557
10683 10456
12373 16876
5837 17976
21228 4674
6442 15426
1973 6946
13942 29
23019 11671
11148 729
21855 13668
1029 23392
5296 24418
23693 15556
21745 10535
23691 7639
21594 5527
22713 7957
23688 7484
19853 10927
4777 5136
7353 16816
1356 1686
9070 17740
4456 2606
13771 21996
20926 12194
15960 6026
24240 18699
20675 14647
4386 14784
23199 1550
12280 9077
20897 14202
19402 12833
23329 24111
21241 23280
19338 19493
16719 8409
4158 15600
16352 16200
22383 22841
10557 2108
3172 19441
150 13602
23733 4724
1452 21517
3124 24505
2307 3192
6371 18268
18861 7410
3378 10915
15932 15205
20346 14364
21205 15257
2401 19680
8630 4608
24866 13733
10871 5681
1031 12304
10246 14080
23133 19891
17652 5846
18895 6734
19738 2844
14307 5244
2078 4537
9917 6213
21289 2424
21642 4677
12494 19515
3401 14281
3215 5560
4305 17577
22605 6796
6088 1971
16483 12231
2098 6437
837 6287
5596 5826
13648 22805
6301 5907
1541 15416
16164 8133
9439 666
21439 3387
13221 12646
7186 12716
5167 21024
11559 22540
24355 6850
15804 10221
5704 14404
5989 16868
20598 1050
12162 16911
13600 18600
14597 4380
1429 24628
1495 15305
12900 20998
13813 6141
19874 15285
23268 19684
10947 3847
24724 3714
4960 10459
16211 19621
7823 19014
12344 10917
20849 19391
12671 13032
3923 19093
343 540
16982 17777
9325 4100
20907 13590
4298 14540
19135 19906
18594 9114
10604 23106
7067 18887
15676 18150
3584 3268
676 6756
10318 11229
15032 15455
9409 7217
19643 14454
10222 16216
16804 14329
4286 16637
6357 15084
2479 24307
17659 14614
15498 15748
2463 14914
9526 13251
17855 6681
346 5425
19673 9494
20750 24610
10616 5940
3043 18872
7415 7677
14194 18004
7532 9394
12878 17015
3538 1058
6806 7224
16598 14116
2454 13818
3529 5296
16273 12519
5714 4402
23934 15729
6033 10126
16804 22443
13038 18401
23014 15580
19990 426
16785 3096
10961 20877
23121 2874
127 218
6810 8771
8922 9959
7513 18313
19935 19149
17587 14715
18784 6744
9360 14242
3237 22013
15904 11834
5987 20977
5762 16200
17155 4886
19256 18488
6883 7528
20172 23707
22187 12051
22540 19637
16967 225
8256 18887
7055 14581
7222 22980
6886 6407
18401 9342
19589 3995
16224 11817
8355 6326
2383 7090
2237 620
19164 325
22020 7709
5025 8178
12539 5368
404 22232
11524 19274
21312 2747
18612 6264
1830 9092
22271 5750
21606 12270
12593 12429
3737 7553
12732 12593
10404 23789
7246 16140
19022 16227
18540 18927
10121 10260
5028 7960
2545 7008
12719 12016
23260 11188
19289 22169
10900 22192
13800 20161
22094 19937
19461 12073
18510 8467
11582 20154
23338 10878
24781 24331
19520 22330
3175 5045
23776 14487
6297 24414
7573 20146
1081 11081
7774 10602
15015 6236
13720 23960
4167 22683
2727 9730
18909 17374
14267 1089
16825 13475
21199 7457
1063 8174
11647 22620
5943 9958
2627 20525
7725 24072
18620 5571
15638 24120
22591 5552
24319 4908
800 15119
15552 5394
14568 21582
3927 23375
12907 6824
2118 6009
16456 24194
9544 5301
17228 23807
5977 15203
21910 19074
4101 12422
126 5231
4315 24768
17881 9554
17558 4
16789 19564
18039 3346
9670 13864
18605 22825
7620 20644
5146 3233
8936 11919
9052 19858
18134 19533
18766 2399
1072 20803
2504 14159
8976 12400
19030 15655
12835 14275
21273 10767
8292 4534
18290 19408
20946 15476
10550 18528
7320 12660
20504 23353
23349 18039
15581 2954
11070 7160
16049 8392
23662 9905
21988 20017
388 9001
12144 8127
7369 10795
20239 10775
6994 22289
3365 13377
24639 13005
15772 24887
12791 21035
24715 23086
10522 22078
9409 19728
2815 16128
1461 16684
10047 12925
19128 2872
19146 21320
13621 18194
23265 24205
613 17377
2897 17100
6812 24877
20750 20268
11199 18506
17887 5031
11282 23150
7584 1078
918 14980
5888 851
22964 190
2040 11786
22981 11879
10311 14288
19825 819
16850 17723
322 21865
861 15232
9481 19459
1597 370
4072 2779
2110 14361
20834 9012
17638 11093
12037 3282
18343 21382
19279 8086
3338 14977
21352 20723
11314 19511
21187 6655
23943 20597
17836 3795
7165 3839
11291 20696
16696 7578
15679 4750
12952 4112
989 17196
16487 12508
10723 9249
427 24137
18415 20211
15062 8494
20425 4010
8430 4373
2992 16411
1133 15403
3330 1094
3421 8860
10184 978
11475 18009
22798 14507
21895 218
23541 15720
24401 22765
24458 8481
13256 9563
5582 1804
16443 7662
16915 3945
8041 18003
14341 19436
14645 15646
24288 12536
14817 5401
23647 7515
21531 3733
11515 12568
16134 1659
6001 4762
13413 18937
20945 6870
983 3422
16687 4352
14618 18926
17920 15780
17007 6428
16236 14624
22577 6258
631 17120
24049 24384
1438 2919
21080 23804
9446 8754
18852 18383
15879 6887
2028 18362
22399 6108
3502 9171
13951 2927
6907 1342
2117 15667
21380 22375
21559 6131
10777 9642
8184 24854
17994 3427
10310 6091
15293 22340
1690 24495
11966 24001
22767 7708
16754 19137
4037 4532
8320 16757
8928 7637
3398 7514
1318 11791
20452 23947
1817 12378
11894 22966
6666 20059
4249 14739
13147 2170
4052 2296
12227 5468
23695 22063
14365 13884
5340 10362
1238 4299
18754 5222
24267 14003
21644 9630
4346 4994
10042 21179
17285 16414
1375 15299
18207 13720
5708 21640
17470 20660
6224 19341
6988 6002
23980 15370
7383 20761
22077 8285
6759 1420
2584 1560
22255 8700
15006 21235
7651 24633
19694 22849
8974 5101
19377 14282
17411 459
22672 623
7372 21654
13520 10795
12916 1232
13465 242
17063 2113
10496 20716
43 15915
18678 18036
2003 21930
16186 8750
11914 964
22218 9986
11602 16153
7539 14448
23092 15883
10483 19959
22116 21495
4751 17852
21115 1493
2390 23242
12120 8122
16084 10917
10538 11035
11202 17760
10008 15156
6582 3980
19392 13363
19859 11666
14726 23931
21976 6553
1444 2840
1282 23078
8829 13614
23961 12890
5384 19341
21415 5848
17411 5275
14794 19901
10974 16971
6576 558
5245 24107
4294 21404
22970 17290
22386 21620
3678 3236
22085 3427
19281 15109
3294 2307
17504 664
2593 16669
3441 1194
2573 481
17717 628
6597 17470
15708 16565
24458 6233
520 19609
694 19874
19624 3024
5795 24546
7134 14556
15614 21482
10029 23329
16918 1442
23238 17491
18069 20794
14884 11959
3165 22843
7963 5749
21657 16464
6734 22664
16007 18560
21820 20283
12976 7531
19248 11871
18765 16067
14510 14112
227 2624
14933 20073
18553 9243
15535 1339
14312 621
4411 10446
19530 20745
24775 3437
15064 22362
991 625
19317 20372
4257 9076
8107 4975
4918 11711
5304 8894
21188 12952
4736 15692
11287 3938
20127 4376
17241 7586
21971 24472
1501 12103
18027 947
3907 13509
11721 13026
5873 16449
6662 17692
18869 9106
4637 13125
1494 13412
360 4815
15985 12771
21657 17753
9222 12102
23106 17614
9396 5988
3832 16489
5083 3497
6038 9468
12907 14993
19795 12395
8518 6393
20888 22760
4047 2041
10641 24480
10237 6836
22297 1345
13906 13422
23818 12157
11045 8354
18817 3933
8032 14492
4573 15971
9022 9951
3170 21250
16091 5325
20924 18926
9563 21153
21007 5863
19584 13379
23921 23546
21260 4094
24747 90
19771 20933
4989 6729
16235 16450
14681 7038
17363 21934
16963 8903
12971 23537
18832 5000
40 23132
22583 22734
14236 14272
24512 2258
17720 22500
895 11897
16702 9127
5816 11647
7725 727
6427 19794
24248 19855
4361 18536
19024 10948
9501 4855
17216 7133
9723 13004
21134 16642
9798 12540
2670 259
23098 20067
17893 1868
19329 4759
6848 14274
5039 23066
6171 24383
4636 24110
24362 220
13701 13555
24006 1488
7690 7795
9385 10650
16164 16547
20349 16866
6469 24571
19321 13800
15569 8524
7618 21919
24733 9846
21300 10294
23657 23822
23301 7859
2814 22611
14015 21335
20921 7494
20968 107
20094 5501
8181 18506
13645 22519
13673 23521
2832 12982
19048 10523
16428 24586
21274 11553
9335 22205
7078 7947
3665 1054
6371 13189
5805 20771
15796 4078
16914 11876
2860 19465
7690 7916
424 360
3874 5185
21706 5999
18936 13027
2877 16107
12546 21500
5273 2336
714 19303
14469 24515
21514 13233
13391 3018
19197 17534
10973 20068
14934 17790
23029 6883
15019 23490
17573 23748
12860 23947
11527 20096
11117 15768
8770 21767
10108 20263
18310 8436
11083 19976
7037 3048
24698 5106
9763 12043
17971 5592
22083 7913
7469 4282
7284 11061
15128 15296
22709 18663
3915 1551
23868 13810
8740 22238
2408 4674
11888 6116
1026 21496
6336 17903
18747 1648
5298 17533
19400 5411
18806 16601
22464 15597
13157 7667
15025 11384
19320 3761
2306 2002
18733 6445
19737 21540
14944 24785
1210 14788
8320 15235
9490 3338
8171 19493
24511 4763
12995 18865
11906 5203
24031 24426
7254 5498
6707 13093
20967 12174
2249 750
7206 10445
19478 21810
15138 11266
21184 539
16013 11380
13805 15737
12603 6219
846 1944
2816 11679
1016 8771
22945 6902
6655 16694
12076 5390
11748 16550
12597 18073
1830 2459
9274 228
7698 16770
16775 3486
2031 15021
271 1569
24527 1859
4705 5890
6454 23650
24082 9322
1866 23292
5672 3872
9792 23050
16264 3355
14050 7403
35 5758
23706 24234
18078 17309
7887 17990
24701 10090
3529 16288
10348 19332
15543 11737
14599 4958
6308 1989
964 22064
15598 16139
6646 3296
5338 7086
5331 5915
5892 2047
5233 15063
6949 20452
13142 4869
6587 2572
7254 24206
12069 22477
11393 20091
2471 4833
22460 14385
13038 13070
7627 24042
8393 13224
15964 5615
5656 9912
14348 17017
23072 18067
3721 1038
19000 8994
4707 20322
7776 17642
18005 24535
2709 16526
6980 6560
7062 15755
2291 5167
16404 17492
5838 21036
22955 22442
1803 474
11859 18587
12291 23577
4132 15920
2533 499
15696 20703
856 11891
24223 5
21847 1102
2789 22153
11683 20576
21988 22015
3894 6743
22137 20683
7098 18566
11794 19918
5080 24475
5578 1074
24524 17609
15695 22693
6063 5927
4095 22948
3999 11869
9778 19866
5394 6506
1593 3898
24051 9203
23802 19839
23626 13606
711 17430
10195 19251
22101 12623
18656 2251
12276 975
24640 3676
16562 24386
2512 20648
23762 18082
4931 13771
24629 21868
8628 21097
2501 12682
5756 21990
4942 8596
5326 3863
18426 24834
20420 632
19509 17973
316 21223
15080 21086
13917 6455
5520 16237
4798 7356
20063 1148
13495 20955
19756 13420
16929 21146
12217 23147
19272 4856
17869 5260
11289 22612
1617 9071
7317 24280
20954 14947
10180 18691
3428 12439
7206 4032
24186 6781
15226 23805
6458 8419
13554 14252
11153 8989
10818 14252
4683 8048
15709 10038
8669 20352
13499 3848
2178 10837
15277 13004
2717 8491
15372 2167
2219 23032
12965 20538
13296 1161
8702 12392
21968 19691
18390 11648
9705 6654
3121 19951
17420 5405
18417 7846
3471 7152
4922 9763
2923 23270
8696 13400
19841 12309
11238 19542
11766 2808
23715 17870
5261 23229
14792 8129
7221 3989
16504 1619
11182 7861
21373 21818
22519 13499
23405 18696
18692 1225
17736 5912
20373 7739
9871 3540
21045 17177
9282 15977
20780 20815
21508 21366
18643 10637
11850 412
5505 18076
2128 260
4469 16849
17364 7846
23342 22468
21984 9139
8132 11493
20345 13275
5551 12795
4832 14048
24268 24174
10075 18767
17215 12741
10489 15258
21472 12936
6629 21231
18159 24152
1900 289
20705 12126
1330 24079
24121 15152
2584 6025
7009 4519
18596 15522
15468 656
6879 16567
8072 19557
13218 11017
13211 15408
14502 11794
13372 495
21167 15683
22482 14641
24586 4634
22493 6657
2094 14648
3929 18417
3886 21753
23508 7080
16609 22995
13014 8743
6419 5593
20756 15474
6963 961
2443 14164
5505 13623
2971 7867
22768 24425
17466 4716
23593 2285
9556 14387
7495 3222
22435 3719
24397 14948
12496 13103
7246 16747
6599 24627
5572 10909
10784 18301
22811 20185
13639 14844
2664 1416
5480 2949
23737 8602
22756 2084
9802 6949
13124 12034
10962 16587
9378 12171
11515 23066
8426 8835
14228 18622
22162 17152
18135 1320
5933 14451
15767 3324
17002 15054
3558 13298
7021 6685
8598 7715
18387 22595
1378 23166
12944 14138
23969 6629
9639 2757
13134 5259
17389 23838
12682 21228
19719 3706
11402 8227
21671 7645
21188 10795
6712 11973
8984 23062
10268 11187
21676 24613
21367 11175
6478 1189
12655 12085
5730 19497
11585 1029
12728 4836
12219 3418
19957 14954
19633 484
16939 14332
14773 19360
22080 1662
11303 20564
16157 15645
11690 9978
18281 20483
1388 19688
4787 13994
12453 9183
6185 6162
720 6348
20130 12172
7637 1333
22123 21631
24887 5892
24295 22870
2379 6922
23860 17280
11132 6309
23844 9199
19333 5332
2199 1213
3547 4220
12719 12865
14116 19849
7539 1026
13729 6083
20603 23323
22426 15289
4204 24003
24477 12409
15769 229
21723 24406
2916 22667
16923 5469
23511 4745
7272 12925
14066 1683
15850 21765
11554 20941
16691 13076
18777 21445
24298 11211
1161 3817
8669 12447
7216 8451
1289 11730
17025 14907
20325 18396
2347 6682
8587 17252
5188 17613
19566 18981
15780 2458
16055 24534
20961 17819
1235 13565
1455 13339
10632 22179
5695 22899
12673 24884
22760 18553
24343 1455
3971 12747
15919 15341
6621 22390
12441 5021
14170 12478
17444 14746
22946 18005
3944 23904
21525 15273
12847 9235
15478 7870
12245 24442
12563 7261
9738 19872
1091 16970
17730 12107
18594 19909
3254 14417
20517 1425
378 10618
22889 11091
15888 2112
16118 22725
686 11637
11236 192
18268 12685
21347 11596
16360 12953
19659 22713
20658 2712
13935 459
2153 4313
4378 3721
13987 14204
24801 22956
6862 1025
12664 22332
15481 13250
7198 3046
11555 1522
20704 6391
19023 8767
17374 399
15261 18988
16391 9270
9540 18431
18227 19828
4516 21743
7047 1830
9893 14125
21794 4184
11081 7758
14756 24859
3323 265
19549 6338
13452 11192
17710 14879
8349 5135
16913 6987
4651 1493
17859 14858
21140 23401
22780 24896
4663 16285
24224 3588
9109 21466
20813 4698
9463 19766
12525 22294
13643 12422
1296 6884
16354 1632
7922 1019
14615 7105
17606 18061
3083 20290
5045 8250
12637 9789
7070 14394
5592 14655
8037 13163
19804 20075
24107 15462
16168 3985
21579 11815
1855 24783
22274 7502
20771 15434
12256 21617
6291 5616
9251 21194
5797 23309
24546 24140
4360 5114
7430 8778
13094 3468
6106 24675
20454 24394
6728 7985
14099 16838
17573 2693
23103 21240
23898 24858
15511 7772
8327 2092
14410 1604
22841 6273
14793 17026
11608 13524
250 20137
2369 3806
2216 8439
7189 2192
5627 10267
16601 7780
4328 2457
7963 16453
7916 17424
2808 7676
10038 5336
7007 15627
17410 8709
10330 18425
3110 399
5784 22939
7310 21406
11943 5822
8806 12419
24450 6882
6909 8904
9168 3875
24830 19855
14643 16714
8308 15669
20187 10027
13647 18821
3104 21149
3073 17635
20120 5507
15420 19789
7339 19599
16473 15300
105 22649
1696 14043
22207 21834
24335 2879
4380 1542
17193 2974
685 3302
2455 23220
18642 19539
22893 23479
19749 5865
14900 18972
17128 16957
17541 9807
12833 21053
11889 1622
24617 90
2999 16001
21699 10029
6802 10656
2890 12796
11033 13306
21811 3525
8256 6511
9506 10556
8379 2789
7372 4096
24282 9261
2163 7363
4356 17027
734 11272
13645 7906
21506 6452
6743 10426
14885 683
16708 23991
22724 17226
2039 4932
6954 21226
24490 21978
2761 21169
15898 20330
284 12649
11019 8568
3604 14655
11295 12524
7967 8070
5997 18077
20053 5988
8738 12117
21835 5989
11061 8421
22611 15664
24234 20862
14485 17309
12930 11837
8942 5796
22500 4164
20766 15314
5450 4883
7306 24130
20146 7872
10326 21823
19770 3686
3487 2591
17237 19357
18936 9381
7714 13752
17152 18346
722 13526
18101 5318
21457 9462
4136 11487
13212 22410
6944 18157
16426 4476
16962 16156
17546 13812
20482 14215
5319 6470
7808 6333
2442 2855
22554 13301
7170 5408
12634 11407
8206 19440
22470 8054
19256 8955
16297 17050
1936 16229
24289 16982
1858 23894
24117 697
4352 16782
12772 10739
22410 13372
9577 19201
8321 3476
17626 19555
24214 3073
20020 13817
15191 13247
20443 673
14891 15844
18619 11372
7196 7796
3675 8397
13892 18354
11915 21900
9435 13375
21291 13342
6884 3774
18671 5268
7428 14046
7925 23254
22430 13243
17282 21965
4421 23233
20436 17523
4831 1031
19240 16450
21810 16387
15254 1559
6091 20698
24163 13208
13857 6732
10096 4871
24716 12746
22895 20481
8018 21352
4749 10940
16314 9123
17727 13986
11885 24888
9242 15024
14903 23703
15800 20916
3911 3690
16490 22037
13257 21756
6191 11107
8365 16328
22699 18327
19620 7667
14188 17570
14724 11543
16485 17083
8454 15731
9133 744
18105 1630
18412 964
22567 5870
15986 2389
22918 6622
7148 24357
3261 283
11511 2051
9665 9235
20914 14272
13237 23620
23618 8919
24799 5811
16009 9691
17457 21565
10586 11012
4618 2621
15481 9392
16040 17263
17434 18809
19881 13571
16019 9970
14020 13906
9363 12811
21898 1430
8964 6649
7713 16672
9174 10580
22413 20077
23659 21379
1546 8938
6062 4847
2493 4468
13327 2724
13491 10789
11932 1442
2969 14934
21554 18509
12393 7170
10743 23534
12799 9515
12448 16082
14606 6046
10823 21577
4947 17699
2322 14943
2748 13245
6344 14481
8300 15830
2597 1147
7715 9398
13856 715
12390 21101
715 21734
12506 13319
18728 21477
11497 15636
17714 11930
22504 3841
21383 6734
18728 13749
14203 6537
14044 22005
7996 22185
3405 18963
8237 21079
24831 4316
518 4309
5950 11179
4445 21774
17277 4987
17059 2321
10901 18728
11451 22695
22420 17878
14241 15459
19322 3907
20322 13290
4037 9117
11889 19888
3454 14431
14271 11286
22156 23924
6827 16821
11736 19300
5684 12722
4122 22029
9871 11424
13879 2805
9773 13216
22134 21541
9250 12129
3180 10335
22330 11653
2912 1953
7415 14447
15684 4745
22229 17120
21123 9525
10802 5926
16323 16746
20405 10291
15419 10103
6980 10992
1587 852
10894 8373
16134 7196
18295 21078
22466 8810
10224 22393
7727 17342
10602 15700
11667 18010
24630 15149
22295 7796
12192 862
2541 22807
19639 18638
9716 3678
18252 4757
360 16415
24554 24315
18398 22518
20025 12666
19377 15340
6631 788
12495 13817
12029 3544
12863 6250
20672 1488
18553 6591
20280 12138
24118 14070
24329 2096
18955 16550
23468 339
18293 21418
12135 8177
22561 15764
4815 2487
5891 15801
16078 4124
9491 6570
11496 2528
23656 18856
7658 15908
20021 13311
19802 4642
23748 1332
15154 22843
11956 22291
18445 3094
7607 21949
20666 12560
11550 20211
3275 9682
705 4269
12209 6112
23822 16938
7066 22305
24690 4065
24816 20011
17471 19481
8253 23
7714 12806
15407 13345
10745 17913
7230 10398
7707 7025
19498 7012
24014 15158
18762 7501
2900 17654
7945 15713
16813 22635
16714 14779
6345 17031
15720 19174
16288 5402
5962 1020
867 13577
22373 85
13915 4704
3311 11074
21116 1397
8121 2814
11076 4691
2110 19191
3831 3116
206 14734
19556 6809
6568 20837
16477 20995
4406 17842
6037 3939
7038 4836
16545 17752
19434 8689
12995 5112
17373 5560
15568 24531
20579 21694
5546 13421
12191 20593
3123 13503
20034 20582
13380 1018
13412 18986
1143 1439
5520 11642
329 12217
16765 3611
18623 8446
134 7548
12869 21596
10673 13355

