5985 753
3550 4396
27 1307
2235 4278
454 4111
1513 510
5489 975
1458 1087
1047 3740
3276 5980
1381 5553
4401 1925
654 2753
1548 1627
3515 4968
3414 5541
194 2597
5286 3230
2093 2756
4488 4827
1730 4412
5181 980
1274 2183
2462 17
2203 3540
5310 2522
3461 4615
2544 4745
2998 2728
2900 4956
4418 805
229 3085
4100 904
1883 2403
3421 2812
5864 5686
355 695
879 5063
3407 2532
4792 2043
3620 4235
255 4400
1438 4770
2635 2043
3949 2833
5623 5116
4150 3744
5269 1168
3099 4734
603 1964
4012 4942
3383 1393
4246 1344
5234 5002
5855 3400
3649 33
853 5284
3201 4116
291 4861
5488 4527
2878 2150
3610 1529
1209 5571
3072 4743
5171 1540
321 3348
2530 2074
4588 4621
851 5243
1475 482
147 3302
1112 5009
2731 2082
4830 609
2809 3313
150 1736
2043 3801
2456 3302
1498 2448
2262 1383
685 4411
4500 5685
5575 2029
712 4337
5479 4941
433 3619
5824 4072
711 1241
145 2160
2834 2853
5453 1523
4413 945
669 1909
2204 242
2171 2796
1765 4472
5422 4168
4866 1070
5540 1271
3004 4841
1977 4907
3185 3074
411 5195
5157 5182
743 3152
3226 1287
1229 4586
4675 1237
2586 2894
3324 4330
1734 2525
766 3284
5158 3951
3624 4460
1973 5049
857 778
202 1759
3536 2608
118 5332
5408 5959
1472 813
2259 3951
1026 3634
5723 4146
472 2303
1408 5505
5464 2830
1447 100
2934 4772
4004 2898
1580 2359
5287 3054
1130 829
118 4761
523 2604
1308 2794
5888 4991
2633 3868
1696 1991
1407 2553
2565 5957
5240 1648
2684 1893
310 1184
3040 2571
1397 2853
2421 2004
4017 5033
148 3760
3877 1575
1302 5352
3307 5422
5047 2537
4954 4533
5297 5848
5921 2912
5487 194
2425 4908
5671 5784
3782 4586
2761 3631
3595 4625
1462 4317
4682 3548
2542 74
2012 3
4281 1849
5639 3054
3702 4598
5781 1835
1894 1457
3953 424
1574 2755
1702 4005
3365 2725
2826 1266
3860 461
3913 1129
3321 979
3186 3253
480 2498
5059 3930
1503 4802
5024 3155
3312 1928
3790 4859
2026 324
2911 1117
1475 5368
5394 5726
766 1292
5065 3201
4577 247
995 5810
4081 559
2422 2075
1058 4069
1529 3273
565 2586
1447 4321
2185 2814
4106 5454
1476 4340
5801 3498
1312 3176
2115 382
862 5191
1022 1784
5821 5133
442 4605
1880 4936
3822 2424
1715 1818
2240 251
4978 4193
1295 585
4919 2319
4270 5418
2704 2686
884 5053
978 1951
784 2095
1449 4453
485 1152
5499 3824
5426 4895
3977 5192
4982 2780
4290 2781
2819 2938
1621 4299
434 441
2175 2369
4408 558
2198 5223
3474 672
447 4032
5046 2135
1615 1470
5191 3393
3240 96
771 3756
2816 5528
5778 1779
5266 5140
4708 5657
3598 2549
5036 2490
4438 5662
3344 5769
1424 74
4257 366
5659 5754
5062 4214
273 3591
5823 4675
4053 4270
3431 431
992 5929
3716 1485
4702 771
4769 5776
2234 4256
2413 951
4506 3596
5556 5768
4184 1748
4616 3956
2265 936
2936 2798
384 4227
2940 2670
3746 3835
1468 372
3984 3636
3883 5957
863 2513
2447 293
284 5973
2899 17
3665 1542
3626 2844
2267 5457
3164 2441
3857 5675
1257 5167
5183 2495
1288 2265
2779 1934
4366 1351
619 4870
475 1577
3637 5361
3102 3369
3495 2159
403 169
1262 1062
3211 3959
3613 4231
5015 1891
3687 1035
2923 1026
3786 5327
3390 4834
5880 100
831 5018
5037 5948
4730 2926
1004 1562
2474 3005
4758 5477
4910 5373
5485 4759
2639 2300
1232 1956
4361 840
426 2228
4916 284
5290 522
4931 5526
5067 4138
4207 2197
1075 1590
2268 5654
2696 4505
4324 665
3079 4395
304 172
4514 4865
5917 1959
2396 299
1605 614
715 3925
2030 5620
2483 5071
2991 2341
4433 2661
496 4390
5926 2547
2187 4520
2898 3300
390 714
4736 4532
1596 5107
5722 4455
1526 600
1364 5633
940 3109
2963 1488
3158 2877
4506 2772
497 1721
5765 5441
476 4160
4913 1298
4628 5348
3341 5186
5616 1315
1833 5177
3826 1044
281 4567
3213 3837
1587 4209
50 5476
854 3562
1398 1987
392 3775
2106 2967
5478 2122
3848 3408
915 1857
12 1275
5972 5650
3905 5794
2100 794
5079 5670
292 2241
3277 950
4489 728
2496 4595
394 1605
2354 2525
3940 805
5468 5567
1589 1657
439 3181
3047 911
4946 3047
5918 300
5646 4051
506 3768
845 1913
5471 1575
4385 5469
1182 3252
737 2218
444 2630
3194 966
3665 5417
1063 4463
978 1130
2154 1965
345 5742
1988 5060
3478 990
4933 2564
3720 4566
546 548
3273 2287
650 4806
5726 3118
2048 998
57 3236
2255 3063
4644 2839
2004 3966
5030 3530
5664 5784
5882 2071
3803 5597
4987 3470
5594 2687
830 1102
3021 130
3550 5435
4446 4391
2530 4170
378 2104
3022 3738
3310 2704
1162 3906
5658 2299
3364 2702
5192 3466
4461 2978
3182 3961
4282 2198
3159 2278
1627 591
2757 141
1703 1898
4245 5690
1844 2422
4047 5315
5658 3350
5192 5402
5699 4443
2600 5145
5730 2054
4242 3186
1506 166
5656 518
5437 1810
5392 4273
5055 4121
690 4747
5813 2982
4838 5920
2681 389
2720 2357
3392 4992
2017 2722
5360 4168
2965 1487
1568 5519
3689 4937
3083 310
5708 839
2354 21
4586 2824
2618 1946
2430 5758
2538 5053
4264 3722
3098 1598
4165 4417
5526 4474
3481 1488
2774 3096
2722 1356
1583 5531
5853 3575
894 3063
4627 1595
663 2227
2232 5531
5721 405
2845 2756
738 5784
4081 1897
1413 1007
5700 2286
234 1839
3929 5174
4767 2737
1856 292
4739 3331
2910 1946
1130 3702
4329 1855
661 334
3117 5115
157 5258
979 2239
1465 1059
5285 3522
5661 1149
2233 1941
4120 3596
4487 2715
2581 2386
5040 1067
1644 4682
482 1298
379 1551
1225 2007
4082 1601
972 4051
884 5488
122 3844
5095 1942
5416 3169
5216 4276
4730 3906
301 832
3783 5771
3283 457
1755 3502
4656 1998
310 1307
1160 3540
4077 884
1961 1868
4832 2062
4551 4187
2497 5155
405 1154
2280 4492
2543 3581
633 2073
605 3570
4466 3908
4931 5585
1747 2289
1310 5973
4744 5350
1133 2804
3563 2343
5034 1796
3720 686
2272 1375
1837 5090
5492 4853
1556 4573
5227 1562
375 1841
2494 2223
48 5885
1031 5502
2025 451
3333 2003
4480 968
529 3705
4269 1184
4174 4339
1146 2868
3566 2461
4603 4336
5831 5450
2635 3696
3441 5099
827 128
3217 5592
5611 4153
5906 3823
1616 5810
699 5284
2850 1634
2378 345
5154 112
2403 1668
3865 1063
411 307
1314 4114
1956 3590
5848 2524
5671 4069
186 3105
3882 3385
4319 3386
1539 4241
716 3014
3599 3173
521 1872
3126 5046
2783 2748
3692 1522
4722 3892
2476 3756
123 2365
3594 2020
5698 4952
4419 2115
840 5682
231 506
1706 5680
3754 1380
2544 363
3883 191
2091 1824
3021 455
431 1452
1147 5582
2513 4851
4774 5088
5858 983
1246 2406
174 4020
2210 2836
5126 3837
358 4604
5228 1490
2488 2292
4823 2097
2673 904
2878 491
599 2204
889 57
2863 3746
123 4319
1721 5161
5389 387
2754 5025
635 2010
4265 4959
2433 2495
1914 3736
222 4553
4903 3913
5690 3618
1560 5319
4052 1535
3364 371
1600 3582
3313 4359
945 5707
104 4710
60 3364
3665 2870
1677 1568
5565 4651
1720 2948
4644 9
706 452
587 3869
3719 4256
5745 3315
257 1281
4928 936
4713 1676
2175 4410
3032 693
859 163
3606 1584
5649 1388
5868 4446
4775 2819
4494 5457
890 2896
799 1191
3514 5656
1436 418
1130 2459
3142 3798
2753 3757
5578 1858
4846 1158
4286 1077
1194 3136
3066 3332
5031 157
99 4190
988 3296
5211 1027
3745 5692
4482 3114
4177 3223
1330 5787
3053 635
3818 819
5804 3765
5382 5195
3957 4806
5404 1269
4406 1511
3989 2534
3881 2452
1060 2274
908 172
259 5752
1627 1180
2062 2667
5909 3247
2224 4297
3923 5981
3219 5874
444 3600
2595 933
1412 5578
3325 4305
2197 4307
1615 4607
4529 1199
3158 5122
4720 3381
541 5595
5140 2265
5675 712
5772 3933
3582 858
5373 3955
5153 743
5317 2306
5307 1893
4907 5962
5886 5779
3057 4136
2313 5506
1987 5094
3759 3492
3061 966
3768 840
699 420
358 3007
2083 390
1064 2248
5087 5385
2236 4504
3661 2300
2029 4965
3914 5747
2343 960
2017 3279
4979 4786
832 2355
1039 4500
4117 4013
514 5191
3347 159
5075 3954
4402 3993
5929 5165
3 3592
464 5873

