70235 7038
31000 23460
37739 19687
56865 12246
12632 18916
15453 26800
45472 11551
29589 62328
44891 53155
10926 32495
32681 55665
25067 46150
37054 43797
45732 15046
37938 30490
34548 31723
17222 66244
53252 29248
32495 29272
13577 33444
44223 10480
30190 34679
56317 51529
40787 2377
26616 14628
11638 19468
44647 52771
45740 59960
61776 14151
6593 47279
19570 65290
29602 36508
28179 21887
4711 6251
23233 54309
24188 3763
53895 50766
1504 546
62521 34391
26746 41812
35669 34520
67290 69061
23169 60188
33471 60506
48441 55024
14471 23403
56780 49667
14594 70048
21640 57370
10892 5223
67674 50863
8823 39725
53219 39943
67831 52015
56194 28817
49221 45686
16652 10359
15872 11416
52182 7722
58897 11203
60651 69200
50699 67948
69548 15647
48870 58826
44950 62045
16595 9717
68497 50620
11794 51996
9924 42873
63997 10109
11914 33604
35608 50751
66801 68041
65971 24429
64964 61724
51772 25772
51989 47169
63568 18226
45782 22961
49938 41381
69259 57076
1916 15095
7204 34051
10488 34297
52170 37014
50750 54249
23682 49650
64667 69960
6160 25155
39290 60963
59889 46767
23253 43794
27459 7132
48863 44139
10464 11430
703 49373
56961 66720
30004 44461
58492 63316
26351 30237
56057 22893
13496 7641
60681 6931
30291 58639
6509 11056
23155 50146
10514 7881
52493 25868
57936 13005
229 55209
18357 10759
13864 47822
27274 5379
67623 47436
16694 357
47936 41483
31462 67653
32268 67982
2405 45083
30767 5735
55055 35928
26515 16846
62341 38703
5338 36700
10469 54016
7087 1476
62723 8940
59593 57604
1670 44341
53677 55496
19039 62592
18264 34451
48303 2178
39846 4739
4588 38050
29683 57426
28344 35659
31699 19836
64292 50043
13301 45214
42081 43303
21716 42885
59980 26845
5003 49525
14106 57921
9404 35733
10751 3232
16650 54422
69004 35591
19984 16582
20242 8246
54895 69136
54980 68951
9138 1992
45545 4876
19711 68367
18946 40685
10998 40908
30602 42433
33445 63662
26463 22159
34207 18871
40035 48718
23907 57031
34922 60732
39077 56333
39669 51778
21302 1150
13879 48321
44524 48810
65691 29436
27758 35144
10747 66293
17537 12793
51028 48809
61650 17089
21144 29759
24281 48237
51952 29717
54774 24765
36463 31830
58884 65212
5921 27598
20112 22873
40942 6883
53335 42630
31211 59227
46802 45047
20783 56814
53849 55454
22179 46806
68769 39763
25375 17892
13311 3783
18578 64559
14822 42774
15845 51503
48552 57380
17100 15249
29557 48537
45832 63777
933 42293
34720 28652
41145 47606
57749 1086
34244 25461
56772 44380
11209 22364
20165 15020
52297 62545
57070 10718
33665 8118
46333 51240
5437 154
35367 61724
61011 44418
4097 41935
2532 11194
38617 17999
9885 50166
41683 11458
31221 28120
29735 24999
22682 64799
5612 61339
10242 64403
20496 31762
19068 28168
18003 65522
35731 1439
69048 43755
31301 53080
69086 69122
47502 36651
58711 6677
50726 31450
25397 21935
36492 40383
18223 25982
38740 35839
6812 62911
14081 65783
2499 42292
37787 17491
40628 45541
7002 22361
30077 55035
9707 2780
6003 67882
58041 7232
47299 55102
61306 60944
37370 28170
16505 5212
58629 48463
26134 24951
41298 52546
65155 11334
41571 41041
44652 54285
30085 60120
29519 15157
47534 34337
12130 21743
64240 108
64273 69454
23680 54586
12501 13284
59954 55665
22958 68601
38094 12413
28267 14310
65970 9308
18514 21340
49277 34882
46817 46602
32796 41350
41948 68856
35176 28129
16696 38391
4185 39283
32116 14944
45252 28895
64494 33185
22003 61332
67428 8701
27604 70195
68817 66048
56407 24618
6052 62781
66164 10355
58392 44281
33719 7107
22299 16189
5632 30115
12074 25624
15953 32173
54060 22336
16658 20850
7301 29570
12793 61417
41455 410
34133 25527
70158 26131
28301 45290
66551 44362
574 27957
20643 63776
64211 21475
21086 14775
32421 44990
27236 38900
4894 28213
5615 22082
43301 48439
55822 30707
54289 26868
16380 61529
60794 30539
32523 70234
54719 15835
62076 56461
15759 5259
47203 22131
29366 9639
892 19958
54534 59129
10383 36047
31768 24251
54779 3956
57338 26658
60605 66416
12064 59456
36699 60417
3962 56354
10815 53124
4011 26674
37874 40641
69299 53070
1020 38694
25705 41233
63953 37492
54020 38734
69092 67531
8165 19542
52834 50888
14016 50275
10371 61835
29737 63946
19651 60479
62003 51650
2843 34802
68070 28300
61679 8664
16372 24804
36988 58281
52785 24995
12766 23231
66325 25672
54190 54434
37197 19666
30555 66914
52508 21159
5901 12986
40793 6938
8770 24590
31943 48451
30072 58580
16261 14477
24004 49019
37100 18952
49680 25249
21374 32412
12945 13151
68305 23191
24206 31073
65113 14317
9189 44027
4238 14261
879 15561
40604 2097
44577 61457
17081 7133
42074 39330
35083 46302
33227 37306
27464 9840
1585 69616
37921 29694
12041 11260
79 41936
36327 23364
63231 69145
50617 29723
55988 33236
36992 8707
19810 6726
27095 66202
55908 56103
31752 12214
21808 32020
34059 7082
57101 32409
34008 9251
47264 27697
63627 16248
51873 65347
34975 69349
59170 13112
4840 35374
43394 19167
15849 41704
48846 39278
68585 30145
44745 9911
6 25569
22574 22491
26725 27247
35593 8456
65427 23218
46657 63771
35375 4032
16177 30552
8287 8085
44792 51205
69220 21328
51569 14210
62633 64570
20875 11799
55945 4037
40269 35142
31182 45938
29668 64706
16682 64551
10164 12831
53974 52781
25180 58729
19089 13233
63618 16949
35022 47691
67653 23479
6125 27325
39838 7053
22824 63043
14539 68865
29151 41569
2223 24441
18041 69536
63417 6463
59244 17867
6756 34897
66483 15612
24968 994
1428 8113
43843 65126
67614 37645
35229 1954
47630 23821
19950 48708
44414 60633
57694 43744
10631 63584
58829 67172
48860 62570
64197 5877
49402 40932
26780 26219
50516 51240
66025 49005
2852 49737
20713 45819
7557 22881
67089 6767
11716 31204
7873 49424
48889 4022
17991 40802
3022 27638
39275 49303
46315 18609
52251 52190
41563 1555
20301 19837
26898 1900
45647 46968
62377 51757
65578 33804
53994 5285
45933 4170
21383 9669
29019 30499
21248 49374
31821 44557
34815 2219
14960 32374
15707 69572
2925 14765
41970 14337
69917 32087
27091 47412
61540 2399
55663 52419
5642 54241
1535 10830
20450 15220
50235 14585
8337 61033
19980 60856
65773 11398
47834 47116
43785 5373
45661 60327
43271 59274
41404 20355
35375 55523
64502 26595
19298 8713
31228 60271
54272 38167
5288 17354
8402 55362
29858 40063
21113 37269
58571 69360
67174 59912
47144 63685
43702 2463
16573 10420
32935 20475
38233 34026
57182 1325
30626 17317
41854 52324
21198 9097
3974 32783
16730 30675
30938 32306
27836 24143
54136 68992
48385 9860
49660 1363
18557 1228
42406 34757
26457 53164
64032 24299
68228 19709
42087 60789
25536 59880
9173 69373
49416 17891
16715 35857
48757 21867
19564 59826
22741 39301
11179 66464
28890 67217
58651 14254
15353 11339
6331 65163
9049 67213
64142 5754
61119 34330
68454 25956
5554 66639
12652 53148
41610 35065
47858 10558
49681 61219
49511 52931
21001 18745
27289 2645
53617 53514
53578 16110
33832 27778
7119 50468
46729 25646
48903 2457
33634 10272
29166 30884
69764 48570
27682 43408
18700 58458
9043 4887
26336 56391
14276 23971
19626 44623
4595 52044
31686 42748
28680 45664
23729 32076
68820 27194
28054 23924
8900 42866
59696 28245
15267 36252
67164 13533
36816 8349
65475 10578
69889 66254
55201 46953
37045 4385
68294 10761
60427 18557
62390 59924
69311 36412
11743 21162
26034 58254
28994 39192
4959 777
13871 44809
21443 9775
38304 23678
55957 62922
38626 53005
27659 60406
27058 54524
33430 69680
68000 25940
41471 46236
22915 40961
56416 35328
10664 2594
32 1812
32472 69684
29549 21859
46834 13644
28252 40625
32772 30497
61254 36328
43378 17226
15540 24494
62045 30670
10212 28972
53037 61946
8949 53479
43144 54444
49819 10268
43117 62834
55799 65207
7225 25347
37533 23521
53663 28049
58310 28579
15517 70159
43287 20090
56757 13390
36864 49440
61904 39604
18926 22078
43372 17919
54875 37653
8154 37531
50759 64840
21698 24364
62680 34577
6845 44431
40682 55191
30039 50638
61528 46793
56027 5263
68466 19057
66684 40747
22722 65933
69038 47741
43978 5957
60575 18767
19235 40108
5899 3468
41859 25554
38983 42809
36032 3745
39708 54059
52381 16490
20668 32870
26850 60734
46053 20036
48674 47817
22100 44544
3313 63428
2475 13805
13941 61701
28002 40947
1251 18268
7261 18550
17221 14967
55504 45515
24439 68266
5767 25633
50215 18807
27946 43159
62010 34485
61393 27346
40105 42229
62169 52679
20313 47823
21335 36702
6285 39451
53405 29190
32181 55614
1068 52805
17879 20578
54969 14336
15646 4462
44297 35389
67695 18243
23738 45951
52333 6582
44862 52810
42402 69189
28813 6476
3004 12832
47738 36723
3414 4365
64079 64331
12076 68638
14649 41519
1174 16061
60433 67560
63228 42998
36440 44869
12510 52062
37484 43858
44188 70104
41057 52838
16096 30015
67136 43862
56522 36075
10288 6270
60333 38053
61410 65970
54362 7376
22832 20494
35982 62865
30980 57943
16358 69541
23970 41224
1939 56780
25804 27766
41196 13117
3791 30315
43554 2059
54666 60044
33026 28984
68308 52404
33990 51133
24540 55461
23377 8522
41823 3308
2596 31049
53095 69418
37152 66931
30807 3583
49870 33306
50820 53534
4990 24115
21856 2670
15638 15685
7352 3606
4884 51423
68502 8970
46019 13620
15169 57988
46124 40963
18158 44030
62944 53293
60618 7673
36920 34851
41114 58996
12655 30454
56473 16143
33252 63460
59432 41704
32061 5576
45632 60809
67105 32322
5926 4565
57154 55875
54180 12700
3400 22310
7337 6465
18382 58798
49421 57191
3438 70079
16544 45426
68342 59854
55066 54756
38081 34667
43455 11582
67326 13608
7508 64791
29435 49077
53695 12254
347 39272
34352 39588
49364 36254
7826 63272
1453 10213
16442 29176
16437 56159
9202 49902
42921 14398
68219 67610
44563 1938
45477 28925
56103 29367
6147 40215
35347 3723
58480 68802
12472 20092
10687 35923
69010 65106
468 35310
34770 39296
58504 17898
56848 62890
25343 14416
262 13634
47342 39703
65994 45440
28902 37498
845 29675
38173 56553
21754 11992
26911 50945
21614 33566
65906 44280
9071 23660
24353 30602
10070 40397
6708 37262
31812 68243
54381 56463
21660 13683
56066 14572
64635 35341
29004 59968
9920 43203
18852 24131
22196 29878
66944 942
21800 45598
37919 22684
63243 10126
48912 56656
66411 68601
39260 1214
50437 24656
39541 31183
52566 18205
66983 39901
14001 44116
14666 26076
4952 47556
60407 68780
43512 3056
44106 57917
36009 18713
15648 7154
24438 50257
8249 48266
4900 25179
33365 20224
48016 8381
24500 16611
62157 6309
43617 17752
22230 22793
55871 6883
45386 3145
37492 33964
54958 3358
26828 53380
48342 37534
55436 17922
9632 16748
5644 2305
60221 23489
53350 38679
26065 28898
11136 46166
50299 46962
49611 36762
67896 62182
25184 63794
45985 35503
36645 44658
27644 16796
39105 43969
56644 54818
11906 54836
63507 35273
69744 69489
12481 43467
21515 41641
58052 64785
68204 834
65139 10983
53339 55307
35363 45100
57506 15684
27647 62184
31744 48984
43173 19242
41702 68188
26032 10425
28933 43673
28504 46714
33903 40426
58840 60448
21845 31730
50967 64228
21202 4913
50919 58266
32394 39509
37739 51186
44986 49307
17000 18016
29254 15741
21480 7257
24746 36991
19195 36765
9982 7034
59953 32452
17006 5379
14116 69008
29964 11299
26300 58080
66032 37156
30172 68376
19196 69770
48809 50864
10534 21897
52277 11792
52834 2557
8683 3338
64475 64040
42683 1590
23141 34191
12275 519
53442 25421
58126 46249
10816 33489
22518 27503
4264 55784
60051 34141
34630 19439
38785 48517
63801 67600
41511 59318
55940 43390
10077 30009
36393 66235
67925 49514
11861 11738
22778 49549
48826 23702
67557 45038
57615 15198
39042 33634
68761 39061
5515 7198
13830 60396
13760 29304
12097 6659
43627 31219
45333 44371
42421 16855
64664 49413
64331 33025
12174 49889
41901 64562
65498 69237
65005 135
54684 56666
27723 5884
17612 14667
26832 17461
39894 19109
2164 45370
7518 49926
24741 8339
863 45678
11090 44425
42026 70232
65821 3030
35484 22585
55429 20202
15581 1287
10899 49031
54815 45643
21821 10625
2999 23173
29531 48437
42689 10617
9734 50920
58545 37015
35601 68597
9592 51510
67861 2105
7667 35510
69477 66288
65885 16907
46330 23905
51948 47755
52644 13227
55587 67154
43363 37780
3486 13963
37606 5598
43107 39251
22075 26770
16 9016
5289 7756
897 64644
34108 33019
31022 9110
5524 57207
66033 20430
41885 53330
54080 53895
19135 5665
41539 29244
51595 49572
45359 20425
40379 40431
1577 15182
30875 8013
55153 10659
26205 45416
10681 61077
6661 62143
41214 48264
19101 51693
40776 31328
46634 35683
65056 69739
54392 35713
66247 14481
39579 29249
54695 47499
31389 63941
52645 55936
8855 42696
38949 41096
63652 35775
13447 5797
22508 62949
69556 2864
40921 15450
21281 7623
11754 54364
50474 45020
10452 62664
18656 21979
24124 12822
45190 50965
40340 56236
43381 22052
24819 37671
10678 55958
7499 43899
18937 2377
45925 5226
65941 19002
68645 11062
42779 33099
53946 60054
19558 36322
61719 35361
30337 4549
50827 39644
6959 39316
5179 5469
51752 59815
54040 58376
35937 22050
5318 44659
66601 34566
53691 60070
43001 17993
51746 57189
40346 46241
66563 51428
12364 7421
25555 51321
14699 66632
40461 20271
9211 2181
67273 48033
8069 23036
33196 53247
929 21483
31395 57958
39367 41059
50341 67848
9160 43425
49773 68330
46631 68167
19959 4427
29471 32239
21663 49475
66416 63028
19710 46999
28853 45372
25181 7817
46321 7036
8466 18548
17436 35689
45420 17400
4385 68882
7122 13147
43762 35221
9000 18455
69803 17588
12270 18537
66962 5524
63517 51144
18499 23293
68600 65265
41377 56096
56514 66858
29695 31701
49963 47758
1072 63131
684 2188
7951 17028
1755 7430
8634 40884
25211 48878
68028 30286
62891 2050
24966 2472
32957 6497
38503 21611
53215 29420
69652 53124
2909 23445
43267 43334
9653 39412
34872 56868
36358 44309
67942 55105
18515 67694
20544 18783
33183 36772
20761 48996
25935 42361
12728 24302
51409 40859
5756 61021
52554 10853
18942 12454
37399 47551
20069 55306
64447 27820
52578 27950
12833 3535
36095 52314
21774 57424
66931 45689
3579 5065
63052 5340
46546 54189
6184 28637
32095 7245
12563 67366
42472 25184
64848 61533
68632 2776
47466 31154
60265 68609
15723 8967
17538 39324
33497 27526
64170 10815
779 5955
39003 45951
63785 26960
24087 43038
8725 12452
41640 831
25356 45821
59082 56336
69977 9462
51509 68514
60785 16529
6108 38454
31781 57312
46775 19730
55714 41493
33361 16388
12522 2050
66507 29546
17253 9138
22487 42676
12225 42888
3299 36407
44925 27178
15516 11619
1204 15758
33122 54952
21969 15100
49519 49015
16647 19127
27241 33617
21784 8409
13517 32301
31331 49505
29989 6499
20130 50552
68215 24206
49034 62448
37914 47619
58897 69778
9083 65514
44988 56631
23620 54781
18161 187
51606 62165
63812 12638
44961 64112
10338 54069
38646 54563
30613 27654
67099 62093
61034 26119
63281 19953
59629 63
8133 18659
22523 33836
69533 55460
18093 52754
2466 67011
10495 40066
17526 18412
2310 32469
44545 33443
52806 54325
48496 3910
7625 53837
31118 68
452 38595
24810 883
43101 35917
35433 66813
45665 32427
18436 45401
68917 42288
55056 61346
10358 61500
58851 5407
48460 54029
41212 30837
11171 49222
14580 37385
28629 54713
37094 49761
109 14857
62620 27252
58675 58027
65628 47565
3624 30019
4119 32176
21134 58597
65489 48426
55081 2046
38067 25313
18090 50375
1111 1956
40345 44326
10055 7030
53330 16377
13377 10537
6468 18302
61667 12179
13969 9631
52697 49160
22434 478
15947 34273
54120 58762
57177 62493
24855 1783
21992 23141
43337 65166
3857 12941
20585 40315
24453 63738
9260 35176
61534 37785
5530 58935
30595 25249
48848 62731
16181 25930
41902 47754
13119 24484
19850 11465
69881 1471
41398 15646
32087 63180
34713 52166
55414 33322
625 47422
12219 25661
5499 49126
55399 42584
22466 52350
43649 69201
16154 26591
18512 43907
66733 29234
5633 30817
58398 62296
19007 22157
63826 21017
18262 4024
22224 50723
54500 45531
47004 15592
19046 20055
58263 58809
29023 31459
10363 24555
48164 62233
477 2652
13802 54217
40436 53865
14262 23842
18593 62073
40586 63194
14885 41268
15206 12801
16520 24483
54556 52350
55865 52051
20003 9074
45175 7759
67512 32102
30869 26238
62220 46329
24281 86
31084 37911
45605 12712
68484 892
67359 25629
42830 23603
26329 40450
47856 59326
12599 30981
16846 13110
53512 24098
18517 64922
34935 17946
42428 42403
33278 44808
22438 41108
9541 34380
32805 43541
55109 34230
54274 39552
313 38528
2779 63217
50145 57829
67435 68913
48989 61295
21996 33155
7264 3002
14153 26527
22522 57559
33377 57824
18931 37827
15979 11407
26894 56837
47778 53390
61147 1524
574 42975
35600 55623
69803 25187
53693 21503
25560 56473
24538 57768
872 39407
6324 49224
47395 62633
4193 56016
52915 55854
64316 6600
59680 43651
13346 10461
57960 14019
68591 10641
57228 1009
10457 19560
31264 54325
55240 3154
23852 35869
57230 59930
31986 13370
53047 24374
26863 25420
1720 10174
10644 62433
51213 26168
8542 27781
13605 40792
5024 28536
21905 64554
31915 25854
64171 50289
39418 52756
21211 5261
13831 44932
57071 35562
22874 2013
17373 15194
38698 2859
51249 40212
40178 38336
6480 57684
12910 12243
51005 36324
16721 13440
59026 63640
8464 30584
68491 36666
24703 36627
64604 35632
12923 2275
25897 55266
39373 30853
32412 19503
60398 69261
16629 52697
56996 67710
9573 2348
62038 35292
58251 67148
39072 6954
36244 25189
38768 54020
57860 43319
58726 57992
14626 18697
61965 39099
58886 9457
26937 37638
37801 43358
63901 26103
35350 42066
19092 16792
441 11694
33911 53020
33032 37102
42723 56514
24590 9463
51788 63864
27841 65263
32049 19814
17809 67923
26890 21361
26527 54749
58627 6735
45471 59611
18767 32843
33819 66155
35149 15486
52084 7912
62659 19908
59338 13364
69024 33893
53333 15375
46274 43383
18354 33320
12135 10004
8381 33177
18491 60386
43235 5411
21968 23349
68067 21438
6281 16358
47010 62083
45189 420
503 55043
8702 43556
29144 58194
38820 63712
22215 17978
53636 45520
8458 64743
35429 33983
14958 48859
16262 27773
8242 33075
68473 53445
15985 23937
48263 59502
27530 60112
23658 41185
64464 26003
62066 51433
66396 23468
27534 61924
19746 37290
46484 23032
67100 18602
37747 14464
59207 27163
50812 69034
18561 1852
54359 50294
38196 65443
26900 25542
45355 59812
37149 59511
45548 83
60535 7602
21863 55567
59171 21211
2678 52979
13200 21321
62123 4705
14581 19141
41686 39837
34332 27738
12140 67357
61952 58191
57046 63853
28997 22643
65913 329
52795 37925
51722 56665
52416 39326
7499 27099
41159 9216
11433 366
32694 45201
1491 43896
34187 10768
17996 50287
50079 38550
7412 3947
35163 37586
39629 51839
42301 48340
34097 55090
33561 65138
69691 54158
65974 67828
42125 14822
38091 35955
47214 56344
24545 7584
34436 37644
68239 26714
46002 24415
11114 60935
50234 55699
47531 51971
60296 61697
32649 25634
27191 20203
65507 6834
22722 66291
32934 55833
43052 2622
65229 60490
44644 13723
24260 57120
45782 47285
52323 24306
13815 13864
33575 44387
55716 62668
42729 23967
16748 54648
783 16710
59052 9413
25210 10323
3090 11578
64675 54023
52083 33113
69506 56848
39719 11542
47979 27126
51517 15174
65073 51817
43654 29212
29165 17476
67160 8630
57173 20189
34528 31193
40748 61527
34463 14997
62457 40487
30359 58517
19915 10265
19541 13959
31658 65609
43792 53655
64672 31070
42097 46748
54020 15592
3266 47630
39562 34202
22304 2398
61467 12579
45159 58932
56501 51179
46072 65803
10980 37525
39978 1542
16637 64750
16515 59391
35633 32124
36957 8765
2056 68206
60450 34782
5523 62009
46022 43701
1849 17928
66429 41083
41455 18476
17262 12198
44283 10077
13367 61261
26130 16038
31787 52382
37102 609
2238 18504
21564 9202
19881 15181
18324 3549
46577 54782
22032 26690
65422 42440
48106 39705
13296 4697
19416 3602
57929 4333
59727 36736
1153 51247
11571 69187
18790 1046
27550 63491
29570 19190
66834 21237
61392 5197
54816 39701
20551 21260
10219 45128
8235 47732
58195 49835
66843 39406
35457 20489
10233 16918
61145 45334
7712 13167
39414 1324
21875 69995
53561 55175
39629 54351
29996 43282
1738 31268
3552 9988
3005 3174
18879 68351
8855 32285
3082 12210
44864 21015
55765 23648
21267 36002
2146 22553
20720 17524
30181 36888
49070 21398
33512 65556
32152 1070
55295 54853
3555 64421
30577 51908
3447 45411
60461 11588
44853 70181
59589 42655
26143 53822
64970 68255
46415 30371
58097 39756
50670 62605
30085 15838
4188 28534
57232 31549
55175 15393
27020 8496
37315 48997
44465 50420
2680 26822
28072 25776
59885 17147
45907 53885
52046 13930
29388 7925
69559 25544
36575 30878
54742 39081
57928 45437
26612 67640
27698 59456
8307 50347
14657 55393
22357 8530
17976 48278
21625 56610
67852 36949
10712 29279
36656 40787
51979 48521
38697 68747
8970 37078
48193 43072
468 19453
20108 64729
9524 46002
28259 30045
70151 61353
59145 1549
31173 5619
25872 46444
56526 19103
2450 28709
40922 47078
9373 40706
55053 25602
22198 28606
45877 17401
52014 61027
21919 62668
64738 53076
9184 1062
18441 64542
21575 70213
38134 18258
50558 18646
16783 22764
22633 54319
59661 12409
30029 50964
48077 30428
25204 60227
8058 57711
30140 49748
27493 62396
45735 2247
48960 19377
38119 56459
51018 15261
8755 24576
48709 29594
34373 24516
43981 54776
4636 25636
58803 10671
65726 61164
2474 54396
40495 18744
21553 11942
51324 49316
6285 42347
53122 46027
15285 2239
19685 57014
52831 70172
56033 24794
50254 56461
63700 55554
61088 66991
52268 29644
13852 967
42432 27749
56624 47600
35667 32260
59077 37109
24283 26955
26627 10859
43198 39481
17230 56892
13 32508
29621 16227
30428 13775
34999 11048
23974 39382
23503 64643
3455 8955
10904 10711
46522 29384
42325 42417
37177 35226
15318 38737
63637 40171
60454 43683
28060 16574
16705 12953
21248 67548
62074 15892
17699 45598
4814 27065
31832 49270
28443 31480
42978 995
55638 23059
44376 47279
7256 10228
63968 42792
40183 40015
39510 34819
67562 4879
1262 19275
49394 59470
67002 65494
19844 26710
32020 64903
2331 26844
36615 60318
13568 48122
48161 26731
24818 40780
59014 36197
13744 49223
40595 6990
17949 53986
66701 24683
61820 11945
65461 45003
49286 28395
19723 66555
66789 32905
67533 2555
14473 53425
55560 2039
68634 23137
22821 46087
50140 52254
1558 35659
51896 1693
68259 36028
13477 12345
47750 53537
48266 48206
14147 39911
50413 2899
65684 38470
17263 53792
35198 23516
25087 43145
57853 33387
53951 64273
13650 57427
28234 40390
53924 34571
28669 31687
22748 7799
24189 59378
2725 8542
28066 38298
26711 13258
25622 40163
56232 1933
4689 34040
69295 56201
58843 62476
42194 64442
44169 67202
13649 38600
62062 41359
5740 52815
17188 63245
25179 41929
6898 19072
47920 15623
18679 7754
49477 7024
3120 24626
34605 13980
62911 63154
11185 59596
56094 44349
12749 16220
5316 13920
28478 53127
2638 20802
33875 49395
36456 5427
10404 8349
58068 63486
58156 53507
16768 24095
34469 65073
62577 40138
25998 25362
8723 31821
22619 27767
19229 41768
60141 14244
57469 68418
3343 56444
66168 14355
32876 53050
54853 41129
50865 32873
16988 35452
41514 14549
47085 10997
46402 11492
10035 24451
39293 33721
46924 9093
67574 39710
9829 41500
39346 39330
10262 52578
49692 18026
38410 62276
23851 752
23478 51660
15229 28617
2986 49969
53549 26509
11335 19730
20670 24726
8498 65206
64324 46938
6300 24430
12613 10898
59803 52411
46028 47895
7803 22950
68897 126
68136 55153
61924 64270
64785 29216
44618 64505
19024 60169
50059 29810
69041 52226
3835 67189
63783 55191
33129 61335
13965 42591
37262 29298
40976 39974
69987 30119
55303 28236
39593 2831
29791 25955
14063 13971
54512 15319
64781 17446
7486 9902
39968 55554
24937 46945
69024 31361
12422 32900
38485 64745
9583 61297
56923 15613
52765 25864
52378 51762
26127 13679
53958 70208
68573 55224
26234 19669
20357 40147
37662 48614
4790 8146
69682 68837
2871 15080
36795 5874
67265 1141
53610 3860
32439 834
56501 29223
23442 60047
68334 28123
27897 12785
18133 41126
47224 47213
30646 54832
37505 68386
59508 44100
47981 12668
67819 5204
10548 40125
42049 17675
22425 31484
62200 48837
43968 49550
2335 13514
33458 20946
43240 46367
65135 14900
40139 39597
30767 30518
48081 61665
15984 67502
46102 35751
7441 14413
56578 24585
20701 7903
58894 50535
36864 37454
65023 37182
15810 39214
232 30961
32569 9012
6221 25182
26097 58620
14102 31779
61463 66758
46771 18705
1529 42639
64062 69345
45079 11049
37874 50980
42616 39440
14368 18958
35773 60768
37098 41017
42651 61274
13137 68559
39901 53270
59230 50618
49406 27415
8966 17256
16466 21717
58492 57684
69321 28243
28347 63705
11514 57448
10546 51129
66111 17514
46232 2989
48794 36542
9704 14044
12313 45494
33489 54462
68473 15960
63905 9344
42797 50724
37693 56637
49434 61196
17889 54071
25859 44939
68143 54406
25883 34716
34139 44408
52985 23098
66703 22650
8523 18096
3299 25664
68312 69383
21104 36632
8054 18520
583 31271
56822 19292
47042 15114
37868 42237
32555 60313
57980 47844
69822 13087
48900 45289
56742 56159
29257 15994
43141 35729
1615 69217
62909 60774
47416 29705
9795 28818
67864 31555
34687 22790
65954 16617
58609 10754
36590 53940
49702 11803
31658 7908
18427 54194
15635 61240
2224 39473
4589 6238
52124 55562
37778 47810
20117 22446
19444 19465
30452 69287
10699 33933
25532 64663
28994 15489
53352 49124
4448 38665
19187 65559
50502 43885
54495 28349
66579 52761
26483 40160
50753 53976
7016 35644
27771 40943
14893 23840
64793 10653
11287 19298
2154 61240
69970 26395
33492 68368
8203 24738
10994 22459
49451 28920
6072 21438
31366 16851
48860 26008
33088 16721
34231 23795
19922 31911
7003 48779
265 9851
62795 64404
45247 53964
6646 58075
16336 15004
43216 62643
63301 68413
66602 8519
55361 39709
21804 47396
41135 36223
19636 65152
31426 15710
7070 41491
13660 68655
53118 32704
31525 22105
44204 62676
14635 40712
23302 66483
5215 62181
3211 47874
4260 9758
48005 65592
55601 35116
55937 58191
28840 43506
3213 66377
28469 24116
61791 22682
7757 31696
31134 43538
68222 54219
59689 55509
46190 42297
51291 57024
40216 37242
6782 7853
39232 4534
11595 24099
1444 51765
53360 22909
60136 55447
5057 545
57821 9168
64408 32385
41455 41287
61784 14169
27217 15806
62224 57451
43608 38576
46007 38402
35127 50875
61142 22636
37401 30519
28565 2724
13006 10965
30184 49916
17732 55882
13607 35277
44209 30700
17749 15892
36823 17831
6607 66723
14910 30410
49682 4332
37588 42251
32184 56008
15493 6824
3369 65280
1915 34407
20240 41735
5676 31774
17209 52407
5340 46579
56485 15402
31725 67400
1136 32777
63910 54213
2583 55568
36050 46150
24164 51524
69513 51596
57428 37842
14414 31010
54047 31018
38467 34733
22290 32079
64771 28356
25366 68068
19069 18037
26469 19406
40814 40519
20872 42190
2916 47002
4253 34953
40918 35917
57548 49399
2862 20055
10030 20660
68801 66972
59748 10169
34444 67702
30473 19951
28362 11143
30519 46899
35838 13261
53568 25627
38750 66855
45471 2638
35600 69497
21535 5098
9621 19041
5722 52147
52199 58261
33060 68621
4284 48774
69985 27108
30222 31457
16051 66568
4639 41539
35122 46130
3440 67522
50763 11577
35449 69156
3237 54627
11714 57606
68882 48076
25463 14363
52104 14465
26713 25535
62458 52880
68322 35846
42334 38295
59643 26465
47749 69370
36816 42124
53221 12885
10588 52697
15964 68154
23754 768
9959 45292
40796 23091
40902 34592
44631 59132
36907 63301
40258 2770
40015 30339
45137 31650
51319 17635
4777 65285
470 24967
68343 66470
22376 25409
7160 59882
22336 4813
63473 32576
30981 11348
42125 55810
14357 1818
16138 27865
38712 22616
64504 14593
55025 53683
69413 30584
61076 2244
3461 32373
10939 9718
65970 19704
31143 24191
21026 50162
1771 3007
18020 2339
30310 28805
46061 3472
63023 67708
57136 1791
31629 19331
63662 31185
43964 45045
30910 31658
41734 36811
30581 39067
15092 36521
55473 17992
23739 3990
44844 29293
6550 42421
46885 7009
53375 9877
51709 52720
16168 22630
19434 45719
34862 8887
15345 41023
59110 64527
8481 50251
42676 29457
47573 19316
52380 2536
60321 61414
44075 10594
68298 65504
8930 58075
54592 22915
66191 49527
33317 53538
8945 53216
29470 62668
46038 43744
25060 46546
8372 48335
41215 65656
43330 61751
26704 27743
14561 9140
30072 42478
67008 32645
52134 20573
5206 43570
39451 62298
986 50698
12087 58603
65276 68947
15928 63170
52232 62169
24826 40838
35606 18298
7865 52560
35202 38136
57369 40605
41052 18952
9238 15544
58211 53194
31398 29637
63875 5776
8948 24601
25259 49886
69383 43983
50826 13903
23173 43848
26393 18001
2776 67533
23066 49872
41263 40985
10179 50477
8614 53479
1167 24708
16021 15897
1357 39098
43474 62940
67 23609
10099 49730
63583 10973
30279 12690
19501 22471
42385 5333
49624 68635
27112 26992
46428 40128
4570 28029
37419 11624
61713 41568
18629 60570
24070 3015
51021 44707
54425 69716
56309 49434
53985 67165
48689 15753
60909 51343
22668 8640
7415 9074
10879 27718
45061 4770
65539 55962
52427 21659
43826 43231
22940 41384
49646 3459
21632 27275
61896 48054
36956 12751
12340 26298
6796 69351
30735 25468
31353 38349
3382 23396
42716 50132
34024 34396
13601 21205
32481 57159
25054 56101
39717 2433
67258 1065
4050 62112
61714 42169
23488 5510
10575 42572
20631 49314
59570 10031
57396 60510
68014 54712
59120 46197
37866 59644
44758 5374
65555 27114
67044 53578
68600 58606
20767 66450
25979 441
23465 20263
44505 3063
55055 46823
65302 60266
64899 27604
65995 17627
7670 25258
48543 47313
62516 68066
61742 47963
35693 31743
5114 989
35390 37303
47443 28659
51168 59910
23361 31294
21252 59796
17160 30249
65679 17219
64851 56435
18229 30463
20487 23254
10496 48546
43461 32316
51153 40246
69926 5885
15361 8322
34881 9210
51717 42008
31428 40188
50732 16538
19559 11500
23075 13530
11 4659
2121 63227
48335 26328
45082 14320
17324 68829
24192 67156
30746 35256
70153 44077
37194 29762
8826 51094
13525 59627
33193 54455
48301 59820
4115 12120
11358 57865
54303 54734
21723 30653
35904 30195
30002 46479
17031 18568
18667 18930
28407 65817
13281 32061
55635 62003
23502 50736
42743 34385
23421 67255
17374 11508
65819 32272
53670 50778
49251 12434
2887 41660
60552 1711
22927 61243
43058 44232
37157 68554
18791 37776
32599 60374
10910 36777
64107 17669
56225 24433
22239 55392
23444 36808
46880 53660
34958 46020
57695 23530
30703 55170
25392 30245
42063 14223
23126 13723
25760 50828
66375 2372
7768 53216
67354 31969
17429 47085
57900 52164
34164 61852
29828 23048
22846 13790
21380 2505
20097 29837
23440 19373
3110 51221
29961 13714
24364 51508
68102 64329
54435 68206
64166 43889
34465 44932
38260 58980
40011 65001
2491 4116
33009 67317
58918 45098
21949 13171
69787 57312
20849 1189
69459 30422
61694 28551
66547 31135
40192 45131
50889 27060
69522 43135
8999 4163
2512 53759
20213 7744
10119 13993
40917 57586
48710 44657
7798 14760
47965 38087
19265 7941
63852 45405
66427 56037
13832 69292
49509 5642
15503 9531
39291 54421
48674 35285
49127 17591
39425 5897
67325 54154
34938 30202
68161 32963
32256 47444
9837 38981
14275 15982
24159 11852
59408 26787
67926 70185
64238 25186
13355 14935
54164 14374
24595 30354
61579 57193
31341 9736
67725 28208
44583 25803
53734 12282
4210 10221
66158 47379
8672 34346
21546 23185
43839 28274
3858 66924
53863 26433
40875 12168
5040 19309
60544 25836
49210 21106
63383 46377
69206 19183
17879 1630
4906 31508
40364 19721
68972 52264
26238 52360
56836 23232
25991 67715
15301 63545
34719 70047
32166 35984
7002 43310
59618 26465
39055 64878
55210 19020
27281 46815
9866 68984
13015 5286
52859 24725
28365 27675
35384 34048
2939 63
56565 3992
45762 41329
25321 10822
19860 24045
23676 34769
42727 50832
2999 47820
3682 54000
14103 11148
56809 22553
50550 44427
28501 33319
42280 57956
10706 7497
13162 23133
34654 11692
14292 44002
63479 54786
37232 42257
11174 40032
15259 6527
27097 66898
7666 32578
32460 56981
42449 35440
18314 5489
12728 64612
48338 43309
59183 24133
5992 53609
18902 37150
66336 48027
5639 56194
45166 8743
65671 21973
17373 55381
61200 25843
26355 14475
66086 15772
56945 4411
20938 15461
8696 16770
42092 15810
69505 24056
64350 18626
17129 69142
50190 52391
14705 51243
36132 53673
67732 64642
48062 27108
16620 27278
46601 20139
27074 64877
19230 57381
46100 53859
10218 36271
69847 18400
49997 53100
65296 53078
30743 59309
11418 66769
40550 64300
64997 7375
29867 20950
12552 18854
41115 67455
49374 9939
34071 3611
13560 32415
63405 32582
64649 29939
61442 53739
29764 59523
36438 58802
51882 9900
57789 31143
12967 45083
14877 4357
31461 15508
63125 34635
31210 32370
63014 70230
29256 27683
28099 34186
65203 38984
42418 20601
23538 64958
62227 52100
39572 9920
68517 10557
17861 31116
38881 31465
52003 46713
18260 57657
58473 58240
24097 38763
17353 52257
24786 52342
33379 58916
68524 45915
48557 66969
24381 60106
1358 58884
49926 23610
67217 30193
21585 23353
2198 4860
68383 7187
53176 49320
20363 39297
65289 65536
63617 32720
13225 30465
65455 49017
5122 68721
52024 13537
33826 66034
16248 3286
26345 69695
10354 67689
19057 53978
37447 61701
66678 45433
5281 51748
1336 49955
10043 53396
21137 38896
23567 19605
32500 50450
21882 11925
46746 7525
64033 36583
46740 22757
41859 13695
40216 45114
39771 16656
19393 43360
11737 26493
62909 42445
16079 26875
31649 2699
39433 41214
27616 150
39851 51001
24693 45586
55794 6950
29006 22821
52811 42014
209 41761
27549 36202
58014 50575
33338 25410
42478 13686
17739 47313
5303 58407
40467 3540
28289 28485
22525 62904
13221 58426
37856 48770
53811 20234
31261 23662
12402 41246
41037 5211
57773 3133
30119 25269
26788 24453
42462 17892
67588 5090
25981 41097
61698 56366
10282 34806
25472 42159
32570 18051
12228 8757
11793 14427
67848 44506
64167 53403
61526 44632
69405 37893
28554 58193
15517 37576
26953 64655
22014 32203
45333 25381
54122 1571
3881 14724
55115 63082
35558 42192
67825 54442
38847 38581
67493 23646
7914 6814
43986 19049
11448 51265
21030 4985
42566 5665
31869 62582
63732 30685
35096 63314
23742 63099
41734 46869
38450 27109
46594 14932
47290 63654
3122 42160
11424 33538
41435 10063
63153 10454
41014 48879
24109 52131
42340 11337
1886 49538
69460 39252
69686 56039
66891 36507
25503 20651
4030 59166
49439 69640
46238 11742
34848 24379
21706 59403
67559 31947
31658 55996
33502 22544
28091 10055
49372 56983
59798 40398
8583 46670
56930 21785
15201 6161
33242 34927
11138 21409
30058 54281
40571 40028
55642 23375
4030 44240
57212 55133
2354 31455
48644 33276
21423 54742
35276 1757
5882 68248
19714 49886
21727 50723
57256 31232
53920 18701
35218 32031
3418 66199
14750 115
50497 19693
15522 38309
35017 53854
47790 18704
17788 33139
18323 28050
34351 40969
50479 11193
28201 32507
10666 34609
12975 23659
1270 14327
44659 62915
67550 13013
63106 40398
62073 4829
17283 51289
1909 55375
22533 12862
9177 40080
62643 54637
56091 16919
36158 18373
26681 3616
22166 5457
49685 1590
15111 25734
32767 20135
37933 67273
18615 585
62748 29211
44119 58103
43331 52395
385 60973
42672 51032
43488 34787
11089 55629
60337 44435
27556 64394
12245 14377
692 25559
48839 17353
16439 60416
70027 32333
54112 66603
37695 12289
23961 34606
49268 49960
27017 1942
3773 18508
34071 46768
62092 31219
56140 1602
34212 66140
38369 14081
44941 24158
69016 40997
66338 20064
61203 17767
38131 52052
6436 53991
39212 26491
17720 60297
19713 37033
27261 41306
67605 493
1948 65505
60188 51616
42615 30337
60791 35327
532 68337
26382 15444
57951 9902
42692 54585
3219 43195
18691 22419
67654 2721
20943 12921
16010 47726
41436 60291
8992 33590
24922 45974
18766 35775
36875 33945
64620 9187
3111 39582
19384 48656
12757 26040
10607 70231
48453 27371
61355 59060
66565 56283
50496 66223
68796 27478
64391 40747
23355 48987
32361 40481
32410 43083
14767 2083
30939 31454
6572 64953
64406 36036
3658 25993
49036 41318
19335 27543
56332 36150
33021 11601
13118 29442
38881 1736
5457 38326
35315 13589
43837 42648
25292 53747
49028 35428
37106 67452
11917 54534
61388 64848
63408 24748
14005 54727
7179 13966
25846 37273
13268 58369
27518 39766
30779 62740
62933 41609
20510 9056
25880 39745
22009 30317
40290 65454
27446 64214
13589 259
49789 54077
23907 37031
14078 19900
66229 2430
54967 43360
56910 68799
7341 12873
61583 61882
17502 51159
37513 70004
15523 16200
21926 36856
299 7950
24001 53029
59622 9715
39264 59729
37803 11864
52830 59907
62883 14673
41492 19780
36704 11663
3458 63343
2594 50140
40324 15773
67101 13484
52569 11463
32924 24203
7978 1621
30664 30319
15711 51165
32698 182
51209 23501
15568 40536
68254 66501
19099 12595
13106 15929
65783 55697
18278 8467
64234 48844
37232 64490
1455 48712
25793 66648
37453 41979
69269 22802
4238 11200
34449 67828
18585 32911
22854 12584
45723 27403
685 65625
60371 12596
10680 22924
50865 65516
4728 60261
18487 22173
9581 69261
46978 55622
10119 25782
33770 19662
43743 11588
17989 56312
51643 7352
28699 45084
56952 16632
51520 14866
35298 59007
54881 21977
55797 38945
6220 69037
27246 11817
31063 28593
52603 64441
29770 792
68663 9392
26719 42101
48136 5906
52150 67061
55223 62923
40065 45430
38688 53879
30737 56837
36649 47428
39369 13152
7001 16540
4403 41616
64453 67344
42306 24402
59602 37708
53034 12060
47543 17527
22412 56292
43405 48402
65448 25464
52841 22218
59542 28016
15477 43359
19885 7649
51079 36949
18607 50079
65599 47217
44707 62100
30072 37707
67080 60473
47752 37420
33437 69140
52662 7290
21746 24014
18079 35815
15108 45828
60557 39900
67348 54481
46277 20838
13411 63842
42303 14143
31783 54020
17556 35343
36399 11106
5975 59783
62481 7797
32816 10712
61605 41869
35003 42173
67805 59722
58307 21191
61869 11848
59776 68210
33649 61159
7766 56720
44719 53132
5742 9866
34423 64350
21806 18766
27606 58377
25045 21750
12489 29810
30922 42562
8037 68860
44098 33429
15708 2048
56550 49865
438 56930
54075 16954
47440 27237
62398 42686
28344 7688
8956 50821
36174 42118
56640 26117
13263 47755
58515 13892
50800 11199
65592 43389
486 24288
19097 67931
63063 53289
30197 40185
34310 24300
49203 23553
24911 28822
41446 19143
35659 24568
42582 26766
31863 15250
43441 45186
64289 44526
50604 30104
3457 65337
31129 26774
46214 45711
29040 3469
46405 20581
30469 31316
13403 66959
37983 6399
29532 24990
64534 58478
13482 28527
24613 47194
12937 38563
22681 32201
30095 14257
15387 60275
69665 6103
21332 6683
51857 65430
18215 51876
64479 67294
48094 19843
16088 53677
52795 46236
18893 18206
10648 41591
7237 56765
50210 57897
6317 1145
13173 48430
10471 18509
60926 31437
45189 1994
214 58729
16298 52332
41825 30011
57376 58052
40347 28057
10254 45986
15013 1431
62586 63125
11399 60599
146 15147
51976 6667
2777 26125
29205 25668
37543 19709
13577 20267
36781 10755
57833 24383
26600 12878
40 33595
47802 20623
16983 69939
69024 9708
13844 32554
32158 58675
69916 53151
45322 48027
43268 67605
1720 3990
47832 13389
17575 26780
44120 63620
38231 46366
4182 47700
53067 40655
25097 3939
52519 5323
45623 57121
27727 15446
36464 6981
31265 68499
68708 26683
11358 20664
27207 629
22132 59702
36425 17606
45393 2429
10876 45766
40638 10179
16756 51829
12386 41522
32664 16388
945 24386
10371 48748
52032 52574
68112 63697
4589 39699
46565 60155
20985 62170
66774 34433
10001 8275
52772 60197
959 14643
9405 9678
700 7478
69056 24777
48612 14910
63553 25989
9372 52511
12157 20882
59189 14938
2264 23
32353 17815
48935 63306
48894 43791
19698 68620
36782 16550
70005 44938
7772 38415
34274 45077
28509 15781
46339 64026
34516 40638
35196 21186
2986 61606
44556 42942
37671 59466
37460 43970
28934 40281
69323 65670
13985 28035
33546 33125
2178 42629
67282 6155
11329 54863
13178 14881
4339 61242
16838 33400
66030 8341
21815 35525
12212 14270
34907 30185
9747 30571
20341 47276
44609 57111
67524 54104
37637 25829
7819 29993
21709 20432
6066 38128
8804 14752
9384 65285
34361 25070
215 56794
24860 58214
9595 61038
45072 1235
3049 40747
27333 29844
61331 27232
64867 14490
51348 9405
39267 31573
62 65489
29004 53777
64740 9430
49169 42278
16323 66043
13622 43635
47120 33826
63242 62824
19408 32279
15664 24878
68839 9717
47363 31719
55853 5132
42195 67152
34571 61608
49692 40080
48857 47617
28380 33143
69833 49357
51302 18283
57976 9160
32036 20954
53814 40644
35640 56345
37687 61196
57922 57340
19892 19573
51858 23052
12242 60137
69160 69128
8545 58180
17379 36062
30017 53183
4126 23256
36865 59408
31263 21044
10559 23375
67116 1650
48884 4578
30133 11142
60157 33878
37199 30358
59771 14860
7766 32118
49121 53459
67352 12857
69860 22304
66529 8656
65448 45211
1925 14504
8341 11007
61462 21136
20189 61220
67888 35885
36555 34470
4409 42401
67524 24991
42694 30207
37141 27397
7112 24962
16934 13043
65071 55531
16086 25485
56733 46968
67088 44180
61399 19861
1021 12798
36370 8423
10332 44498
58677 34321
54941 5833
57887 45950
47736 13492
35202 4830
26848 13033
58974 25280
9530 53272
63446 7756
18027 27856
43881 7916
64044 47046
40596 47072
3778 65528
50615 2779
59302 27216
56454 65178
34279 35006
46672 20509
13032 9768
10427 4855
26857 36507
16983 20128
17590 50836
32489 43259
14910 41642
20394 64738
11093 56357
33849 46389
16639 27902
31583 38727
2588 19775
32869 1557
19755 64458
64532 49092
65792 36594
68210 55385
23255 13361
37459 26362
13090 36891
12731 14327
11350 38091
32836 47810
25811 41363
15161 38083
41958 56677
19376 5213
41549 11661
46227 34135
52625 44096
19051 8540
34128 22368
70028 6533
61237 34589
30689 52234
55877 60955
62856 50253
25111 11689
68985 6806
47929 69553
69929 14488
38996 62507
45412 10486
45588 33343
57434 10076
42697 40117
13215 22508
10442 16092
5980 19257
3124 52440
36810 39942
24219 62008
29193 14372
64321 67678
14509 23365
8100 17187
20404 3924
6227 53779
3762 40309
67826 68832
11519 12868
13547 44538
56987 34768
8761 23699
43198 70210
33126 66678
41740 17203
65149 35642
28777 54444
30345 2169
37108 44308
28811 46858
36737 19411
24523 8475
46719 35094
52007 22788
14928 40974
59101 24639
66073 47933
35424 64183
69055 28337
52025 8963
36394 39545
56194 64542
22596 17783
28593 110
23902 7387
63139 59854
34888 14753
56187 17412
23656 24071
54418 6126
50995 7670
27940 60618
49374 39410
61949 58424
64226 44553
47154 17076
37882 17209
11753 64042
6259 5182
32506 39588
24030 17320
43083 65509
46894 67716
54041 28783
36370 10130
45451 34494
59038 1281
716 60888
65760 57877
43497 67714
48712 68728
63831 18080
8493 41535
31254 48944
45423 137
59813 53450
60906 653
23145 16230
45991 46903
28874 58112
20455 23058
861 4730
43002 57010
22273 8609
29780 18183
59115 32066
57643 47862
43072 60903
30305 24420
41775 9268
59475 67283
21236 8697
35704 48640
12487 36787
10647 3892
44266 36158
19689 1661
44935 35987
11553 9003
3735 44570
27084 56808
38908 35509
30557 22052
49596 39569
39302 12953
1938 5572
34773 52803
69099 35269
37922 47199
927 11082
8278 37664
59227 45502
33382 48000
47280 63698
45840 51648
37576 1421
38171 51057
33010 49296
29001 42378
43106 4661
39916 26415
58101 51705
33879 46712
65020 30335
51628 37140
13437 20410
47615 238
13657 45030
57982 40578
30484 31736
2193 57718
49300 15209
95 51360
60853 17768
10517 33313
9734 66381
23996 42648
17177 2334
68285 58689
46892 42782
18935 29417
64583 31808
5688 18641
8557 63722
166 40515
53248 64531
28107 23805
28141 68944
11342 50257
43712 29680
6843 41260
54056 63472
38562 18215
35991 26684
58405 64079
36762 53659
30763 65809
32141 24256
42219 249
38195 23790
5119 15343
61919 39123
59619 11168
24085 22438
35534 44353
67160 32663
2113 33656
46035 56814
54347 4328
31731 18965
31344 54248
40519 67657
37130 53802
35706 18836
65406 1326
56763 13856
32965 51713
9570 17371
69452 69115
4628 42264
60689 44050
41749 35631
37640 31744
53489 6754
63574 63475
27888 41140
992 48167
5369 40434
51540 54907
31663 62120
56612 8331
25400 64132
30164 14966
45731 8013
67528 37101
65263 40924
70016 57385
19179 47573
66716 51452
52201 20479
53576 63396
35374 14296
22621 11454
45342 32525
34635 59448
54011 18183
7465 39296
14900 20472
841 49408
9811 24212
25289 972
38534 37982
47561 7170
7612 50727
3695 21935
20809 23452
3900 8340
10763 53827
12294 44798
17978 7121
57258 57780
56017 62643
15414 33538
51805 8333
45365 29903
37417 45927
60946 42096
18176 35365
2983 1848
46174 10824
59020 64044
33986 25430
39209 29274
49468 48204
40815 10997
2523 62401
62091 53151
13642 40118
24625 26834
23723 68087
42730 31907
802 124
7707 68239
48714 8788
34598 34975
22925 8148
69623 63199
36038 2113
61713 48896
17550 7037
3409 27044
13911 13164
59266 39617
5731 33820
19666 28940
49512 70100
56966 5246
63583 52249
23030 60414
62506 33377
46362 18068
52406 25545
37327 4144
31945 34693
23171 12997
32366 49504
3369 12985
58510 59353
65100 44638
6679 18818
19743 59725
53458 8301
55753 10248
1358 12867
27289 43132
10565 36633
65407 6329
45924 65440
10748 25908
67114 11260
54147 20015
38296 39711
37372 44961
8208 5030
53486 64713
1904 20489
60732 30862
24541 39351
68193 29437
49910 23274
9884 24769
3874 23026
36450 48863
44786 46241
44962 31420
19312 68159
10611 55313
24410 22279
49611 27300
8182 8962
61686 20364
45630 45061
65269 36973
53074 27777
60149 63092
48426 22831
62423 48105
6643 58383
37872 20427
10728 5401
37741 3877
66182 42430
635 34469
66751 2428
2561 2318
773 26711
3773 11737
17041 60745
52749 38516
30284 8282
22676 51472
44968 38889
22 51773
37990 1477
45404 39190
62851 23389
37679 13858
68719 23507
27427 21470
1062 67501
20401 27630
25397 1741
52950 45753
33266 46191
38729 40891
47884 53907
23224 63210
33773 23512
25961 38185
17026 65065
15764 37102
66345 37603
13428 55008
60033 18260
36432 47357
5132 25474
48215 63927
28697 10949
55630 63847
5144 44961
61663 3760
42599 1462
26959 63715
60132 48188
48808 10669
37753 55110
49955 50201
7499 66557
55666 4292
26344 47762
56938 22356
3408 6323
39654 7303
44486 70137
62691 23921
2246 47127
30608 41027
9725 9421
59673 43715
66851 13480
61644 40583
49664 24896
44863 34553
7229 23110
6570 55453
5072 57462
23636 22964
44096 11376
45460 14248
63658 30102
62637 36466
19926 26437
31967 54414
67323 48470
54074 49662
57752 67326
20549 69167
43433 68833
66733 8748
58158 37102
8556 19660
44225 33720
7729 1717
17005 52149
17118 17795
13106 13346
20515 45797
22790 554
61604 32953
40306 47377
64872 56869
29219 19893
21424 69407
65301 45877
11817 44741
32548 3374
547 4075
56293 59477
14269 64873
9493 20364
65864 64420
43826 40373
27968 63328
15158 53307
15079 5722
446 32437
55810 41657
51931 57480
12803 15802
18511 1867
686 39444
20458 44458
51036 42493
69908 66461
63181 57264
29813 50042
65555 35799
7403 37494
20139 35673
29250 18293
42726 25896
8994 26678
23282 47028
58444 65162
58336 19808
53584 3986
69094 62285
55048 22257
61830 36116
2639 26105
4722 41230
217 5623
46078 8728
26528 33103
16428 31953
58855 6265
6677 32906
28687 56854
36757 6821
43489 16133
13901 42451
67277 62972
2117 11592
44594 31576
30086 56485
7492 15978
59207 16408
28340 56931
1114 35945
66163 3736
4007 39275
26665 5121
25549 10430
61459 12279
4391 43587
10736 10382
56508 12506
50249 57011
39114 34734
17216 26239
36184 44290
13888 43104
57531 14711
6702 5743
4876 8933
55844 13815
18597 51830
37634 69981
43440 50754
47647 36948
22391 64687
25115 56231
49023 32246
33179 43765
4648 4272
21563 42089
55369 68583
54876 10098
12482 21145
49311 66540
31151 49601
63969 4836
40359 51109
38140 68634
12563 44788
10397 28662
38290 41746
68230 30139
42531 41093
47666 2945
21800 23319
15105 20985
36172 15259
5916 51506
58084 4441
30010 61646
30050 47984
23638 44275
54212 25636
36192 13925
28245 5513
7557 35667
20206 8587
5388 10410
56067 10022
27979 67100
48088 50559
46499 6895
43632 12858
16855 47547
60570 36026
638 43508
49579 27498
7694 51254
44578 32600
70051 36646
8289 63185
13000 21097
54224 68979
32285 17850
29790 9870
6375 65215
24576 38771
10149 36049
15078 30226
33119 4318
59615 44383
53254 45106
41303 34550
7580 26521
41029 27602
48776 12756
25616 68391
52793 10867
15182 36591
59219 18675
16613 2512
1450 61721
48530 55333
17813 2014
21597 24275
28320 63797
46795 52639
47624 16277
16117 16052
62575 29764
18406 28542
14279 19942
37781 66165
32133 52760
5807 35966
38416 17923
41160 64019
68343 29466
13149 12255
408 9945
59763 26251
22343 59504
711 36899
66004 60027
57861 1688
25424 57967
8052 29030
32526 53751
41940 29993
31339 45328
35038 38434
65682 33036
35898 42675
13431 317
54959 65909
2585 42394
42906 19613
31275 14697
25344 21878
14198 16445
254 65599
46178 50330
35317 29605
52974 57442
55336 18769
14035 19127
6238 5290
29649 60056
64087 19772
2496 68595
41470 36207
44944 8964
43719 40704
36836 11975
54795 53211
62552 4344
30547 54093
5478 56583
50054 22208
60088 27205
49001 52446
24394 69977
1458 23879
41557 35169
13962 2531
10902 56889
48262 20966
63474 12388
69943 16631
22587 63539
43069 48263
3179 12907
67025 23272
53350 16213
65752 3522
8836 19423
46232 35653
15261 2160
63064 40224
6615 37841
29260 64515
21892 36266
66457 53969
57379 56708
10177 32110
6978 68337
50024 19309
12780 69407
46309 61621
67909 53655
44276 31041
6094 11687
19708 65533
44694 27353
25748 54094
69695 52234
10689 61453
68538 61706
15222 29158
11721 57170
64505 12323
37979 12208
6367 39028
60788 7499
2375 34265
20132 44519
63470 5462
46933 13082
29923 56699
33755 2369
13106 50450
18067 63413
23862 55176
53482 39427
48635 31898
35066 40319
47186 34846
25257 25052
17042 6501
17083 46166
38115 50053
37149 62274
62109 27828
537 10397
31415 61338
61596 55307
33435 56930
44360 62889
45499 12194
47949 466
21683 37165
56302 45783
22424 2151
34753 12101
7801 32294
43856 51463
35534 41942
42722 53254
49635 52815
29582 41372
22554 19644
22676 61220
12404 27267
41442 50992
13871 22158
39829 63631
60998 40920
34081 44
25674 29783
13980 42975
66707 20979
55366 46340
47926 40846
24967 27302
62684 61374
25051 37095
8205 23729
99 69675
68120 22171
60219 67354
20266 10250
8610 47577
26848 41431
6304 7793
23106 23782
62036 52414
5303 6178
57194 29465
52881 18460
13965 12357
23230 54521
42868 69657
53517 55036
51710 58276
25976 39142
57009 18802
66893 58271
64865 64481
26434 68515
35418 8508
23222 54293
51745 32606
64590 36434
38214 22263
48599 30752
4667 41026
37735 59943
21205 28383
40170 41935
21373 62841
62842 17707
50842 68093
24134 48265
57497 59923
25583 34471
27384 66650
48882 51991
18012 2631
35831 11585
21207 69345
22283 50122
9874 55455
45370 37019
6507 55359
27379 4546
38605 60189
64751 54421
46295 69241
62997 21795
22899 21199
7883 67101
63444 16068
64951 32080
65912 37191
49447 57519
60257 18414
17490 48841
16425 17228
41582 5725
35572 24893
10832 52926
434 27007
7306 60236
44944 25260
69174 61864
54910 12568
42477 46820
4628 45840
52788 35129
38156 16928
23552 37928
14326 3303
24313 19596
29097 64417
59052 66674
36400 63867
29113 66347
49491 18180
34826 23251
19328 31206
54130 68807
64607 56883
25690 57725
60083 3735
33355 44052
50320 68370
40118 4190
48150 27464
24411 29004
61802 19980
209 56191
12481 58400
10964 42225
55446 51491
14518 11006
44805 3156
18400 65855
38871 66211
10646 4093
60745 3130
27047 65000
32498 4457
31331 12716
44857 19682
9919 56610
9345 63663
14267 45961
51558 32835
32811 19856
65575 48898
41736 13613
3053 36085
61383 3134
31291 46134
63027 12210
54697 50046
69693 15277
2745 66147
2619 69980
16055 65645
14127 1870
66550 27987
26919 40103
6718 69850
60244 34244
26105 18652
59296 68965
1968 34146
61741 50440
55096 62186
18957 13976
5557 4153
52807 56526
8262 26909
34588 41488
58918 46014
13389 26615
13022 64728
21309 67583
58878 14801
31184 63138
33036 48337
39677 11976
22754 26205
56314 17769
12489 64615
58271 67198
31179 61747
31665 32859
28315 38180
5720 36173
17147 53145
19274 11939
56310 23662
65057 36624
7174 18293
20410 65871
12548 24255
61215 36235
41573 67703
34226 23069
57838 44348
43904 18568
52936 39364
44268 29583
25505 30660
27880 40709
52236 10764
61357 43121
54082 9438
68256 7284
17329 962
35703 42706
45497 25356
21034 44329
22459 20564
40927 63367
50294 57055
68699 47639
500 60088
27814 19602
59799 62462
49962 57750
24191 20304
231 45819
33398 43804
9687 23751
51814 46066
52952 61427
29747 8486
16749 42737
60264 6053
29283 4861
36755 56808
12792 32333
48144 643
27594 23103
48835 3944
65121 26018
24301 7990
68441 9450
12655 47267
7546 10957
30343 15579
29910 45525
16400 67550
30910 8456
27713 45281
3853 13845
33245 25559
36468 50456
2838 4711
39554 44567
23417 59476
37917 35386
44689 39401
13034 57220
62986 7003
58753 18164
14954 15950
38377 36539
68328 51923
64561 16245
5303 40704
31105 64631
32911 34142
42207 25146
51739 26778
39655 25263
10175 15651
21849 8408
12967 20427
16054 5570
14404 33603
19612 65920
19372 43573
15476 9242
4762 41144
8043 65790
55706 16558
47481 67279
9434 11115
35391 36148
64731 34281
36297 61675
37762 41473
36767 10885
32054 52146
9880 61917
35043 67198
10128 15444
36154 38133
6431 15968
25779 49287
59223 22209
5646 58789
17917 20008
12652 16204
43842 62536
69381 3860
48891 27088
1130 27867
15277 21180
43375 69422
55882 67364
38611 19820
24820 56155
68861 60346
31878 37344
55936 43397
15506 38652
41142 50044
58588 20772
41629 1867
60235 40211
48876 12793
69461 13214
13714 48027
34203 4417
27397 67772
1583 21325
29733 69757
51496 41103
50453 4846
66098 39921
5832 26912
36147 4077
40339 26392
21992 35749
51729 61498
10928 35081
448 25042
52285 60403
21449 10102
49729 28321
16820 43369
35205 32806
11299 13975
59962 9032
30179 8050
2957 50525
19925 58138
35323 66689
2717 6449
39784 28856
11298 30719
6815 51797
623 2011
12646 36535
59408 7584
49909 7849
39819 971
41118 44307
32321 67216
45002 63244
6499 4814
10396 6078
44710 27609
39069 46149
4489 40943
63277 64564
57484 49987
4627 29802
24811 67557
48115 51042
8591 66482
64612 69364
41477 22117
27213 18110
11748 60473
3149 5338
60958 3240
29127 66122
6590 36995
47205 16418
30418 34480
64697 31356
3262 15953
47376 38113
12840 36885
52432 63916
11159 39941
26579 36725
44835 22783
1941 26899
4528 31169
11508 461
47883 65163
7002 13382
48897 32193
48381 36063
2885 36732
25585 19019
42494 2411
16481 67849
3716 52875
64738 5063
4782 13945
34615 21460
54655 359
48464 4691
64630 8684
56793 38051
40848 5195
8833 8176
41771 23371
43220 53900
19036 2136
52137 18261
35928 40464
44121 30623
45330 31406
51137 60110
55695 32009
4044 21455
16269 5913
31000 39813
11548 59327
5019 37283
49339 47305
15978 21198
68558 31461
19228 64951
20654 56808
22507 27562
20993 17778
57525 70120
17512 19906
60818 55893
20198 43817
42058 34758
16359 64142
12767 51914
26025 5438
2061 44309
62756 69738
45339 53173
60368 54502
24168 54311
4517 8388
16930 27377
39043 62821
61625 13073
9795 42935
51119 55329
24587 25369
12987 15565
55487 47547
67790 17844
37128 9080
7993 6333
53851 45384
40149 12336
60758 17315
19158 13176
35274 57699
57859 39282
61093 55966
3608 29114
41622 65853
21777 58789
60332 15342
65913 28050
31191 36724
68426 126
27267 21771
49766 31395
66140 10013
52055 50826
48041 47765
16808 20688
56196 37632
988 23640
58825 18177
57405 38795
896 27205
60738 56690
52842 27504
8342 34813
2537 67245
33946 22575
31804 42269
7793 45602
43415 34475
8811 20510
64217 16437
1339 3989
54772 65432
65830 68537
59898 39801
65717 34365
12683 483
61301 49983
33956 2510
22978 22517
31220 5250
32439 49317
63739 18475
36955 39218
11254 51789
64302 55741
24611 34854
42212 36001
3852 63556
54833 55885
35918 61560
40381 2337
7713 55943
575 1849
67379 22678
6596 51487
26874 19183
53145 31840
30820 69092
46237 10968
9624 26409
20045 34821
40380 50114
1205 69909
12349 57482
17046 15459
63286 19674
44456 54467
53832 37358
27882 4636
60386 56463
47292 32417
53525 37881
68886 35024
20894 25317
20374 27762
18210 59775
33148 10247
4917 38000
11876 48523
5628 60198
13654 1198
48445 11054
9815 1107
41690 66992
41433 44210
51641 32327
15925 6171
48869 1667
59465 56389
9411 28987
41759 34517
42892 49305
21519 38480
68294 69097
29147 40201
10311 14907
66116 10543
2690 14064
57787 31342
67307 14426
56019 68953
41282 19437
70054 44763
46312 19439
60538 10830
12911 578
46714 65004
59792 12703
5316 31464
28734 12570
38596 54199
1116 36578
39931 62557
27410 8050
63144 43379
41144 6792
27285 35116
1757 5241
36038 65734
43287 61043
68361 16560
20497 39872
27686 31609
39198 4854
1152 7238
25703 36838
48017 40552
17091 40050
17661 18215
66555 15679
33351 58688
14257 49314
43660 48614
29819 30003
39443 8041
10051 25374
2296 23023
4979 14529
24428 55070
45458 8815
35607 21201
60486 69097
60294 32646
33980 61003
23954 13493
63744 49399
29478 59107
14771 9534
30298 44122
3894 5043
25101 7699
34721 44907
3187 67934
50615 31933
58031 54938
57612 17084
36753 65850
31518 52089
18303 28019
5737 68343
45176 39438
32333 14974
21383 57482
43484 1274
62432 36874
53755 44121
48789 34463
42209 43184
69579 60428
817 34564
31313 22650
56137 20100
11748 16623
61815 56567
9715 33106
20902 29680
8060 14523
19377 29637
50838 60742
58586 46579
14233 53147
24180 47639
43503 7006
3217 53422
15869 17982
51526 69895
20992 26577
25753 19773
3362 29610
59489 14451
5433 61879
26778 34698
8978 48691
55883 25939
54907 65028
66988 3492
20959 41568
40347 33898
27978 13969
32752 22905
42410 2247
20380 55366
11064 35602
2534 18733
28977 67603
2704 25560
67740 55448
38597 13176
26869 23374
30564 65299
64817 57544
46861 11617
37944 25076
39710 44695
19367 16480
818 70211
44825 18646
63994 43103
11820 47491
44370 64267
43930 9055
63998 26256
3063 5733
12261 44726
39464 30302
67507 2986
14979 50977
6026 68943
69854 32450
56695 67830
28886 480
9227 28295
61731 45918
54159 26049
41288 53430
49589 58169
25086 45993
35185 62490
21227 69867
60960 30886
51438 38078
13053 9734
66711 69080
31390 49610
32304 42891
49713 26798
65478 15171
56553 62246
65121 1284
66123 53001
41641 17344
42924 60938
6149 2422
63837 24944
12015 24159
31039 27058
69087 33351
48843 914
55110 18757
66605 65957
52989 7312
27305 58925
7965 36801
5275 12367
8932 20789
37150 31943
3829 65507
49325 15331
29425 33672
61277 9722
64260 58352
13729 1520
52786 42271
59580 51037
50099 64417
68754 42573
60900 5076
65829 4501
28218 59767
58012 46120
22766 7347
61635 16785
14263 45255
61193 66132
29489 19993
10276 2111
47991 66847
59118 23248
13921 32844
9353 5748
54271 64923
61629 39988
484 53398
69464 45486
2791 22925
24049 54445
63863 1803
54017 50225
55896 48093
10737 27473
48605 26480
27553 46329
38368 58307
60121 13430
8032 60788
40384 16516
34314 19603
15976 15719
12341 34346
37206 48601
63045 245
37010 15414
38410 57607
50740 14037
35161 58550
25991 23039
59517 65465
49087 19033
41647 5174
24517 1434
11506 4218
28348 51356
45084 49315
13040 22962
13449 17239
60164 53275
56796 36325
13942 11695
61428 52267
34911 32724
65602 28899
51863 64192
56758 17724
25862 13489
69567 64003
4394 14404
64321 65396
55622 8825
5590 23061
7430 46830
52413 27597
20166 64752
51122 2609
49032 40398
40750 19430
20835 40674
693 14930
40102 25810
25191 38251
34404 45994
32205 37864
29183 61215
39132 24491
255 68826
37082 21557
8989 51230
45219 6711
41563 44914
34718 66169
28223 62691
52514 61664
50561 16518
20156 30011
35127 20324
17026 21786
70002 68495
62873 38313
68280 6774
62685 41002
21072 61016
65484 5070
12131 25328
28117 67526
28752 57191
66238 62054
68629 59774
13161 18905
54597 62277
38877 32212
38106 34321
36037 46909
51695 63264
2638 60174
29704 11221
45279 36172
57491 60998
35427 42146
21592 15658
33124 26496
48826 8626
65014 30128
65476 36346
60201 50742
19938 43922
48908 20938
26004 15732
51066 13791
3796 14659
30786 61712
33138 55562
12773 27265
8074 21886
38748 13213
3870 10528
37379 62170
64846 49253
67570 70036
10624 69062
6066 70038
6906 17061
37668 56567
59403 65004
60114 40664
41421 18122
1668 66987
4380 13380
22141 43526
26157 67601
64615 65656
8881 51204
41123 44213
5350 11373
5907 9749
17908 31911
33618 46470
21463 11009
18109 65378
54929 10522
61139 25616
14844 58914
62539 34332
30015 19945
37708 5846
69797 26428
52212 39555
61997 64493
13547 41143
57750 28363
416 52907
221 38853
37955 26785
56360 14629
25741 543
45014 48506
34860 7900
11157 29779
59792 33176
39517 54343
12019 32669
13761 11772
42665 5238
4413 45195
25468 40169
25343 24188
48045 32414
17365 11996
63227 4480
49182 33580
679 21708
5422 67989
10352 10484
51396 61468
58185 67150
1567 29983
45595 1401
64813 47442
50999 33135
3703 36000
22385 69229
27662 59309
62961 59018
55544 11925
23474 50699
28442 38775
1539 9397
66445 8142
43881 18805
23856 2011
3230 66520
58364 63486
24858 49756
13092 59433
60284 15800
26098 2082
38818 40210
58766 1615
44715 50643
8108 50623
22277 43924
64361 65640
69271 35281
30663 28062
21533 46395
47249 29194
48678 9335
38873 26267
50357 4634
23285 11176
46626 17174
55380 18246
478 31880
37793 49205
19513 17676
22171 16036
49413 47058
42030 49305
11808 11012
47202 42072
51274 50507
35387 27913
39064 21260
3804 26912
47856 41778
39483 55889
13834 62234
34201 44268
147 9270
48682 19899
31508 59658
52171 629
51437 67093
42147 42134
21929 59146
37055 13604
3973 19635
15593 30586
60325 64230
24230 69017
60818 30622
12783 53793
8062 33608
24498 43841
34710 67126
14807 14337
23855 57964
63494 44460
7502 63190
23913 19244
28454 39498
55062 2233
57779 34943
54323 20095
19130 63415
36396 44304
2609 40949
3966 53230
56288 23830
35650 24071
33763 35653
2115 22886
13967 1649
42210 66524
24394 6348
1274 41905
23672 6592
3421 42934
30821 46811
30871 22954
45734 45225
40181 13893
4075 27859
48025 63948
51512 3049
33780 69605
16627 30418
43678 60677
49947 35061
43628 20963
67231 42651
46071 1611
67684 47063
49587 50741
10001 11824
7953 31705
56095 47476
23753 50853
23997 53428
44668 40074
59705 51881
54841 54800
12129 56641
8050 2712
53629 53002
32217 39031
33873 53823
50312 30850
49804 18780
22144 20456
1181 8563
45490 49429
58745 11313
50955 29909
12481 29106
15849 47776
10312 52898
40989 64939
17372 69660
23107 65536
48707 16373
48016 31014
5657 67453
916 8938
50752 5350
14244 60212
10932 58655
15472 67424
57118 26124
38360 30285
60580 38013
9213 7004
27558 28045
45214 33292
2175 21448
40810 20627
13929 30672
55698 51064
48806 64660
64159 53052
12307 57986
19020 27126
69066 29269
21625 59100
50940 3613
1332 7294
66623 60820
35536 48615
12003 28154
49807 23241
64860 68267
44380 27215
58824 63354
29373 19983
14501 64846
57786 7698
2469 48703
59752 10638
43647 61982
6945 54720
46251 28992
3446 43208
9265 29370
17756 29840
66029 47077
8819 57842
19275 16519
56131 29846
7947 2973
68679 54133
46928 6990
59376 43427
22489 30521
57121 21136
28953 57546
27417 7615
16063 21666
15024 52068
32718 39113
23648 47109
19276 40139
50466 15841
65441 6273
59818 7191
6789 64248
10240 32443
36462 56498
20629 10543
25033 30068
2016 1765
20388 7219
53885 69616
39993 60085
30282 20049
5469 60372
64727 69161
58831 53934
33826 54608
63022 31472
7174 60275
21547 23312
27523 56440
27480 53589
15710 66988
25444 9465
69999 68817
1900 32155
35471 13520
29000 12614
17224 65926
46913 292
55910 63579
65517 33342
58070 33847
23717 34016
34162 3121
40654 63227
9951 41334
103 23924
54015 29967
4526 25463
18950 53056
40915 30693
67469 27194
14603 34479
65020 20579
60782 20254
11981 65385
17369 46399
45625 40812
37545 8193
22899 44472
60474 60933
42284 13119
25502 33511
59201 34538
35724 58975
17798 25729
14257 18916
7971 69734
13127 36627
21830 27117
51913 9180
29448 52508
8817 36658
10766 66756
64757 46785
10250 22102
16251 26011
9745 66209
13592 26756
57162 9899
38669 8585
56491 26138
4093 12883
27878 55287
55440 10931
13899 754
11009 59953
21758 42301
649 57415
9397 35782
63271 8093
52096 35665
56581 52900
31083 67254
13391 9854
7830 40926
33783 36978
54814 18992
22808 15148
57161 54643
21029 40327
33158 19893
17975 29431
15973 30446
36682 57735
69506 29488
47347 66278
16423 53542
54286 30513
35380 67499
17955 11409
29555 47749
69896 67994
37752 29019
26634 23419
49834 1562
45715 13239
37000 15047
1102 47961
61197 55
40477 870
9844 24298
63432 42524
25458 63241
24169 22313
15964 53270
2603 69002
15375 8781
9814 48255
21729 10822
12389 55440
28443 27701
51109 35250
34673 16615
22847 24255
19582 46653
8154 10797
21483 50430
35402 60589
46917 35566
323 40881
41481 34324
2128 27954
53404 2673
59178 58298
23988 401
20853 42571
34696 16454
4710 39501
4502 63644
42803 2934
57590 64285
69431 15569
44098 42859
65147 16848
4577 2876
7791 40327
64040 67468
32081 55105
14745 35688
18494 3311
19479 51641
57960 50353
64243 9625
54743 60670
25543 46157
2458 33965
21861 23126
57574 38919
55286 27068
28480 6668
46155 19098
58708 63465
18810 44958
6375 53308
29981 55817
38388 7584
42912 68316
17498 19130
27593 2903
24585 7436
44464 19480
26050 24912
34419 58159
16591 36590
13741 16368
46447 65700
66132 22302
54909 52866
38019 8397
26256 70013
66866 40956
40059 53165
26469 35597
55485 23871
23122 29589
61020 49938
38851 67250
25921 58396
24757 30443
32419 14816
19553 9616
54493 34090
7303 23839
22199 46058
26291 20
40822 39982
61210 43767
69456 11158
13412 2142
31843 66526
26501 59092
22599 4005
59310 67195
21179 52731
24951 35799
3739 10104
45157 31205
63987 36076
160 7200
49823 31748
41923 64967
69595 4941
23536 57929
3778 47077
2076 68275
62583 33374
16336 55049
49856 22368
49205 65418
9607 3109
64822 66688
17269 14277
37130 41994
24015 21309
57266 68455
67634 28251
39006 3872
5619 56559
29915 18161
14514 24359
63060 63928
55275 3082
32237 55970
41832 18489
27022 12094
33112 59846
21812 37502
2140 3039
70165 60626
68254 46510
5149 62918
59775 17040
179 62674
15359 70063
56799 15863
68681 61486
62163 29014
61399 64310
9588 37754
49367 58784
22780 69276
38346 30836
7809 35579
10077 66965
19840 55927
47434 64773
56571 37997
55624 15788
66148 27065
35118 16791
49963 19531
56045 60289
4211 53980
62869 37110
42089 44586
41919 60390
46067 32677
1347 29366
61145 37611
2638 37092
53842 41019
65616 28493
57659 42519
49777 67942
52017 66018
56011 5822
54056 17529
56633 33226
6920 31229
48566 7191
175 35682
14016 56538
55716 43094
44588 62147
9430 48562
58833 1284
22841 40494
32173 6080
66122 17347
29141 29918
65701 20966
49740 60718
68574 1198
62486 6217
68188 43270
34437 6095
69075 44756
66074 6137
45695 24537
20143 8598
4899 64701
30059 66301
10183 64088
56076 53707
45874 37233
6884 7466
30963 59473
33474 32937
33141 2963
67896 13125
32592 39150
6548 28458
61189 46917
51683 33674
418 28525
46608 16115
53635 50450
2534 5331
27548 69401
55677 3464
60893 52638
16144 8504
45672 21799
34440 53038
17131 21740
624 12270
24308 29453
23277 39330
3304 10352
24023 7363
54522 37074
6669 35406
13074 10846
50883 1581
52974 20502
51672 3727
7058 20814
69020 456
41201 54312
40765 29838
53484 52509
6490 35525
67637 32741
21289 3100
14649 11807
28364 38415
4852 49797
42638 67232
32946 25452
69688 40929
43325 27222
62927 34528
21098 15290
25454 21232
57231 67132
22899 59776
40793 20343
15137 21545
31061 57267
22623 54364
26967 670
29854 31051
33148 51987
11246 29558
25534 20824
55664 34453
66624 30082
50880 5847
41078 34862
21809 36067
21187 1789
13924 44977
3473 50723
20158 24773
9700 69433
63484 53828
38250 36966
15713 12040
58216 9796
24638 56536
56485 68200
59213 12874
32291 13762
14790 15448
3169 16138
15794 49010
3905 41843
32786 35554
21816 58162
14519 8690
53436 24063
48500 4677
24124 53174
27128 49431
65591 58935
69166 57933
24273 33231
55284 46609
59041 14093
22629 42356
30603 65948
36516 25650
3830 53804
48895 66683
2962 24977
284 67063
8711 34758
19937 26076
60474 43486
33911 60522
66984 46306
62780 7392
22259 38184
23645 49217
35042 53966
7812 23476
3593 11086
50170 18370
30979 5643
19284 3940
13240 31889
30762 1215
33571 49958
40124 10515
64778 67826
62585 14858
17305 37517
3796 53122
7135 8981
37579 1832
15437 43221
42689 32594
69860 34662
58930 23929
21459 62465
1162 10274
69937 61448
58767 55658
60625 50434
15747 5890
2255 7849
49301 69023
46529 32213
40144 68271
32225 44120
53607 26886
48365 14169
30397 42807
15760 6475
38054 22783
16085 26651
34715 30414
42227 69931
11062 35441
5073 21743
15628 63595
41419 64244
14444 15550
60753 15664
69825 28386
46863 44638
6469 42997
37736 5296
46656 58308
12662 24152
53168 48894
4602 32307
20133 4756
14980 46270
48316 36103
43769 19747
67456 47027
6429 47920
6456 50992
25028 56534
15867 18857
24065 68501
2239 59357
53424 57114
42764 43990
52860 9945
7612 52787
13390 37928
14395 35794
4260 48650
3050 39011
53149 42478
5223 68359
27281 62025
60289 6538
54754 36579
60158 43467
13377 33680
14008 38916
27905 40914
53755 38760
60695 65485
55037 38035
68690 30059
16407 25910
21238 31179
23236 7047
7326 35962
14141 720
35385 34291
55512 31131
6328 16151
11338 52196
43769 48110
32929 17837
46151 65746
46476 63062
42142 16720
34394 58210
59902 64657
48826 61720
42664 64538
36199 69045
4044 48634
37927 6408
21084 52417
68493 4352
15988 32584
65693 40850
52025 4380
1870 53743
13800 23529
31786 2115
1881 44712
24573 16558
5342 11114
5487 33197
56521 19414
45653 37640
37191 1950
3362 13645
9575 14515
63489 1878
59552 5187
37473 54738
16507 27793
12137 21650
660 65661
11803 49131
64767 46030
21028 8175
29019 20831
32860 39950
37059 40990
53280 16397
20361 19911
9329 34996
25371 48042
43894 19434
37062 50831
8640 35417
39674 40296
55500 60665
32199 49370
36079 37155
31417 18109
16591 54043
41731 38961
34836 6731
62154 22287
12326 21535
24880 6003
55874 51457
24121 45844
16985 60763
48088 56468
51655 47469
7522 30857
18992 46479
45185 26005
70092 67281
42435 37212
32716 58119
43482 46298
6890 10386
65653 6364
32222 26736
9883 58391
25903 16021
36983 60993
67748 24394
36306 20592
62053 19508
44142 15432
24651 13592
61213 40442
33253 16751
55553 59457
3653 28951
20272 70153
11287 55333
2500 15911
24477 52285
52324 61052
28610 64608
24404 42358
23717 52008
16884 18707
1948 14122
38848 31693
56367 2182
19581 2914
19381 6532
33664 28191
16427 48417
16092 45983
55141 23834
56634 24339
22030 20725
63245 4085
43900 21510
22910 33872
5819 39886
54639 28282
49062 39896
46299 67645
20099 44840
19440 33355
15112 16777
47238 67749
32027 58795
36959 32625
51735 31330
35532 69563
13373 24581
27811 39506
13717 51452
14405 13882
1257 35128
27552 8249
18742 21834
46359 35471
14364 3449
69308 20485
42735 62137
29913 21029
37866 3622
5608 45314
13900 54663
59062 5402
36704 66872
40384 6257
39809 52106
66281 14014
66561 26900
6016 21875
60070 3879
16545 58342
2938 68420
662 5130
9382 39129
62507 56133
15962 10894
60627 64227
10382 1602
57697 63489
34113 41491
47781 67758
59803 36086
29901 68630
17174 64528
12028 58164
62414 31365
58063 63179
45585 24584
46797 2741
9552 40600
66721 45561
28843 33263
60507 5327
18328 55926
49682 46783
25144 26278
51029 49974
42551 24139
1446 63282
55574 6133
48882 15845
50153 62583
59370 19063
30955 68872
7575 63377
57592 53973
46213 38947
25358 48693
40519 22134
20576 50227
43615 67672
22154 29902
35705 33478
60591 6465
17729 12977
1557 41929
16317 1928
61585 48384
28838 68220
40008 27701
39432 13770
48095 5127
6673 63582
51875 34035
32051 17231
732 68210
27484 53850
58831 10517
65294 38808
37040 4548
67874 58940
64078 24022
37326 67695
42936 49805
20454 29016
12928 28474
32606 55023
43577 33808
47899 66261
32048 694
7249 3274
38257 34848
15229 30064
65846 28007
60074 58401
24125 489
32953 39683
32597 34386
11917 69797
40240 29511
69207 36057
9496 13215
7920 48596
45304 21432
58885 3717
32145 23500
65218 23082
2185 49192
41166 5180
16105 67389
67441 68991
34699 983
60045 57124
55200 18968
6730 6519
66152 31446
59327 8091
9218 9800
30770 46934
53209 58722
32037 25027
1877 65412
52168 14661
52954 19771
57952 32387
10013 17359
68966 22065
29814 32718
39952 19379
29508 57558
4346 26572
66449 64513
53681 59885
12302 67234
975 34170
18156 463
26148 246
69203 34207
46755 52141
24642 49908
20404 48351
35797 25296
23475 7657
62258 58493
60312 18527
67670 26544
55509 25563
35203 17912
964 40289
37445 5215
47804 6067
55709 57381
32454 45973
7715 42151
42658 7324
51074 61291
15064 17396
14677 14772
22962 29595
61377 37173
68777 69804
31136 52989
27033 64866
19671 11064
7957 21160
35742 17156
56614 55285
13712 4075
5778 4462
28293 44124
24261 65626
8855 61092
36877 5646
8139 24183
69880 44998
55249 59220
34422 41738
49806 25279
62447 29637
62217 5497
56465 10694
21439 8111
60058 61468
66315 38013
65850 60544
54483 28805
9183 43938
52625 51476
38694 61201
59442 69759
41012 7438
38926 66691
14053 18058
6453 27918
68634 31807
32883 42783
61625 46804
48513 54875
19582 40109
30664 38616
5525 30016
58257 29036
66680 49751
360 50205
70049 23771
50218 16605
33307 68078
49128 20883
51718 1995
9047 54872
1043 7494
61956 15655
38036 29952
12192 7977
23593 37314
22709 61174
19726 12315
67525 48917
33203 43417
5818 7125
6441 22794
2750 23392
42803 20539
58850 69163
456 16799
56253 39938
34652 18898
40471 19612
69208 23518
43899 17136
38482 56029
11202 21480
1837 56242
9167 1444
50 31316
49350 32851
63502 20321
36101 32057
64003 2587
54563 12558
11951 53247
25589 27435
53157 68278
50529 42736
61532 48120
57955 1986
54618 61957
54309 41200
27589 1097
22159 9728
2941 28426
67254 59905
65712 5699
32944 4952
15961 25583
17994 61007
14291 53903
47250 47721
26971 4673
47581 42573
58281 39029
36794 11180
19107 39306
4336 28638
50316 67194
46188 29551
4951 20051
70073 49942
9651 9332
23755 55606
5325 29539
34776 65999
65651 69165
53404 17405
64363 1549
2839 48147
70140 63070
9621 48649
38417 32453
3439 41201
46354 67275
36219 42224
64226 47974
65309 24031
21899 18660
66946 4286
67814 44632
51231 47706
41497 60906
53453 65390
58246 63493
2478 25779
49942 58190
29357 42722
61699 60515
13440 52450
59502 37411
19343 2096
59867 31093
30373 29985
23063 55634
29766 15721
7392 41003
23815 67512
29727 68454
3840 6216
32318 39403
45074 37295
33835 33620
62262 56962
57566 54298
23139 13642
3024 36784
46230 58567
27603 35598
61298 43565
32232 4960
441 1041
7854 57814
4836 53257
47845 55315
1714 66807
15589 53511
7354 43878
56216 10771
14240 29979
6484 6051
49506 15218
51207 67202
59349 52175
21232 43567
5557 4614
59259 61586
47924 1543
40668 46905
36045 40353
17720 45039
18065 6349
52574 57166
61989 51834
43857 52714
59504 51941
24270 58777
7785 3245
2271 26027
68201 1740
3479 17311
41731 214
14474 59435
44562 52422
18349 8444
5503 46499
21906 44248
63748 61735
29726 31156
42271 69283
41731 31597
59060 7173
25073 60161
25646 51126
43156 50428
18590 59137
15045 15170
43806 15232
51689 32290
62751 20053
61684 61010
9225 69696
59708 33933
59605 57375
25528 553
68936 9261
70103 21647
28039 47121
30756 62798
23270 24236
69328 24014
34587 28504
64504 26039
12539 28881
54682 1448
55146 10708
58908 24579
40321 47281
66426 63847
68990 60357
67620 44350
14014 38121
65991 38551
63473 56157
51291 18378
32497 15941
64097 54560
63289 3382
9972 17147
65056 19439
32085 35366
60185 39883
42316 12355
60686 67226
1938 63383
5673 31071
42286 2798
9514 14727
55987 5150
46854 6970
45194 27899
33041 24793
3114 17939
9304 62660
49347 62566
17736 51115
25951 67185
21228 56723
63129 45780
28291 61183
40462 20744
5303 55983
69649 52139
70009 31248
68380 66574
13230 27004
37164 3974
57867 40345
69897 38362
30795 33560
47958 3219
54274 6954
10711 52265
60432 54877
21569 62664
48578 37343
55449 3659
35225 6398
36775 9652
4161 10355
28084 1991
7330 52988
12015 53810
33842 57406
61133 16199
35088 25496
343 37421
63711 8820
21511 58579
16738 55466
68718 28086
13295 26099
4320 212
5105 38574
69218 12315
1375 61286
16365 1368
48601 47782
56560 18112
64199 28128
5610 52682
27498 35091
63246 26261
61864 19585
1372 55740
14091 611
49835 17740
7222 27925
54800 55025
24342 11766
30162 53241
41387 67076
8663 35891
12053 12441
10241 7164
24400 33291
48179 46574
30441 14870
54778 24768
57267 50380
42900 8082
53263 18209
4765 54976
21550 65326
51272 8271
53404 2347
27708 42094
14722 23997
64746 17262
12821 60527
4677 32582
61835 13999
58620 25106
29699 5615
26018 40112
62419 51324
33823 57745
15867 56407
43381 2706
51531 46940
62886 56388
9034 54102
44484 20732
47968 60259
21198 42522
36917 5371
53584 47553
43375 20338
21334 24101
67978 43978
4544 60588
27687 24722
2578 62980
59105 41147
34982 2131
24466 39727
65407 44984
24926 22221
66432 10483
11616 11123
37074 41693
34356 40286
52855 55903
30976 53312
70067 18062
48556 68134
20786 61802
5574 21856
3386 47850
16896 6577
15925 25099
8345 38550
5983 24535
39241 21884
10943 8226
69249 67307
48594 361
29684 50666
51095 1659
40590 11535
19747 22338
9350 27
1350 61150
20385 7807
50839 6779
60110 30035
35266 46347
258 29848
38957 68676
44520 54158
7896 42874
53778 2533
4101 39857
47918 13795
66873 53720
41916 58895
13288 28595
59645 33395
43396 54479
46208 31318
27835 9949
25110 68956
34889 14882
23758 17651
17282 49124
60709 52678
65202 53707
63055 35379
29674 26296
36160 39110
7257 56900
7248 65711
11591 7
40908 64043
36905 4703
25402 26848
7263 31724
5476 9767
48999 46277
2675 59101
46119 11102
21406 14917
5807 5558
49581 43111
14978 53722
13552 32710
3326 1125
55830 6936
61270 50405
28499 67632
50998 1671
37898 68708
8069 18295
48049 23780
21967 18717
26690 13378
21225 8466
56538 29509
17351 45803
8226 12923
61252 43948
44641 15927
10124 60725
26165 53921
3900 69347
68884 67288
10735 37201
58741 33974
2529 10593
53184 6613
5018 6929
24871 57682
4749 9922
11244 42676
33045 14351
19852 69560
1138 49359
65809 12360
4963 5192
47573 66322
56825 22116
31729 42903
14253 7264
59797 25480
15061 16297
37518 27910
48432 1694
65977 31542
55861 4518
44841 15934
2006 35640
12859 43480
14121 56103
67842 20965
13138 7819
53335 26622
1551 13489
52017 43316
39796 5609
13060 39161
27540 46095
17358 17027
36979 7579
23638 1332
49874 15200
27952 18160
49872 45598
15042 39988
68896 3393
47660 14265
66703 13242
309 35624
840 42659
48928 18331
14041 68551
18636 64424
3289 52657
53302 60285
30314 39624
26017 54705
28662 37517
40252 24682
3394 13231
12123 68927
51685 8416
9857 66183
55500 59074
38225 69697
49914 6883
25524 32033
48721 57234
23282 56744
68073 66351
4136 30204
53106 47406
62161 37072
18986 49503
39141 1853
29696 55803
1622 7918
17725 37455
50377 53717
69666 22885
67941 3792
21631 29090
23453 16036
3449 63101
54580 7897
7674 19578
3050 62308
19587 12580
64414 24096
38065 18430
41520 59205
47751 24437
20530 50104
44363 7249
4447 10602
30863 46766
6090 12623
1212 52319
30911 46285
20828 19667
43260 56591
6334 2403
58448 41240
13644 52073
2659 60329
44780 24018
37371 60507
59826 66412
27858 14794
16857 16195
18819 24089
24958 61934
5233 53740
3629 46722
16847 64381
17405 43475
12574 32544
62402 40126
5280 11828
60773 27911
48260 1107
25400 12186
58183 23535
12790 40426
39306 61895
62680 19546
18955 13117
46133 39990
54438 25186
53636 65623
39907 36865
38187 49378
60039 27929
49822 33576
57422 27651
38563 13448
4083 8180
60218 5943
4947 62407
36017 50994
65738 56053
8502 41505
40544 40576
8697 24482
16406 27360
5516 30255
28516 37909
35194 62971
14950 5688
58266 36270
60210 67007
4552 9274
67022 27818
14596 58787
15253 30306
32509 46465
64652 19281
22315 24446
28579 40594
45873 58028
53954 62764
36256 63182
68254 12225
61642 30305
49461 335
13318 7818
1560 39270
67686 20520
53723 29768
62322 42832
37549 39426
54456 53482
37812 67126
31045 67427
36803 1177
69035 70066
4924 22220
60759 12137
39702 9691
41 66187
3314 56741
38260 19408
56897 28314
45918 13424
3992 30009
68030 29203
12830 40056
17708 16804
55889 62351
40299 48877
51071 64191
41863 44189
16572 16536
31495 30456
8493 16276
27978 22014
14232 23154
38946 28609
41944 46514
48204 63186
47835 2256
1254 43562
58500 15458
20019 11269
34566 18516
19566 52348
61801 40756
3262 6993
35231 11672
23180 6133
53245 8033
10222 3596
28476 60965
49245 23300
62825 59105
48647 32507
1344 7103
59090 25136
34384 57183
46879 13192
26756 18723
43668 40256
32888 7065
15592 16619
29258 26598
68200 17855
2740 21419
4561 40708
36828 8901
40180 56085
15008 15292
4505 63444
22620 41915
61721 45031
9210 32801
11391 43021
17638 36534
44854 30680
23725 6740
61670 45106
24748 46731
40777 18410
29856 64063
48728 6821
48451 18298
24163 63461
51074 1122
27666 54935
47396 6318
28018 22583
66772 8622
6846 5332
42943 66902
50856 53072
11660 377
46072 30616
41949 64509
45824 11532
10425 38451
53418 47146
61844 41034
39008 31044
49498 37075
67150 50016
47498 70179
29278 3009
68214 54316
19868 46134
34919 49208
19974 13578
12308 60991
28433 59025
6675 33571
50760 57053
13683 19140
46440 29039
28056 59977
66757 69804
11073 21238
12625 54632
37432 27592
47083 20221
28357 36412
32451 56206
62291 34044
28093 46101
64504 6124
6080 53117
70158 66528
34045 61381
31000 11873
63809 13826
42227 26505
12590 29778
35410 60425
12745 44884
41813 22960
34001 32678
54494 7203
27474 68323
50788 60632
41063 22913
26916 62811
61257 14000
5401 1837
20634 40351
65962 44713
52089 3933
12189 51324
22878 29191
55386 29755
35308 32777
48059 66771
60487 61451
31325 51926
10426 28677
69478 13683
45577 51119
33022 7874
12615 22506
43333 51352
55311 17917
3248 51449
62140 4009
57701 247
62586 22260
68763 62612
27553 15796
51524 11344
36510 7334
4556 29021
27944 19293
52379 15012
59744 53018
14637 55943
43573 5792
19348 61332
20425 42711
43265 61518
45725 39366
520 45691
59453 35405
19428 17611
65154 37332
52317 62375
58114 52979
13901 34452
45501 33178
43356 54853
68160 46201
42655 2983
4355 69287
6973 44863
5494 20807
17109 53291
43503 1279
18218 62023
51779 18763
61738 39158
19473 48629
31425 9085
60706 33763
61303 65244
19427 23034
40597 60066
34855 28044
76 10614
28702 54811
60746 12601
5365 62518
4841 6669
29354 18227
33088 14323
31609 60934
13994 58613
19809 30804
50993 16
8216 9635
20222 67833
22070 44925
28663 43047
10586 9403
9259 53890
15790 15708
11747 7745
53830 65480
62733 60202
52911 31181
55525 14680
70011 1043
1139 6273
68517 27603
54703 21661
4481 57465
50696 44883
4197 42659
2633 32788
16152 4810
65746 41087
37892 16102
37381 59226
11779 53080
37761 63648
48979 57586
50902 59927
141 25722
14561 23102
12192 11784
48520 45637
46005 58589
6888 11371
32221 25960
51331 59636
9027 31272
29243 48600
49008 13267
1235 40410
2824 51994
56753 9423
56289 27224
13130 17005
29156 6954
51054 56510
54471 13043
28475 2540
4407 60538
57561 8320
27975 20684
56676 16265
17006 12403
38456 14063
40976 68853
60425 33809
21231 5067
57526 59711
61573 65578
35126 21433
5083 61171
57498 25354
55062 8384
27039 18087
48250 59358
57795 21790
1477 67182
56660 43624
62850 2143
66005 20520
66384 69040
8787 45919
45991 11405
66917 5740
48286 54477
2306 41521
43915 19853
68934 9140
35123 51471
44352 18393
30704 55006
62447 53552
51150 46489
65655 35575
25158 20415
25931 51664
62377 14583
50713 49117
28371 44846
37048 42517
16335 49458
14228 20915
45862 64514
1134 8883
38136 53038
24667 62592
65879 46435
2235 46084
42315 40890
4590 68993
43802 66756
19529 34885
24415 1954
44796 7012
60854 49638
21278 69089
39740 37990
14441 23251
54008 44102
44521 35302
66169 3729
34319 42506
37648 44444
27217 26979
25793 51154
53823 41841
53837 33374
21236 57199
9242 48030
6269 42684
40231 23153
11686 63511
43873 33172
44106 11008
65566 59399
53920 67909
24547 50058
10283 8144
6001 63443
11433 66377
16010 12918
47917 275
62602 70017
40539 23511
59133 66756
44888 34964
49126 32320
27760 56143
17494 55455
46757 14064
45034 15955
69836 9216
63345 27320
64825 6689
35733 17898
8802 59088
56877 43129
64763 21760
732 56167
59690 28972
15429 45194
61136 2866
1753 57424
57843 26663
40370 26196
33794 69856
11646 16109
59508 69504
35081 33783
65456 15688
21086 14476
10085 59877
7201 31376
31740 21783
16400 1802
23231 6663
41883 28938
46116 4982
44377 34249
68401 66547
64583 58968
68835 47820
22183 49784
9951 13874
19998 29952
52979 35129
9093 12796
36293 65846
42381 5887
41860 31556
55589 18923
39569 940
44986 56291
311 18751
33928 40125
57371 66816
59283 52029
9037 45331
5880 4509
23516 59762
57837 12285
42628 35686
69603 58487
16534 12718
35580 21829
40736 30601

