87686 1870
8931 50955
73058 44858
65562 51923
22173 76705
72445 3426
62690 62503
68751 14864
32556 39864
38079 35561
5582 80040
86982 18213
11493 64628
5844 8625
31209 44071
46936 10833
76946 31865
18140 52778
76504 48293
54756 1799
13548 67267
37731 14067
45014 45210
15191 82916
58288 18856
83215 50693
1510 29129
74496 63233
84450 84596
55406 67558
38534 1738
52847 1356
13167 27660
73754 83420
29382 30197
39763 30988
46423 57802
8444 37236
16348 19528
27859 16837
23841 23685
51073 49855
41132 8948
40400 82512
76863 18639
80901 4121
22288 7593
59037 62902
50792 30853
23851 16824
49195 17162
80371 25540
48374 79839
63078 37463
37927 64730
33740 73081
40224 23447
67082 60630
87203 33254
20635 14093
62479 16494
57869 72140
24306 60536
24613 52322
41827 39437
24835 19043
8983 51463
55287 83956
40109 76985
44330 33950
57253 6881
67519 65334
65030 76848
34863 84534
31935 4020
34258 78389
59345 61166
52038 62914
15577 6660
43059 83860
27458 70785
1684 38926
3889 6685
5047 18348
67026 87516
9256 30544
9151 25503
42829 53160
52327 26506
61480 49547
84213 12943
65822 29433
68786 46558
63916 68093
85924 16007
45552 31503
82285 79814
60338 38358
35914 80628
83026 81883
47794 26012
10283 53284
77344 52392
57369 2616
10408 11701
78329 8778
57583 66497
73694 72998
19091 78886
55635 43194
56971 76326
47977 23630
71311 37954
71825 4698
79920 45210
59322 78964
9386 50880
5860 690
40415 8878
2339 5641
81606 22203
23024 13319
37370 23551
46448 56504
947 19905
9167 43824
67513 68381
45541 76704
23065 63457
54197 33791
70245 30589
63869 76904
54961 2812
69414 75429
56627 5640
39919 28425
51315 31409
41125 37239
41527 8388
71260 49671
73662 80117
35379 64509
63470 44180
42170 73498
45965 75468
3851 52152
1779 72994
28503 82887
3649 60276
18616 3227
49602 53881
4108 50538
85485 79210
76349 63614
44290 86151
44912 15833
36921 47128
79512 82904
5507 44736
27725 41509
58382 70488
6716 31518
23015 46292
14431 23036
70040 69393
49098 1780
40930 18295
17239 59576
68419 54329
50478 5233
58546 31233
28078 33266
62055 37950
14854 83978
59584 68351
86864 4158
50217 15293
82824 79370
23994 43063
84173 66986
81167 47728
39759 45171
30497 63550
60077 74003
29028 15107
40570 46518
18307 5765
68190 26869
64932 43039
46649 8732
86836 73242
11743 47944
21913 50092
84405 31886
29625 34057
31775 81141
58736 79723
81940 80760
74485 28042
79620 86484
68135 32158
17851 37542
56458 23791
38479 51251
70690 42174
58974 753
67710 874
66665 18135
13392 51334
65144 78478
2214 2937
3262 16455
80258 57585
52550 21134
64318 64557
57786 40372
70 57352
80872 67957
46989 78894
9362 84114
84760 48692
54188 82982
16723 30435
8999 80684
32341 53133
70690 25419
44576 37555
4080 3409
71582 66388
58624 1061
46758 69203
30771 16279
61775 78142
58338 73027
18215 74818
85834 61794
47386 64198
60556 71609
23927 5828
19946 24901
41445 55464
19339 5241
45530 77424
47834 48603
789 1623
8108 64768
69322 7858
67916 64804
38651 29862
77443 67835
34612 63897
53104 61948
27794 77293
12323 36858
72880 35670
43550 5766
27009 47158
3688 53269
46758 75573
57561 19985
32085 28064
9599 10502
78328 64104
61211 3377
19998 21555
69991 51162
17858 50478
80816 75836
46309 83037
86177 19112
79569 84926
77772 62281
55670 71547
22474 58568
65011 5053
40634 9491
65746 6325
32733 19360
50515 3629
58748 21331
36923 53765
67142 86836
76304 68455
3358 32703
63844 69578
24032 11510
19524 52200
342 55545
23970 689
20290 55711
40055 38543
64288 83963
87569 47951
19116 67574
23276 67720
60259 35862
57678 75171
87128 42058
72655 65384
83017 38017
19880 51238
74912 76609
23370 39475
31885 40531
20693 21247
69829 60996
17646 48483
17342 30810
5493 55728
58394 21840
78534 66499
16881 34127
12768 45433
1714 73969
82844 28533
46281 67738
72427 83024
17512 49278
20736 19380
51583 79639
20067 13772
74742 45587
72565 2799
31879 45718
15284 25369
82364 34353
82133 76528
63134 39836
77005 86693
51409 11012
70487 184
9474 4179
32618 85168
69798 3723
23369 20317
12899 60015
54158 18535
16245 64374
70660 69689
33731 79381
77189 15251
54060 8578
50372 74744
2957 40877
11403 6599
2361 4745
42644 40590
18364 60502
27751 2197
30984 41288
58858 43656
24209 44852
13238 38368
18398 23347
60030 45540
11209 53164
87596 78151
26327 65596
85533 62446
25482 48359
70935 9067
60312 10091
87388 28286
86905 70914
29035 65354
28898 31005
11490 74087
25651 19040
53496 28929
78028 79570
27648 76090
1409 55917
54963 24803
49323 73667
11475 14674
73206 28571
27335 12324
4047 68942
38123 7697
36412 4601
48077 79539
57248 76470
16199 36253
84351 81521
48421 34617
39719 523
30300 4689
48334 62055
40442 50424
17748 48295
33478 53563
27057 2530
17363 37723
32866 30032
1523 69134
56813 11896
10373 4129
10452 12495
23749 55968
1452 35453
71760 73879
9775 29514
30919 11505
22977 5652
44423 84318
74402 26888
45585 32444
1905 67105
41584 52442
50323 7571
1822 59608
46984 49911
60345 76924
55183 55834
16965 51281
77683 50227
52886 51190
72575 84951
49465 39338
49189 43455
814 33718
75683 79984
7890 32137
11983 51212
54912 46416
34674 6246
7967 38364
57034 57368
38007 39267
83931 9360
23673 39977
82206 50842
75264 11181
3807 6323
3457 61904
75791 4202
1373 61452
37330 56817
69081 58448
10783 80442
6292 48180
7772 75844
61901 2444
25096 33485
4155 32117
33208 43053
7893 58957
31524 75899
81390 4625
66393 48554
72861 52603
83089 36497
35050 48703
77696 50672
53107 62632
11467 59652
32602 48319
86553 78117
21888 82207
65757 4141
21614 9622
46298 13328
62238 53604
62010 46543
70803 14444
77149 34453
26428 19160
26252 14504
63852 75318
74070 26130
29212 2618
23705 18986
77626 42196
82465 59929
85548 39440
57699 39380
5538 12217
4486 55511
80336 72386
71472 12746
23334 18148
36374 4279
83785 20914
39200 37799
69915 18461
29162 38164
15434 26032
16322 65533
76823 47628
65661 36472
79404 14060
20898 15672
22631 15372
60271 16129
24629 66825
79475 44070
61866 50424
19204 58947
51289 13657
61799 84485
74145 43669
52973 669
53889 68147
30429 64938
5738 16950
74214 5187
36880 25298
26979 84401
39515 87623
60616 28182
54073 73188
18912 29355
21448 83830
18225 52331
70106 27575
6430 83758
42351 82992
9009 66252
55918 46948
84977 45621
6778 35279
8667 84573
39964 17476
61177 18140
85837 42314
26773 67133
55768 30650
74122 21268
63794 30840
65018 10283
81672 6366
28446 11124
76704 72592
84262 11236
25148 19381
57678 53324
6973 51216
39229 80197
55981 58879
41610 68598
64764 59048
11694 18302
73020 23892
84153 83279
15541 33300
52250 9690
35594 45088
694 10070
29602 46926
5327 1131
6506 31836
86981 18857
35412 57656
71243 55914
59768 60105
28812 39078
28623 20834
45992 72885
65307 49510
63450 1745
18298 17005
6906 39246
46324 60383
68585 8328
13020 9555
16232 31999
45137 49861
68453 23112
19475 1705
63097 41635
46747 86122
4294 42286
58762 17434
31410 37019
2439 72547
16506 69098
86830 61977
35292 68419
10294 32617
48002 36361
58753 6741
21038 41682
30517 46277
38636 63957
4672 40818
42008 61808
24316 84343
10670 2895
3728 72247
20426 45476
49110 7268
43670 23168
65438 25632
47718 53432
7097 37748
34667 5819
39125 17704
30200 65682
13427 66264
79845 82448
29873 67651
7158 1514
84443 43421
54799 32309
32047 6412
12665 74465
7544 10445
62690 69760
11558 75392
80793 79339
68332 70518
21473 49292
4632 3052
36936 30682
415 30485
72981 80133
36838 19084
81213 18196
47776 67944
59429 67817
46595 34542
1522 13171
19250 69856
29895 16800
51048 11263
63272 47052
69841 36744
22918 77649
60339 53750
69866 54709
82223 71057
913 21470
21120 35531
64830 53766
29692 77545
22498 46968
70240 61079
87374 56567
38493 51982
43065 73764
17580 51350
65581 34688
36320 70260
51659 4748
67372 52530
9739 54790
36717 10297
49122 40277
33538 40203
71095 75040
49415 1311
67689 63842
34856 7644
11074 59998
45787 76759
34229 54874
55191 63361
4992 30122
76439 18082
66197 48748
75087 48698
20940 78480
29429 10315
45719 64933
34386 4734
40120 39784
60599 82189
2658 38167
52685 28548
66623 73887
21243 82575
65094 74591
66510 28046
9985 62937
21782 60752
54354 73903
21846 39453
45077 29858
17870 19731
75586 3218
57484 24600
9778 86671
20145 52101
85641 47673
85708 64436
60720 40842
13969 29766
3958 24227
68799 16341
44364 19606
25400 30901
30165 70376
27289 3793
25933 18160
29833 49343
62337 82101
19863 79304
63407 85658
20945 20082
79833 21690
28553 65165
12398 69589
74780 9403
68468 63201
24980 5711
75141 10019
6192 46328
33006 68983
67097 80005
42482 7638
17211 16867
64742 56607
66994 39116
1017 83887
60705 22237
35433 59831
80945 9334
64220 59765
46991 25809
66157 84492
16562 61905
53427 70442
85138 2539
66878 38388
42621 46355
3140 62431
51049 57843
44581 74390
18712 33111
1537 63600
34821 27753
31008 87615
65642 61981
31238 51567
26102 436
23558 52953
63808 6471
80944 71992
69323 42386
86688 3857
46392 31915
36743 78550
35904 50919
37260 6867
33846 57695
73645 17168
14736 83474
32238 23960
58904 54786
20084 5231
49540 16143
17372 48487
1282 4776
6477 150
26499 26881
46329 71909
32127 34300
20634 31649
83086 44812
57685 20634
28219 14224
29177 48982
78582 86146
81844 32368
23466 64308
31461 81544
69697 19133
33006 50870
7689 65007
75955 77723
22135 7469
31586 43524
42744 407
76688 10656
55488 131
22884 12139
72336 10983
63574 11218
60544 43053
10857 39122
66043 68523
36314 60342
51406 48550
53257 18212
6386 79650
77442 67231
59752 28105
87605 81391
85485 30326
54268 24464
71557 45984
77900 1478
52649 65661
80549 42912
27445 61251
654 48738
22288 81332
63370 87660
22912 37065
48915 23255
76762 10968
10989 84516
19690 14693
58899 81916
55805 22015
36657 16865
81205 48851
49932 47222
80148 44001
17773 41824
15025 54569
82871 39750
49472 42807
68293 67155
12495 21197
85892 9789
26681 66754
24518 24804
19488 50551
68161 65989
6354 58634
52073 67168
25606 68042
54915 11721
66762 26915
13340 76987
45760 39760
15157 41668
39335 75336
40176 42475
46691 29832
75611 20762
63241 46174
38199 35175
86273 63122
8548 12132
55147 68745
18659 68088
9609 45325
8433 38223
86107 82386
12298 50875
63874 37226
9674 21511
50205 32957
87417 83337
1876 86268
87432 3859
4932 83655
18601 36331
21509 34457
8867 69798
895 63428
33826 21313
44858 55771
86140 60354
40595 84665
60463 61124
36895 40711
35452 76356
67298 78670
39298 6499
81175 66875
41933 20529
59258 58367
37873 51769
83935 67955
16198 62679
46469 7227
28640 20482
7177 2036
55250 57680
53461 65813
68504 79091
53287 31216
84940 52320
3344 14564
32136 40326
36316 61126
37038 11949
32195 61731
50880 46591
67575 15879
10258 28318
35887 37536
32804 38017
76407 25767
33354 26412
85186 9571
68641 68929
59683 81038
34688 57548
41897 34705
69229 37773
23235 10875
40222 85721
41244 78913
41684 64547
74366 8481
80279 86959
35721 48921
25529 75795
40846 56394
77706 71906
18054 21527
43597 55210
41401 43936
78419 82400
49296 82251
37733 43318
55264 58364
80033 10127
67998 54548
82228 74920
44151 67746
27321 25686
37861 25976
82536 5458
87630 44471
84490 24496
54464 36359
37086 4373
50078 57827
3440 51387
40924 25064
35 51259
39050 59705
40129 71218
78992 63580
19708 47105
42809 46626
73796 50076
29946 48491
16573 46987
40527 29385
63580 84672
3761 65558
34037 76123
87628 35097
87552 55109
29923 28472
69109 3997
10011 17791
75040 1474
29260 52745
30202 57348
6166 23584
21530 10036
59839 55589
32263 8326
79959 1416
74355 86154
79124 72938
21866 24336
25128 1109
35862 33021
13224 10407
37620 71804
11262 28491
1816 59127
26767 1067
15704 6923
22716 52097
61848 55120
83856 73366
27597 18004
47477 5698
21862 7984
32513 12800
54817 54902
77261 81443
12787 26598
26919 31537
69720 35366
59829 23364
77487 31281
10976 75358
28420 76112
60123 49596
76477 74428
71609 41213
25986 29009
22875 74325
877 61233
56817 74850
1611 78081
48164 77652
52311 76547
11432 83459
25744 56658
41293 16589
46179 40175
87284 61570
13935 48437
45038 64787
58995 15423
38761 72005
76597 8950
1006 84624
29588 23242
15713 73170
21090 13873
4332 46371
9552 20110
72771 31954
87145 14958
47635 40770
14389 55818
66715 85678
73191 66282
42067 20569
24262 73406
63920 19464
18031 38074
11839 46303
31583 43076
81975 26788
22912 32647
23185 27409
69659 27919
61347 85774
71342 42930
52855 78322
38286 87006
37079 63409
75868 5226
81189 41047
3020 38046
24313 61042
49712 13726
60057 46872
13389 7278
60735 2613
61144 77988
80495 593
14012 78066
69488 67413
9250 76280
65222 5750
7140 81697
69197 31514
84166 69487
37954 48975
24956 68768
23590 19334
77429 39765
81617 12311
4280 85426
67312 72597
25861 83484
68850 56782
49023 41630
36913 25302
11682 16359
15847 20492
24301 64729
59246 65338
61237 70995
39332 52167
47461 10671
977 85207
44630 45159
84710 69564
48851 35372
50816 16390
29074 8966
19356 70814
36421 84367
27597 33623
70414 65690
45935 77701
43717 46810
31463 46504
21437 42185
31745 33687
81624 33767
49455 25170
11675 17874
77331 932
87684 46442
86306 10311
38347 36738
79415 79714
86480 56512
60110 38071
80673 72625
70831 19417
30641 40137
15954 2816
38610 18659
9528 13932
30963 73521
23186 558
37566 77355
59620 1589
51264 46835
24884 80351
16412 73515
10444 21408
85224 52104
65667 10389
342 59287
75877 62037
81924 77662
81167 49081
74743 38839
61444 55449
35264 86595
44226 13429
10400 34663
48012 61745
68212 69680
6259 53491
43497 30145
45752 77282
23012 71244
73691 58433
83525 85213
51593 56292
53546 9606
9227 6490
46414 19428
39620 2822
28993 24521
10895 86935
44616 14351
75081 31268
70616 80587
69147 52115
16443 48610
21593 13245
20352 46810
25844 22289
39614 37429
33432 66985
77341 64455
42499 46188
63657 38514
27727 79618
68257 31384
62303 74390
44208 65538
49638 26547
29665 42454
21708 78958
79904 13012
81698 19372
45604 76583
32721 7760
63337 57878
27040 50436
73590 53910
3274 36948
81329 35991
65061 3613
53028 64439
20126 64393
69531 84790
69262 31117
12713 31828
25041 84070
55127 79428
71587 10232
75068 52314
87429 30954
71264 87415
75290 62306
6884 42031
79799 28634
32144 65675
54666 14973
64464 37666
52335 80057
19465 55091
69848 86424
14528 67002
13286 28284
36632 34397
43963 86405
34436 59898
87536 62054
29274 20952
23468 57998
488 53062
16412 7012
23474 28473
84642 4987
5489 12847
41688 13338
59567 18285
39125 23505
28308 33932
42479 5093
30461 60412
21843 40690
60359 20930
37846 4992
39751 56626
11377 78701
19696 13731
14416 54127
34089 62805
26306 79045
5221 86294
3662 16086
83302 41332
74278 41073
43368 3017
3331 69205
10861 26477
27270 26405
17146 17313
9073 16044
37942 68513
31912 47873
43526 17539
54907 76768
71229 23588
57604 13089
43886 26863
7123 72724
83658 66958
74910 73019
37968 64607
1289 52633
85800 62396
19302 47043
33888 43107
66887 82404
22567 65966
43092 39806
27890 64527
29238 55031
49816 86038
33131 85043
64932 1233
14155 73144
49811 58898
32940 81805
74489 9719
7919 65087
77970 40955
53131 3569
36703 87355
33080 49884
63425 60320
29305 31909
29978 8589
66628 46923
77591 31366
23468 41089
66495 78070
15719 69782
28835 10417
29993 16976
20600 26039
37505 38179
49276 65132
79821 22194
42326 38299
73883 15372
30634 80844
14851 6171
54150 73782
72810 44548
61880 64934
7982 66553
30629 57990
81891 75822
74379 10067
82487 54942
51490 44617
59027 68586
57411 75558
12782 62157
29127 48365
18632 28255
76069 77024
86301 530
32068 56876
19534 28292
57537 22047
55354 82765
56379 81804
64440 3478
29105 51207
60447 35903
9370 14855
2764 68521
78922 11684
21830 31115
41570 80908
37223 11852
35218 79730
34127 19161
32585 48188
50283 49527
40938 77326
41135 4204
2967 65474
30299 14654
81363 79484
86325 63365
45819 28680
68239 25322
68442 85694
15795 67793
10859 39956
29316 17639
73052 25475
32208 45999
12182 14688
46499 86654
82721 62660
47411 71609
24485 48671
34801 25130
70344 3508
19428 393
39100 18646
56094 65387
18306 55872
87653 38103
23070 67158
2631 46820
49799 22721
34538 80226
30467 86165
82247 41435
24346 54232
73004 63354
24027 81576
16118 11426
33481 3439
4981 1203
27970 49415
46257 27175
42035 2128
71227 79539
5949 4254
56230 12865
86864 11618
36856 5237
84016 58885
84068 4630
66510 18528
35070 70121
28271 25176
61856 75645
18575 41786
8114 15253
12220 70776
19171 29882
1710 39103
10385 57675
59661 55619
45746 44756
5989 18677
72849 48675
53445 19513
82939 72937
6434 31370
39622 10490
71163 65122
79628 33109
49906 34995
66577 66036
62454 61082
59973 20543
4398 78143
14306 27975
49253 68846
11475 6391
5342 15343
61634 55543
18596 38066
20474 82327
82583 64908
64760 18837
39345 58597
83989 20305
73761 66181
5997 26916
64202 63957
41372 9996
71244 53194
21654 4464
3627 62472
35699 64046
57019 8930
32855 41589
80491 14328
16529 19824
42569 40196
404 71891
40849 10601
23918 50230
72872 34276
83998 78424
63045 63463
41169 73709
84006 71490
65856 31068
61133 42414
12522 57984
24077 12172
53922 44916
21520 66327
15059 10797
19808 69804
34809 12668
14860 83692
55341 52684
25800 78934
30649 36285
28262 24312
65764 10955
25611 55649
6028 40183
27943 47535
82868 75095
16601 53976
12852 10539
18083 30825
11946 84970
36128 60879
28792 4326
73200 76082
49396 1499
40373 17680
60887 42924
85565 51803
32176 38927
49528 87219
64720 46467
66806 80994
29278 2535
42695 31515
32725 83428
56532 84795
13116 32663
76941 40933
13897 5004
66953 22317
25149 21709
41938 52217
75365 10943
51816 65305
70953 63157
72982 33463
8528 60076
45066 55041
79108 77870
13311 50550
25782 30145
49191 6327
57583 69657
29637 67858
56278 73107
78303 62166
21727 46236
43538 74176
36978 52782
60698 6640
56784 10985
40604 45675
6041 46034
6720 31010
16177 37015
38419 40332
61005 60689
14331 5065
55408 84785
17541 53248
81125 70846
5471 60119
40561 17052
19950 57023
55463 69115
8455 10268
35705 8428
17889 38655
68173 82469
47007 15569
27051 28676
50872 74121
11761 41764
24549 55526
84588 15602
60714 23450
56524 26579
36101 35116
7306 66403
66047 56886
85852 5819
20845 40361
9028 82201
61160 19492
69779 11709
58309 24646
51862 81783
12152 44259
52610 10787
47819 58099
410 29230
69122 15088
67913 3608
28636 70109
16396 47027
712 54414
20138 17729
59874 67665
82299 57332
15829 21890
84917 85224
46792 1342
4395 13546
1086 81987
81985 13901
13244 50993
29082 86532
27169 34894
62422 70179
37794 51092
52176 12229
85870 71464
66184 79885
1370 85659
62017 33391
66001 39354
23739 27431
30183 82505
36821 33795
47267 86394
44349 38913
66444 65529
19176 65338
273 18634
9442 51971
47465 64129
5758 46012
14577 33744
36977 5827
30731 75786
52269 54253
26683 75930
34827 74190
17784 49693
52098 3223
36056 85275
48770 8977
59329 32406
37028 3290
50821 59353
86583 82092
48938 55364
39183 1178
72426 81860
40916 61416
10331 7350
84183 42715
44329 74761
5560 45780
44321 40346
63426 17686
47248 40700
50344 79062
50842 36264
59965 70271
79748 31051
73299 81991
8283 37300
78200 80451
3474 83957
60846 10915
27839 1744
46082 26530
71640 11058
55483 44074
44003 72093
43045 68448
11148 60310
3885 15410
28298 15504
52103 73544
54149 33582
65493 9989
55884 11700
19773 34707
4982 11378
73933 66830
27499 26383
68982 44346
2173 23847
48405 40073
84128 84432
37830 57797
62504 49444
78080 42806
29997 30388
69335 61624
69704 43405
35306 13738
33964 73266
30288 73956
2656 38876
47508 3990
18957 86413
47314 56212
68427 71656
43882 42890
43093 442
79427 49156
47016 86962
75732 75798
19046 34970
4493 15485
39097 37672
14546 71908
45155 76203
31162 37084
76297 13661
44967 33406
36639 50606
42665 72624
1023 24574
79789 42840
56500 69463
82777 75864
69091 10213
24294 33365
10100 49690
8964 77121
45433 82869
29435 52302
76275 71300
64597 74637
40705 34910
49673 25740
7377 11689
68862 58477
60743 30625
26265 57595
63627 7303
69710 36128
64137 17762
54661 69164
19314 62245
49281 5595
43774 19748
34947 39022
22571 29751
46634 16406
71496 22742
7854 39354
58344 52011
76006 20557
47601 65505
81027 68360
41003 67384
80733 29417
3690 77266
27620 4925
15186 53621
2727 44910
36141 65101
9142 76997
74978 9884
1801 70493
72619 76447
71966 43988
21415 9135
10510 66661
62084 24715
56571 78638
12710 23495
45627 50416
81698 54397
14586 2635
12722 64939
13379 32257
77715 61239
61531 37864
1660 32524
46409 67426
2999 73575
66582 10110
46424 52013
82028 945
81285 28716
83453 27590
79195 48112
49118 56940
29896 9208
63759 76129
13224 19672
58918 58243
66289 48294
7384 55115
12948 26678
19713 63228
16202 6602
71260 26927
57669 37129
50574 7089
56769 29819
2659 27812
57810 32409
17429 46508
79220 46685
24174 325
21063 38322
87572 1554
66905 79537
51681 17919
69864 63479
82095 7858
45444 31940
380 42883
12786 32520
41521 18709
39753 18048
69539 53861
62889 33885
81628 13203
61895 11484
50131 84970
56316 23025
12236 46727
31370 45068
85026 21958
75012 62165
45735 46008
12512 27679
51162 86994
70436 48900
62867 64197
38412 31532
52310 13902
59780 44499
74819 57541
876 10345
2152 4845
86829 22288
20169 22823
64838 6511
1116 44971
50766 51315
62785 70148
85582 44640
86381 85561
50367 3231
20886 36814
35001 86283
82601 43039
85330 60899
9450 76167
59847 50689
20683 35179
73047 45031
6533 74285
73724 78607
74706 64587
23250 79284
37284 42218
28289 59135
10514 70524
56484 37466
54813 86759
70389 87094
76517 77160
72405 34537
12664 40863
44771 79319
78177 158
38241 47968
61793 80344
79564 7363
40597 82621
75590 6181
59956 34888
53661 56839
58568 79365
28870 81608
28868 20737
43617 59381
769 69700
55373 12772
42491 84647
31327 21251
60532 45233
21002 649
10310 756
76388 29407
22409 61168
33457 10186
41572 11128
11648 43876
9405 9402
59337 29379
80444 8822
52178 46646
76863 21944
38271 45995
49683 52487
79273 73979
30607 7841
43456 80580
57028 57038
84584 5957
24281 2600
5688 79939
43271 87215
71543 57544
39839 32868
33846 51823
21513 38492
20878 35995
50237 37095
56511 37944
59868 33193
53697 14643
23905 27805
72880 44368
15025 43626
84084 30903
34141 7273
50275 19536
60388 68771
74324 38452
22720 35378
1669 3401
68983 31620
30923 63754
28796 30537
17338 2472
43362 21030
15471 41353
3947 70943
77511 82981
3333 70226
4008 51705
27631 35315
72548 63986
51404 45256
44056 61870
45693 47638
52320 48117
21830 37888
60238 3548
60710 13715
36737 74086
21641 30373
16580 59022
22665 68523
65337 73556
80892 72371
85948 16811
47316 64998
26846 22190
45950 29628
5173 6494
78000 18239
58529 42907
69055 44431
77649 84441
28740 12166
3247 51741
37423 39336
44528 75168
29500 46185

