71891 934
4599 10526
48550 31933
39741 19575
816 9204
26386 30283
41493 24569
11709 28537
62825 40982
24621 47511
221 44467
26704 44840
36908 69204
66847 38277
71723 45293
41504 12896
48509 18053
13179 2955
29118 55253
68308 55100
26257 10103
52152 30475
8981 2773
5653 5400
30631 11450
24003 44294
65395 45613
34499 24497
62877 34212
36334 54335
49737 43524
63694 36667
10483 33331
61182 69022
27559 20256
51824 45060
46872 27316
26361 37522
59677 6085
43616 61453
36778 15861
57096 26546
28616 66256
48348 56657
34085 56268
7977 2009
49855 19855
63131 25200
39804 21599
58574 21711
63409 36185
10332 9642
8290 8113
47943 23634
55908 59848
57799 13578
22942 6913
63245 60096
27906 6466
8857 5200
57503 31866
39962 32756
67745 65274
26449 47564
42385 1906
9659 34624
16463 18035
25124 35006
41664 44272
48393 61395
58114 9928
31903 57189
55363 38828
54530 35480
33140 13720
49350 14583
5600 66048
30527 65082
38128 62392
70382 15977
42417 49204
2954 65981
70944 57550
23282 29194
50326 63795
6727 15635
575 58787
15020 31365
5804 10129
62158 69533
65821 60093
25709 38935
56290 8733
44009 1847
54192 29208
30632 64456
21765 15001
36998 20181
52445 52860
68260 1659
24920 43726
31623 62118
10582 7560
45431 58464
70044 33090
36799 5846
15002 66230
65968 46004
52650 68797
15081 13142
34803 18842
5308 18147
21357 27696
69318 29837
50318 14853
49579 57732
32190 35140
62263 38710
54847 63393
34394 44819
6985 39414
36476 64329
17976 42758
61993 54665
6971 27492
54873 61563
52937 63462
14022 25931
70812 68128
55522 6803
40755 19038
59786 70595
34230 4274
54 66353
64369 29490
26600 6671
70191 35243
69623 15556
55566 45585
57028 29933
52438 63262
21927 25184
1214 4606
47591 57054
42613 60739
19675 32741
39857 33074
27427 36911
35571 64865
1318 25466
4354 4664
53748 37002
5040 48695
11295 66573
18757 20287
60205 30007
40849 6883
36295 48698
12716 71129
45636 50318
44211 69811
55394 4007
42559 25438
5263 38909
43518 50547
25113 50100
22681 25952
39218 48502
44450 20019
8319 40973
59688 52277
22397 19341
50834 54644
33654 555
5505 63944
37234 55749
5170 62499
26824 25627
69459 61855
47547 59096
50924 680
35150 9244
69923 48093
41522 51730
3868 65209
11269 48876
41824 59243
10949 68784
58715 7002
44749 46594
52064 18799
3092 39769
71544 4308
16399 49886
54098 71886
33120 65136
70723 42022
60223 49789
48593 19824
62176 67428
14724 69124
38450 9132
10491 70058
24940 3867
44046 9209
1353 67419
45846 67551
62050 19847
26275 56535
55232 40046
7092 48538
15350 63524
13578 19235
45288 22510
6905 25263
37332 65017
48521 40736
38228 17692
24005 44314
32796 18540
54026 47676
34158 56191
58401 34411
1144 12332
66898 45203
47346 10684
31969 48214
15072 38162
52092 68231
68115 5688
21642 32783
66036 45580
6682 48761
46715 54871
3093 68438
51960 60692
15941 12300
66905 15172
55329 25974
25990 71826
56072 21579
2793 71233
23687 62565
13884 31571
37693 65531
65816 71096
69674 11394
17452 58009
27906 27333
7051 21300
6638 37188
29411 31623
22907 44275
55426 4043
19707 55310
12366 58438
58635 14422
60732 8815
66087 34829
15413 53363
52967 34674
60129 132
16689 52320
23935 47871
4982 6042
16299 17611
26332 15989
25980 68253
2475 26150
57415 41248
51909 12355
44359 48249
68997 69205
35076 32683
46263 12633
64036 31243
30050 32508
29715 55140
268 62240
30932 52480
1667 25576
45982 44407
66162 46320
26696 46337
25615 24277
19108 50677
7124 45555
55957 38472
24223 54820
56181 36401
16458 2053
53052 51490
71427 24933
56568 59033
36777 33775
26601 21375
46448 14359
5407 5915
17327 58759
20315 43631
65329 30136
4970 69243
10012 25677
9852 29996
47988 51705
42179 18601
14354 22434
55149 50187
59728 15280
54524 2895
64879 18690
23258 39746
58329 638
19418 7055
9295 37156
24338 10285
51960 27317
6230 51744
69982 14246
53752 69796
48138 40385
9983 30201
8768 67449
34006 36791
63368 56689
35698 12955
57389 18177
48346 69983
45988 38047
40798 57515
27760 26298
43201 7857
59282 19601
30485 44481
12593 46416
52290 2903
40535 35431
39941 5416
45199 59053
50058 13682
44639 11333
71657 44085
63572 20149
35700 64935
55396 53985
5377 50246
45842 53259
36577 54115
8138 47270
3228 29770
11931 27252
8645 5097
13633 56640
50489 52315
26938 15910
14656 36587
42710 28723
34291 18569
45897 23613
33465 21900
70705 1642
896 21753
52391 9626
28575 9253
59217 48895
36779 16293
59405 22290
2434 64670
30783 39047
52549 9812
44586 22577
35335 63066
36277 5429
17642 19505
63433 11142
58942 43601
64702 30531
42063 34110
62634 51486
21202 25392
40180 71326
53299 54758
36483 43840
28952 6732
14229 69614
68975 69324
57671 70862
68408 11375
27165 46792
42410 36643
44855 53362
46549 10608
39991 43013
47631 29613
8265 41704
13542 8649
14948 52295
26073 38219
53896 8960
216 43443
50144 12382
63169 47839
56399 8074
64993 67719
40498 65606
42288 70050
8480 52739
51378 66328
14718 44159
28588 160
34285 64852
16886 43033
42500 2296
40891 42933
52255 30262
3403 36172
18742 32870
62345 5051
56562 47054
42805 53667
6505 48276
28813 5449
66820 13956
57064 33822
17044 553
68232 6440
69721 65954
45986 7628
41927 43333
68788 15145
67897 68485
65124 39496
42797 21762
45838 64475
28221 15391
10455 16419
34466 17525
24213 43752
30933 44858
31683 9582
44980 47057
47014 34331
4189 47257
7157 59968
12695 10815
19167 16048
62763 21271
61773 10324
53710 22773
23640 4100
46925 23654
13061 16970
24271 56548
33084 20913
64767 51128
57866 48033
57370 14914
35157 22268
47938 21743
69412 58796
57832 18462
10753 65517
1748 27593
20622 44777
28213 35286
50789 28371
2666 35226
14821 57852
59691 48764
14540 31693
4826 36967
58069 49825
46386 43123
8426 58918
35662 7994
39298 40052
47371 28300
44692 13437
57091 52233
55576 46559
65990 24335
3984 3454
28365 71605
9218 1263
60928 6054
16856 15363
3090 69408
48329 24104
40713 16578
57358 40010
28732 57672
39122 46912
31272 12769
41680 20973
51027 30651
45704 14693
42194 43151
44259 56830
53637 45689
12233 67417
43660 40966
43715 3749
25421 44276
13028 25769
27609 8666
68362 10035
36859 6555
55716 4350
2280 26002
61267 50912
35085 28622
24579 53262
50637 31889
47022 10489
35733 49748
32535 67519
5741 49150
28195 65438
46286 14523
42273 46970
3779 19942
23035 35251
40714 53402
67968 14839
30222 29929
17835 32141
3918 40525
28449 3351
3023 41116
12650 38141
15295 17445
7968 60807
50683 57223
46871 10868
63110 28153
26737 14794
68149 60787
3358 17944
1960 27722
530 35486
58255 17499
56121 54895
4957 28001
46780 57660
51445 24483
6061 65994
17666 36020
14055 1642
26327 54123
10578 45342
38952 68663
68937 18376
50255 30907
32974 33661
64722 39833
23520 38275
44533 28566
33912 2947
42234 54585
27116 47894
13038 69615
47283 59457
51209 26286
57655 30573
38875 38233
57800 43881
52053 5517
19767 61919
50647 64526
33367 10588
25231 34298
51285 51527
16059 65686
37766 4087
28717 71027
17543 41431
26921 36162
11482 63787
33667 25496
41375 26176
53297 71872
53921 41655
13464 15039
6946 33278
39837 49584
27867 53275
44492 13212
61635 45178
39499 23147
58067 44346
49550 62348
8973 43580
51447 64560
60792 6002
315 62226
15871 57232
52555 71545
51975 16677
4014 55759
32360 9172
14427 65637
46049 9591
23042 8286
21896 38574
5011 30559
67580 9082
12095 19546
67410 34936
32840 43887
36017 21803
54162 55978
26926 58894
7494 64642
64752 11110
20521 49559
11560 27115
63243 52579
5596 37274
33955 51140
27030 1949
52827 43990
23999 66380
16095 20499
8931 2386
55499 68137
19217 66318
50074 70333
15715 24824
24397 63537
32493 1042
30409 41615
38611 68360
37006 47099
53084 55409
58322 30594
15456 23517
49324 56383
30805 20408
5446 60060
27180 11786
48120 33346
70426 15755
37739 65663
25452 20512
38226 62147
7233 3012
675 38962
53464 7389
12174 63739
53778 64758
46656 68986
17245 48390
40692 31933
66428 21782
29270 62517
64439 3793
32277 71760
12117 54345
56150 19295
32714 25321
31136 56092
30130 46549
60671 30585
6059 22370
15911 29542
37299 13434
15985 6222
9693 13281
20425 22134
16997 57306
24239 11505
486 59218
24784 68905
11587 69186
4497 61972
20406 27880
767 60000
59735 35860
31244 54745
35183 66452
12875 8348
14434 40658
15958 20344
44985 68281
64657 68732
8018 25801
6536 70680
70753 6
64431 25903
15535 26532
10283 57590
50681 46159
32309 62424
8558 70653
391 47182
18341 29458
28136 10904
10831 20391
45410 8120
17666 59907
61283 51604
38623 27254
38711 11655
61630 21627
27506 43338
24199 57746
62030 4973
30009 32092
29288 69646
64040 53362
67133 6936
34032 26890
27560 47586
15392 33676
48584 32303
58140 52128
46912 45512
63290 53260
44965 61900
14041 47596
5484 38748
56913 40222
61644 48204
13716 53178
45669 40023
29251 39094
30766 69897
52576 50090
63718 36314
22901 51423
7766 48615
26778 40267
71139 22192
46213 37108
21258 68222
58407 57441
51026 30113
24580 44754
17581 70552
47159 28072
62316 15497
41041 3109
42122 10540
51331 10683
33088 55722
31790 33566
52136 67219
50729 56905
64064 7387
7737 6403
16648 14122
647 54287
38870 49757
18012 6102
24871 9893
41068 55536
17891 28187
67519 54187
42380 5407
28411 20682
12932 28111
36682 28279
51664 49845
40151 34011
30980 67875
66353 62039
13783 31373
27641 64315
14607 6654
13039 64423
67651 35244
16409 1529
4752 58325
42540 7467
64702 60251
3756 66829
35438 55395
31637 17253
3863 16302
7297 55306
45646 50336
40228 49975
67602 1874
55906 5831
38424 28841
42539 38293
47022 16596
29243 18966
1198 43948
35808 27634
34166 30496
54278 36741
8217 66670
1350 60669
1423 56062
64953 26904
41545 60709
24843 55946
54174 40979
68999 67446
47458 10957
45208 21355
38016 25506
70835 442
1304 30486
50234 42270
32844 51533
42508 43378
49778 32632
16489 17875
54027 21833
23796 56694
39208 42131
32735 33973
49539 34690
42307 61665
6170 2524
12356 24998
49346 7728
27069 23665
27576 44806
41327 28963
56794 48756
41181 21935
69647 55706
9457 26993
48774 10409
68868 62411
17729 42026
18707 57258
14103 32384
55016 38516
17296 51431
39825 58417
69628 35959
59225 24600
2048 57313
16498 59026
58552 18702
71590 5416
55752 27446
51253 123
44889 65403
34077 864
10818 69837
28585 21440
31305 26968
46168 61235
19109 7038
35219 65652
36554 59057
17349 28109
49246 26722
68727 54554
25319 30134
39817 30853
50495 48842
49097 18871
66806 31870
32101 65452
20897 51963
40360 19608
4598 32332
71810 71111
24529 33132
33421 3160
56767 36477
44023 43236
44811 65052
33619 7205
61813 15113
22375 70397
14952 68132
45285 71244
22539 69983
60417 37531
30656 16575
50796 45037
67604 11573
294 21560
17515 6588
31223 32025
28355 51170
68063 6912
33283 449
35040 18451
61253 22774
32599 37714
56378 70779
8275 36902
3326 52286
53638 35233
18787 65076
29254 47171
51416 7872
66791 11079
71464 47591
69364 62416
4191 46434
59683 37437
9776 938
6672 26551
47235 48310
70923 22744
59869 35748
35497 5342
21424 4393
33888 11935
68319 35750
41500 32700
58491 11744
63912 13608
42014 58414
3599 41073
16980 40702
9023 26309
29961 19288
20659 2061
9637 59847
57280 55814
59914 3438
26 34954
23795 70428
25174 32617
33822 25154
68744 30160
64046 13446
15919 2261
11954 386
71198 60501
17086 26319
70166 42656
27322 31042
979 23711
32702 24741

