90508 7419
71196 51689
2800 82283
13173 45392
27672 61199
26046 15024
70396 30587
11424 7108
88925 49988
59631 38809
9500 78932
6447 54675
24867 16520
86081 65734
9881 79563
75204 89765
76003 30829
22696 70451
1092 37062
40780 87021
27950 71918
86935 11083
11690 63042
5430 73202
32289 32816
17639 89392
17711 58006
25337 37464
89250 29870
28746 14000
84298 51372
67562 46997
5823 61654
18931 44015
61924 42278
45328 70488
58417 9974
39535 89425
31160 73625
81208 23382
82035 32199
61953 66135
37331 27435
29185 38556
86971 19505
6041 74951
6943 23081
44791 3945
55667 40816
34351 28768
6217 87716
77546 65476
71723 23932
47949 1608
53536 61571
87703 53547
67409 45196
55693 21705
12898 76502
17796 33486
86773 86861
67244 15523
20662 81073
6840 36552
75861 35057
44639 77338
10688 43027
53142 66491
19145 25648
82825 15564
54865 31803
64232 52552
41296 58617
6715 31309
63121 15831
15046 3911
67897 21578
85859 28854
77319 44249
18920 66483
43820 47447
20410 39629
58904 47729
44985 85838
3399 72212
29685 51929
5758 52223
13315 68293
82761 17255
7483 85316
25268 82342
61206 31528
16066 8935
65129 20178
21678 45314
6413 42705
56473 39828
56483 50867
8386 10932
66142 90218
87206 76381
71701 83165
57052 40932
78889 38571
53609 76304
10511 7220
81217 43849
74655 20167
36857 23848
4849 55098
37009 10390
67582 78711
58300 5052
32998 26259
27670 11553
81302 40631
54284 73073
60174 59667
17158 9375
8818 8845
79861 75190
59832 29873
29275 14450
21505 42595
18183 20136
77291 76421
42786 877
12982 43112
60683 14174
28712 31262
41413 70360
9295 31815
17403 45773
65061 9066
41185 33232
30890 84568
74969 863
54768 72489
33775 34824
16048 23924
37709 83676
52309 28447
10838 44572
61879 506
50535 30780
33007 26442
74616 21770
35872 46218
32925 31247
26440 24027
52579 6700
77684 34900
24769 49493
47833 1246
22788 40014
83729 66667
70391 20044
7175 44757
45295 28258
30369 64025
58628 79418
5281 78516
24336 49503
24271 31587
25801 16469
30255 11171
4039 10787
27353 68330
39869 84522
49534 24388
74316 89384
73459 84559
57306 88678
76589 30482
85188 81187
19209 68614
78118 77249
31238 61562
4079 56616
26883 9684
66155 75206
79846 19456
89676 10165
50696 61168
29110 63296
2846 52335
78123 81097
36836 54972
30658 36383
70876 34866
81903 38621
61966 9337
87628 60611
16476 49973
14513 18634
76743 84037
57990 12920
50931 71665
16874 22140
74189 79843
36475 13760
6528 57178
20471 38095
4356 32118
85349 71332
66104 74355
70739 75548
24895 57040
26920 84238
64686 47542
31721 61557
17180 31578
6666 64817
60932 86930
9191 34015
18188 79168
67742 78634
52416 52172
90407 72749
59367 1744
43669 17518
90497 30763
35390 75550
80490 18729
18953 27185
30290 21303
34142 52595
43437 83856
78560 12450
74066 8752
81727 20742
43845 53291
13391 66141
86283 12193
73201 87915
72165 41983
56675 71521
29069 80344
89256 70348
54813 80423
51056 24559
86373 86661
32467 52813
34781 19347
60077 55517
1096 45050
23579 77324
43074 13120
35738 74031
13567 21347
22912 46013
72393 70106
13749 18614
60924 39588
47605 75962
20156 6932
44596 64580
23999 13329
19373 23970
68172 65934
56720 21319
87431 87655
79133 67120
85719 26622
58558 23027
74003 75784
82514 44641
89382 52794
49879 18638
53715 71119
23409 56739
63584 23324
7246 85511
11732 29978
30357 35612
63424 84398
20706 89642
36244 83944
28377 20844
37829 28869
89138 26662
6129 45484
75971 63615
56887 53754
16999 33491
73422 21858
37572 20060
58827 2785
69546 44331
51799 55181
22359 5260
14421 72216
72275 24555
73655 85263
90065 17495
40088 73280
28201 90295
22937 66448
6706 37894
19653 46725
15169 34064
1951 41739
68133 68641
87620 30920
41973 12926
24911 28043
69294 46981
21173 45828
37109 7968
27602 64258
67424 22811
64666 54351
52411 27842
4775 66294
3178 25021
1967 87396
69546 40264
30799 68642
78679 25154
12416 57145
63592 24049
62035 10202
46534 15230
9002 19555
50337 994
69125 48205
13824 32588
3954 33361
68336 67643
33766 35569
51631 47571
35062 5732
52284 23061
3688 52840
46631 40803
47214 36694
35234 89910
57478 27106
890 53655
66086 47803
2395 63619
80548 58884
20846 10225
67268 18618
59034 83775
21336 15458
36465 53649
27594 86206
38136 77646
65694 46417
72254 52993
31798 1913
57516 13869
63152 30677
41268 61256
86743 61467
11836 18881
64164 49376
76628 31635
6976 83248
61643 59625
80240 14421
57325 40059
18994 44408
61777 51078
27326 46511
17106 71337
3396 74120
82405 50122
52750 6692
87499 35799
45438 67960
48715 76649
72022 72217
49331 515
75763 30042
65917 36585
11809 22790
24288 26561
75555 19247
42858 36460
57840 83003
13356 80457
30246 57420
25199 28138
68554 27423
9087 31063
23914 57612
10360 24691
47119 13239
53358 85960
31076 11043
72345 45378
31963 47763
22004 5905
28798 16849
31076 52104
18140 67113
83042 50426
32623 70669
2386 20202
65544 1442
38272 22448
14573 54649
78721 3794
83386 21081
50532 80647
33087 83497
23287 67784
45279 71713
57754 51687
88126 33816
73518 46066
28777 56696
37175 5674
86968 16002
35752 8574
5307 75659
46983 68008
15956 56608
58848 53651
38624 16726
45096 78129
48460 59416
58828 13291
27110 67234
22622 81552
6901 4310
67661 49116
2805 77933
13284 19103
52145 49591
21331 85022
14360 31105
78682 70769
4094 48874
72189 86060
28677 21537
2377 54747
12906 17844
80222 618
9479 60071
85775 43735
64743 34186
20599 19731
40394 76370
46396 80440
40265 6269
38093 59332
40067 41222
40956 8072
43296 9304
50953 85914
20239 34327
18266 2566
14750 58105
6150 6202
85074 49114
50066 29875
1324 86661
75271 5059
1112 48080
11146 34849
10913 54532
39811 25552
4531 84674
81988 41834
9332 32451
42904 52362
79373 79509
82981 70282
50414 70306
11108 85188
19087 71217
13278 45032
34822 1967
29663 45393
67321 51006
1412 6183
3929 2581
27639 70704
63548 50222
7653 15931
17085 87548
43839 67636
5585 64621
74061 80036
44725 13957
65065 65057
56933 79523
48351 62198
84336 36571
45236 35077
46091 33642
78233 25252
52953 52597
58162 16384
31389 42995
31454 41404
38019 54740
14425 5959
7312 37343
58879 2146
10263 27846
11097 73792
73866 46855
50127 46934
33597 13388
49964 23787
6843 56197
74492 49468
43319 9933
7940 87506
13621 51103
30513 57940
11120 60836
7006 81451
10235 52980
20156 39606
40822 72446
46353 76406
77484 17004
1028 70800
32835 50083
60845 29043
60895 53481
75460 2688
43999 25476
29820 23085
35298 29922
45383 8843
78855 80309
58780 24259
36901 32810
81479 26589
9128 9211
53624 31473
77478 23467
39884 8484
11932 77989
21341 55873
35794 48704
90407 66135
41323 54769
12565 43378
72461 18681
21569 29844
34784 8359
62795 74389
51281 9419
30535 24356
182 35824
57723 498
53777 4711
86315 63770
62125 73776
26795 63871
80287 73004
21775 82758
18161 19066
88774 39289
31116 33154
37927 10036
84737 84997
20833 85739
53137 80380
3008 34145
78647 3216
79670 54053
8655 3756
69955 77065
41019 10462
59947 65826
5772 85481
26539 20130
79439 29580
19598 58185
14991 68839
26575 27142
4512 18314
88202 14873
48465 58084
22290 85782
1330 38909
76214 44587
81778 4630
76073 76139
27421 66682
49749 89485
87758 90188
77251 73896
36323 85382
4292 30446
63627 87942
85607 44047
19851 16728
51521 30974
79359 9413
14105 2263
64183 17190
3098 52050
89664 28910
52613 34326
39619 70002
56126 33200
75769 42493
38778 10282
21828 51735
16517 69655
13961 82162
7899 17210
27054 1610
47753 22061
54094 9345
34394 14979
15452 14593
50753 52807
44044 19047
35143 33002
74944 52559
48670 61067
51497 49289
45855 89821
81714 84794
87935 38462
60914 56569
10234 28247
78834 74465
63066 37270
66534 38091
55897 7726
83224 64227
23240 40516
20120 10836
87500 66470
58973 61916
1308 1848
34455 69582
77526 33379
83719 48075
88372 73754
77635 75430
1387 79685
57462 83584
19024 84424
18291 65591
52531 53467
59364 76151
28555 44743
69523 11193
10174 85778
23817 35400
84906 53357
16557 55659
35982 28394
51396 35492
21564 83327
73458 84217
18402 11542
21565 27794
41471 46128
13737 41668
67157 45034
87287 81772
63734 42643
18514 83103
1440 10998
69802 77575
30083 3376
4048 67069
75950 25251
42900 80512
24249 69981
50677 65094
46306 32685
43498 58446
64616 54937
31189 5808
7688 73982
36879 24350
37238 71760
49733 61246
45518 4238
32045 12330
53546 38387
16940 6741
76849 83757
74155 51445
63468 61381
37513 60035
36889 9432
30085 71399
26183 52566
54800 80462
69458 27682
3617 6937
33628 33935
63885 46622
46371 46154
64001 54381
64760 40140
10379 53540
25906 44071
35499 87498
38179 53335
15816 26310
46483 30530
46878 46335
65150 54820
65531 27865
4700 68526
65939 90443
73685 50112
68356 36164
26106 14681
81376 63149
83128 7285
46198 75515
27636 67951
70713 70638
65804 43572
14072 27926
45467 69523
86987 42902
8947 85192
81892 37523
24658 84111
23421 54633
37253 88996
22988 21799
16827 50395
5376 68529
15891 8831
81968 42658
87794 31711
40105 40243
42223 34946
56042 85060
64090 20679
78823 66289
52874 90092
18947 56404
57578 86726
86568 62408
46262 48802
86914 89877
5379 50905
20694 5299
35619 57724
49723 84144
53197 41211
22190 83646
68205 2773
50670 1428
17512 20003
29993 78760
1237 82977
78733 37325
68844 40788
17516 69814
85268 32473
50227 28858
76685 5915
38552 59527
76764 47269
52165 12259
9162 55507
62542 76736
61162 69921
63486 87387
8962 54924
3342 25780
45049 49724
62009 99
51904 44914
69430 80899
1730 24011
4003 73942
30379 31187
86277 25102
32076 9093
80224 64831
2859 1352
19021 21899
71427 47618
60872 25620
83732 39158
1986 64890
26692 53717
55579 73597
37442 81552
73925 34473
35407 61479
443 17666
90123 79331
20266 76124
79862 64721
32026 74775
79351 61536
62 47021
54199 15962
55931 12319
63226 56039
61487 1585
39000 87528
35860 79073
73141 11100
85372 63818
35841 80551
78957 31030
86726 11291
50850 45950
67920 886
60501 68215
63266 13680
89483 2194
84281 15937
75244 24110
66209 79944
34223 41784
55605 30700
83470 3829
16665 6978
29947 57907
37136 8088
21139 57272
60961 64120
29456 46972
43831 14071
41559 52149
4443 37959
61035 58821
43180 49429
80939 24357
1314 51735
58483 10121
45513 55051
86041 58678
35301 18934
5120 57018
36496 22522
42015 52257
44221 8375
60121 24492
50496 62296
59463 24263
56662 9346
25144 46647
63748 23616
25641 78486
66951 18770
52775 11466
80881 36443
10711 53421
81993 369
80584 73834
6953 57227
35862 13322
61112 74222
15988 41020
26706 84593
9264 53934
34213 29687
12225 3246
83382 60079
8102 50496
57802 59842
33109 553
74215 15942
44893 4967
74999 24389
53096 65306
26757 35741
40357 1272
40489 58088
71143 85458
39797 62705
29183 52666
39003 28135
60269 72082
87414 76110
11915 29744
76548 27162
52752 70313
1107 70356
73579 36790
76620 17653
72552 68185
41500 39234
48424 28596
57009 19279
9733 43256
48893 79261
71776 14192
36224 51715
66979 54816
32587 2332
86560 71633
51766 82942
34937 86482
82056 53890
70010 48466
31474 82477
72553 79562
79678 28267
72910 44373
8489 54651
32868 42625
52214 28771
46463 5597
75513 30342
69112 38577
17219 26440
82822 82039
10902 78174
41010 1641
60935 80792
64140 47534
47717 7927
13605 40733
5350 34420
87902 13632
53665 27976
59647 18811
59180 17847
20078 61835
77647 13510
89111 39934
75620 30976
57183 83716
18191 87417
14739 54783
32635 13181
61097 83311
54473 162
39685 58531
438 72559
15075 68180
82285 81295
68926 13675
13373 66481
89946 50948
3563 72223
90104 43657
6195 46502
18001 15993
19226 13108
15685 84095
18996 31076
50913 21107
16078 90442
18077 89129
78371 83955
22781 77324
35362 87266
31966 24174
6677 18030
75626 82152
72288 72958
39033 52431
82938 59730
5561 37302
48511 31317
4488 873
75994 62024
44965 53207
3035 73514
51742 49689
14283 55051
74334 62924
59956 80066
40514 65542
23371 88170
79990 80613
56166 79342
605 4280
19389 31370
35765 15430
65532 29236
45901 85968
68748 83995
75434 83806
638 17639
62958 41874
11047 37331
7634 46016
90371 51840
56006 88401
44090 17530
83341 55114
51501 69
13993 14106
12308 26640
5016 60762
66697 57912
87573 35393
77147 63763
53299 85584
28063 19600
57386 38613
16505 40789
72932 22216
2833 66724
13160 9715
47442 40110
58422 87884
55341 26116
22172 21605
697 25816
32912 51233
55076 59847
4188 55897
75573 51790
81059 67082
38474 7968
7289 54975
56487 53345
18827 84317
29487 81640
52192 35749
40779 42804
1499 27379
27049 73191
15512 38597
42952 36423
65824 62322
54410 80789
40046 53735
49298 78210
62736 28430
479 41929
49391 52508
9185 65147
82079 47526
11474 77408
8410 46842
81619 38910
55756 14707
24485 36387
67957 59117
88857 60633
23868 37916
14252 57753
60570 17299
75087 26101
40862 31151
79766 62275
24711 25480
44951 37015
18957 25649
88314 6353
85713 21561
12407 44378
37911 83429
57733 15190
16997 73384
23152 65682
43818 49998
23818 50230
30826 4766
78633 64412
66840 25920
19994 55372
20881 29531
15802 27166
43975 11220
36054 39721
33965 69104
62189 22918
38058 65813
24359 7399
67674 61959
54644 54379
19427 16536
51127 66124
66312 66983
19145 85497
73045 48375
36543 77913
2237 18528
23721 82848
33436 54588
45560 20749
34542 1730
10804 56900
40536 42375
80764 17417
1398 84454
34652 68327
41459 81196
10014 77685
21639 59438
60291 28985
80317 55049
88362 51231
71447 42690
51984 76375
51856 89924
60031 68924
64648 84063
773 84752
63048 67365
6242 78937
11245 25882
74148 50172
73633 18464
12948 21767
56134 58692
63186 64976
26808 5867
12109 59289
4348 45634
15127 9660
9696 67674
69322 30550
85854 87325
12406 82143
18974 33963
73796 82793
57790 69404
16552 35587
84209 45715
11806 70255
66618 36396
50306 4241
72737 32420
89075 27300
18130 6109
15132 13279
18685 16948
80709 23105
5401 58978
5418 1467
39321 16819
77192 24233
25796 35863
18462 11399
41057 33297
17512 54826
39463 43182
66690 63346
11682 4675
6601 77260
55418 59494
66701 66622
89909 6305
40577 38968
84479 4383
31657 38092
330 42679
42991 68607
42557 61670
63955 24967
22583 72922
81190 87083
1015 25412
88758 45928
66455 83427
39412 4468
81492 85583
87324 44394
63211 23358
75506 67201
62426 69397
41584 72023
81092 22307
30071 79894
61117 41588
76652 44509
61067 53744
28791 72936
11048 72120
83317 5243
46773 58462
84927 64922
31989 10857
63674 61332
8964 88493
67268 25082
26869 54359
46226 5231
39026 64983
47604 35062
6770 65845
24529 32603
1888 24064
84703 22934
81908 34893
86644 84662
86054 3613
11946 29943
60750 72251
26197 58480
24348 75309
50214 40854
87137 49778
23567 42664
1549 79430
10417 64803
43169 65956
84351 84602
38649 1933
50834 78627
51246 9631
30871 8754
57342 16746
10970 73475
61263 81386
16552 6474
73569 55889
90448 55617
89283 16970
34872 80183
74001 78177
833 86406
1974 56924
89377 65277
64178 41320
4656 53655
79853 33964
58410 89849
83445 37561
16318 62536
12131 1197
78054 9903
69250 10730
523 56500
54424 43695
52151 74984
26665 51256
54311 78692
2711 21582
78808 31195
69250 70221
26802 52695
74520 21186
71751 25210
16433 64566
77456 76534
10953 56636
28869 23085
51747 31042
35343 9915
90340 59537
74555 24159
53211 27621
50273 40992
5231 4678
63915 74413
43787 90409
33159 40350
74194 16195
8105 37227
63780 58683
62612 2998
16594 64123
44070 53241
63883 40839
54672 87557
82784 24191
79740 19874
40790 57803
60947 88551
70135 71391
80015 22553
37445 80915
44960 9389
26110 22592
50585 2138
77880 79066
17547 5960
84127 24092
81931 36410
4223 71037
5586 13146
32456 28054
56497 38893
17393 2460
72674 22299
2347 74793
40006 27
86005 38825
49109 32515
79832 17611
16479 15258
28514 89958
21065 66739
86976 33808
52171 86807
40164 21968
66132 11175
4422 73596
81528 25049
30562 534
66493 58365
45652 567
28789 34849
41857 28169
83001 69935
19991 74566
3355 56543
69985 40561
87722 83182
70669 56011
62637 55863
37574 78776
8641 28915
78744 62888
5962 12978
1921 70847
2460 60804
78619 40935
74800 19885
88806 74255
20250 55141
45334 2220
47508 63018
82565 6305
41332 76030
65451 74711
47869 20135
56841 37874
43819 84600
11240 6292
23954 19500
20577 7685
2435 80759
30635 42581
79424 24982
70847 83586
9152 19052
77841 52776
53883 68538
54073 47199
1258 30357
16922 27013
66003 11774
8812 20795
2692 29797
80701 58558
50310 12350
54043 54796
7789 44755
47707 3053
64429 51321
87418 56342
79293 51536
27664 47911
45373 19315
83393 51173
5996 3432
36564 31516
35375 67343
61629 63323
74512 36181
66145 65090
26038 51842
48927 85558
69099 86335
71428 9312
34406 42756
84200 71510
43601 34940
12498 41975
39781 31681
17898 5293
70680 41620
47569 39053
38534 43623
90505 17443
25773 23170
87905 10659
63415 81500
64190 81762
14921 79247
61555 80878
46302 40665
18137 89158
31418 17288
68012 28400
67413 79490
65320 55046
20408 65794
26394 61023
87538 85790
27217 68644
85868 80633
53091 40954
26386 74085
38866 54403
3140 21409
84915 15222
50029 1867
11195 53971
88347 47648
82539 31487
50126 1884
18216 84741
71452 74929
87264 76667
88565 15683
45557 60573
28111 44253
10780 56213
24629 43682
46002 41446
83904 50425
42949 71082
39333 41464
45580 16089
84867 32456
52411 42376
53067 49591
75725 6806
5110 63327
29496 8644
34532 86934
54887 25537
72943 85402
12934 55016
66947 88172
6539 54142
4554 184
76916 81147
84550 50374
21070 82211
25032 76185
25235 29747
68959 36971
71383 19555
7320 71457
83353 13128
65912 63123
27568 36766
11503 3845
18291 64471
10029 59394
83557 33014
27364 51525
19959 41410
60747 62869
79744 60976
86778 8102
26911 37701
35243 88062
47087 47228
5962 64027
27353 3522
87332 41872
52626 2784
78104 34464
44250 29133
39255 19262
26097 37043
53127 88864
60888 87960
12579 80828
35405 38122
37954 26659
52906 2141
20382 71970
1524 44702
9060 47652
82482 83104
24228 47110
2497 74484
42633 64755
74807 76548
21167 53702
56523 3472
12052 24543
20629 69110
13768 84234
61698 33131
38000 5958
65946 60976
76957 69631
54203 29660
81796 58024
71894 54378
4248 87190
41810 34220
60423 43937
6519 64092
15850 51899
20003 53089
78358 81029
47774 14505
48394 85368
69849 49465
58905 75243
33688 75095
38382 62639
12908 74169
4575 3426
49721 1890
15722 13699
14234 82441
32451 90236
29435 73445
61773 67145
19559 38940
47629 15699
55790 72860
79310 34012
52111 72004
15266 81955
67795 87328
87895 2818
27247 25436
22819 20520
82869 49217
894 44911
65087 65442
68591 26293
34226 3484
67398 12164
70372 64650
38722 69072
14082 77078
3957 70236
29883 14184
8156 36079
34868 66643
26790 15374
89711 8456
45283 20071
29761 71763
13445 13071
24829 80671
88518 15238
48893 31535
66399 69039
19152 11450
46845 83092
24071 41715
11888 12342
39712 41127
75563 12302
61380 90487
47082 43556
3064 11470
84051 90503
66780 53310
53914 26913
14867 27911
25584 39317
15413 11869
89788 46717
2381 47024
67692 41913
52599 78735
7663 57864
45156 17626
2930 87361
70470 80231
16525 56749
49187 42467
55846 58885
22913 465
4538 64700
27916 28657
44877 53758
65413 56246
69105 41011
84605 53774
80099 84253
85436 70146
80738 5622
47024 22222
39211 47516
25009 47622
14740 55294
83287 22883
21609 37550
66113 75437
83325 79512
67804 29685
42464 7738
59764 54788
59295 34567
9536 35635
48378 26217
59855 3413
69219 64013
71516 66824
56431 47106
31111 90136
70153 26886
86986 49358
54964 49182
58755 39662
32584 4726
29067 11102
74810 88147
59350 57255
63567 20028
17551 75830
27461 38949
86722 11755
63718 7365
48712 13567
38466 39424
24194 1113
81583 79447
56681 34277
57184 63679
21927 77967
69228 6920
65517 53589
24330 42220
15058 72447
43636 88374
34103 63620
36829 76902
64265 86623
44945 67366
56748 11713
27865 75461
54506 47041
82586 15857
85411 62881
4250 17209
27267 53554
67112 87218
27400 71345
23595 77291
64297 69434
21663 53438
70013 79526
12134 53272
26076 11656
62 57244
81352 18814
39465 10215
52550 87920
57721 15494
80001 74995
49227 23128
57338 12952
52792 19452
10306 39541
53395 85918
68233 47069
47576 5152
35581 65708
69119 29634
9303 31171
32914 34024
78758 59473
73861 53850
10243 8640
69903 62964
5098 36392
85600 76766
6890 306
55223 13164
67009 77546
29865 47042
89056 8529
66004 82191
88711 46438
85031 69560
85654 47551
87220 43727
22388 56457
20543 67770
36642 33092
72200 54232
19968 30386
50488 56773
7815 78985
17900 78322
42795 17329
19321 26788
23618 87063
60282 76017
20944 4250
33250 20373
31047 21361
56541 47158
79003 23423
75781 73481
34837 59130
72121 39915
67117 84676
28692 57162
19860 62357
47244 78304
21745 70822
17079 12895
9625 16659
79934 58348
51651 60799
21958 79453
82392 65951
41986 11282
12282 3423
35 87143
4705 29482
13626 12732
43458 72976
3298 29623
48428 3004
67590 50456
13887 50185
31569 48776
41659 40055
35961 66426
22156 82447
17255 21765
72877 27079
36219 15430
4404 72658
48397 31775
33362 44483
8419 71928
64132 48350
19794 15828
23588 12204
6314 30148
64132 33303
28814 28131
4990 76138
54663 26506
10690 72471
6686 89282
7104 624
39851 47742
52526 64516
28558 17709
31701 8648
1035 17670
81530 20619
70175 80340
12676 50106
11944 24853
508 5092
37163 11461
14892 35178
29397 57246
20131 64135
60198 61217
31034 30671
42390 89053
4676 76863
36281 80134
17111 82513
49496 61278
48661 28922
66196 75529
62417 84874
47109 82898
74141 35344
88030 61839
2400 26755
71567 85623
77469 67124
56133 7657
61297 75165
70510 5862
51752 87069
68575 22917
60812 50018
77854 9551
46500 47512
24497 81597
4598 14698
67007 44832
25103 70524
34764 46414
35909 23578
36343 15468
23287 29621
31501 23330
88542 44055
84997 14906
74286 20018
69593 9435
58040 40124
55568 19296
5799 23554
70815 83786
6796 85773
14427 33118
44769 72001
22318 48539
83775 33186
33917 78571
17762 10671
26835 54328
8217 82884
43352 44026
76952 13260
85922 68833
70204 78542
51794 69120
71574 55787
32062 63919
49250 75248
39329 28020
47737 80857
61561 86726
16773 77353
27666 27437
15240 66078
24530 5626
21687 57730
74765 3642
32391 37154
57980 50686
3248 19011
46481 16347
1852 28201
87587 5658
19699 62063
40285 31861
11818 72664
55539 10448
68377 8904
34917 39384
946 77333
70089 27240
9566 23731
69459 85167
54713 59280
56129 89403
45157 70271
2349 65759
75251 69425
87136 4042
55475 8046
22927 39611
24120 19475
88857 86708
20100 75215
73889 55753
23893 80788
35779 27119
45316 58896
75308 90496
86795 55777
75940 59447
68687 25294
59470 55228
26775 47604
56747 87708
46980 33548
52179 36998
6749 31605
42786 68692
71784 85205
70617 85035
30092 44738
2421 14734
71400 63752
56061 83071
33130 69360
45481 86717
36298 42865
37317 62735
85384 71273
39712 43157
33135 80442
22720 43966
31913 83783
71782 84556
81247 61288
4293 34533
21259 44288
2343 2261
75916 22835
14293 61052
79290 4810
60784 17786
61272 31604
77619 70398
16762 34290
82925 67100
10054 87859
80958 14179
56010 84142
83934 52482
26193 24435
36866 79148
49876 3257
32671 18591
20624 4540
57935 40139
12842 42733
72663 38130
88916 60027
78280 45311
21260 50538
48116 13604
38226 11244
19169 85244
19653 25250
26166 70395
47399 82866
69331 34056
79857 83609
70755 5222
80256 45411
18245 35554
11273 76474
57391 56348
37087 475
82414 55913
68159 19232
30309 69786
26548 7764
32891 7438
7344 78533
61124 82471
87122 27490
5194 40723
35493 84632
36375 27222
12122 9330
63831 67595
84490 61586
19555 33736
34090 77604
24042 507
86679 50948
80410 65984
60905 3405
76854 11830
57813 21530
42722 21272
33648 43378
33727 50612
79352 72725
77025 41927
18486 26180
63795 36945
43570 28199
28475 65406
88252 1390
18547 69695
74770 23248
73887 18242
53605 6710
65310 84982
79196 61487
39218 70341
59535 90461
47327 81003
61301 10292
74272 73373
40420 51873
88440 58838
89195 63615
62854 22606
24455 6701
51993 30891
13556 7790
30300 47711
32112 40385
20715 18108
1217 65799
65195 42577
11812 45465
34648 20214
10331 58260
3580 87808
55586 43650
3208 8379
6345 40214
71046 23803
59890 20126
24882 40780
9376 41263
54344 78796
4104 31269
82426 38155
12119 6604
6282 18587
33741 42750
10468 89877
61899 15192
17182 28165
43292 43843
71141 6899
58297 3710
50082 23591
63067 19586
24300 28360
38502 58469
63731 44368
21096 25518
51183 76418
62339 40202
28153 36576
26445 25529
90000 47530
54797 85207
62776 29357
15589 67672
19041 13838
53125 21617
2787 23503
64206 25120
9437 53162
73995 43118
20034 8580
44448 20684
86226 36695
75712 21676
3090 56200
81792 66754
20880 53341
31623 48181
52083 54057
6311 73773
25245 17409
34991 32822
59439 81168
63188 2748
64783 31116
23683 9799
81644 86144
21014 32228
50411 13283
35341 68748
46808 61175
55654 47284
62381 56252
12605 62860
66228 50047
37666 53312
58807 78309
80930 49998
61290 37970
24532 58655
58212 23748
85285 56506
66410 59328
21772 79239
79371 83747
62386 67859
7254 11633
77101 44889
52483 76820
32145 7824
49544 60249
49475 63825
14424 5077
80613 79230
25059 68092
49700 51340
13197 224
22353 63312
73921 44555
16663 10512
20535 41776
59199 48338
48136 65534
28762 15718
70667 80065
52917 16042
87767 14464
25724 64173
20464 67092
21303 53783
34263 71184
46647 71685
68159 85328
79390 59314
1190 49156
79435 37328
17859 13547
1057 21687
732 19904
31290 76613
74378 33409
27868 62581
52898 26888
51145 60421
83702 8445
80277 57915
84518 59743
69343 82203
23232 90146
16824 21854
4137 75703
41948 80363
22507 77324
58939 25621
77543 28163
40019 64658
4536 51276
82347 49056
31460 71143
1667 25379
1173 13473
65673 68456
66144 84845
55049 42719
15513 18966
9180 86934
79398 43057
24185 2707
88026 59037
74907 45026
49109 70496
76983 89717
18418 81380
15929 61137
69148 12017
81284 61694
30959 85507
20473 66120
6190 33053
31986 85310
25361 1448
18131 80276
84564 3885
64828 67734
64991 72865
73950 63281
51152 31669
39305 10324
43296 30434
65762 88139
86844 89632
46060 73247
12636 46976
43670 36623
2212 13420
41794 44459
79906 52228
23691 7379
54646 51215
8029 36167
69986 51194
72288 54312
17374 16739
27986 51514
17488 65779
36532 3396
13703 55896
40197 36811
10391 78182
32548 80229
54981 37326
49147 15514
45806 82425
33235 14326
16591 21820
14864 52373
29278 30495
52487 21519
80534 20777
82257 1099
9990 69099
23846 20061
85030 37087
50140 35102
18879 25979
56426 88916
33941 59979
21856 11287
60912 27004
7988 44221
11667 37678
12353 40864
2897 11900
13542 16822
72587 85331
5048 75195
57571 16280
72362 27829
42170 4462
50505 88985
85464 71327
67273 7598
88627 85135
80669 82950
49907 68061
62775 37901
43556 27593
6849 58419
35837 20765
71366 38952
35497 72604
59431 3494
52330 44566
82407 53902
22482 25173
56108 84045
56365 30222
79777 21871
21818 49036
60746 84489
77275 49624
22003 14329
5627 81681
40450 26979
56228 61186
7312 82393
3278 8464
31111 61390
39538 29085
41168 84572
25973 86408
43291 47044
89494 35391
32376 73035
44844 89708
51257 76151
22087 16255
6225 12444
20092 30778
29781 85284
65513 25771
70440 36935
63753 20455
23252 14716
7966 64729
87223 74044
15536 7368
56191 48714
72127 1735
19050 11311
76751 21465
47051 6437
70016 70242
67779 29767
4630 84335
26932 44884
88739 59149
80997 28215
35213 56067
4348 46907
64925 25614
67455 74676
22548 77689
47530 140
73430 36653
52662 87523
71935 62345
77145 88615
12442 20212
10825 10515
60174 5082
76254 5625
29318 2380
52538 87874
17316 89580
53147 2948
78569 26654
22788 1510
19031 20736
74578 7712
85169 79059
68727 5504
79468 15318
48573 60438
36195 52060
70613 46099
72573 87720
37747 3490
13269 22892
34669 27175
16404 85620
26430 84377
36416 6393
34234 40015
18799 23180
78634 53938
5576 29757
65038 375
80932 13294
67468 20977
11801 51841
63968 62460
41680 13392
58262 71974
76525 87055
78862 2568
42613 65504
67700 44897
45140 81343
77614 76890
2077 6847
89463 87664
7677 52520
3663 39108
61116 51964
64959 63774
83319 72106
16659 60101
71795 54484
42071 76969
20192 81319
46091 1752
5987 28173
54681 8994
84645 2403
46313 88151
49596 80147
27492 30671
21852 19571
67984 22038
63902 25195
34587 29714
34615 10794
48500 50416
77223 83663
14242 21546
21916 86991
22471 62138
3959 29320
37068 67220
37618 35644
79145 45657
70250 36503
45785 36182
88068 38136
30980 90440
30094 44267
10350 2088
67306 68489
618 15334
9711 18316
44617 65837
27512 74693
82799 37192
78030 63060
18692 68342
55723 77469
67604 68304
90131 69359
77994 32289
55625 20008
6021 10104
84935 10220
9568 60496
28371 76265
22776 17875
76300 47191
14902 63124
83489 9615
54928 75666
80269 58322
77769 44077
65396 82581
60655 63730
12789 71397
49770 87385
58768 49648
89953 24252
28249 76396
5495 2423
78994 88605
36937 64777
84780 8602
26925 57058
60257 31496
43168 62439
37890 43087
11045 52826
5688 43246
42462 4075
27546 55311
86547 28752
62574 20528
20340 22667
44162 78465
40740 31939
82004 73807
41238 41786
47904 50744
19212 85979
7035 84236
50682 15655
39879 80319
45271 46028
35980 31690
36694 23863
11654 25068
34255 31256
61545 25351
36946 56100
38274 16416
60738 7057
80758 11907
21099 88747
58150 3316
6548 46857
29450 15544
48375 79497
45848 60948
82837 16710
76975 19332
48905 10264
9060 7862
71960 51102
37365 23859
4761 35113
62032 42034
5985 47767
63408 70809
13024 41317
44071 81413
50550 54624
35320 74933
38108 15457
16215 15708
75835 8863
41003 55343
46405 20720
28867 48942
15744 2473
29875 75039
11350 1342
44790 21097
67015 11493
22768 21463
54972 18381
4358 88629
16482 13140
16679 13196
81815 9508
82924 19738
69037 20902
56655 57600
90408 7185
19624 78715
27125 51614
83211 74856
19498 32038
34069 31240
80699 46227
52257 3810
76082 61828
7699 72470
55788 89169
67850 68937
82442 25188
4367 77845
19500 84893
47350 10910
54309 61326
54218 17639
69637 79755
8580 88848
26479 41128
83592 34668
89755 70884
88108 69121
3089 48716
5013 75337
16611 44421
60403 59656
89193 21280
37476 46330
9328 69880
21481 51789
64908 56575
20158 81200
49416 65358
66104 44550
83153 38768
50223 72217
19314 70901
63005 69869
63833 84021
69309 12460
61139 18757
81808 18620
85802 31794
47949 33590
36229 54946
5489 90326
17317 66517
51675 30771
7394 20182
25108 524
1422 11790
9603 13724
28705 83268
40723 23073
38327 77411
69357 34815
19353 7005
37721 90325
53468 63072
47746 44992
9956 57690
23645 83831
9971 56766
16230 21535
15676 13550
4951 58620
8730 7921
16884 76218
84828 52633
15503 44066
28839 77030
22815 85740
41976 63539
55073 20865
39065 48491
29597 70966
89226 34113
78047 5606
42221 90138
41640 61045
73243 54333
63498 48944
32259 3888
89128 67432
66404 40199
62419 33904
53964 73280
77973 24272
22876 27639
40300 73964
9975 75557
24668 9525
43097 44789
35681 73654
9359 38586
68918 6390
77430 24639
38314 72893
13866 40496
11399 77692
25142 11515
79250 33648
36832 22646
48339 71132
42777 8947
54828 7841
62324 9147
35986 35161
58012 78567
32150 77220
10729 29952
28669 34766
44565 41342
65793 2996
56865 81853
22827 83080
24868 89318
62015 63224
41929 60006
35027 21879
17423 27116
56931 25695
24806 14023
20804 47940
24177 36446
89931 87259
56890 62783
43893 59086
66290 45802
11516 75486
19070 13751
35035 52214
24856 81508
11303 42130
20119 2467
42395 41618
62809 17311
986 73705
30020 86199
29201 36818
67415 36233
40012 9198
25986 74498
28663 30992
59418 33073
9997 10310
74400 29668
53636 53825
80619 56367
56569 83386
88804 45359
58422 43294
31545 37243
89848 25100
79219 81249
44888 9793
44033 7027
18774 61822
7781 76633
60082 21052
74746 60641
50913 46304
79986 25956
21439 75353
20055 5289
10309 48465
24829 11781
79548 46146
55747 47562
57145 64082
14137 69042
35329 32271
48497 48618
8843 49719
49818 53806
53140 87084
45675 38028
48854 34811
7727 74195
16542 87786
33481 4561
4118 18660
58828 75607
46204 34972
46921 44412
61593 65691
45709 38147
12723 14132
82730 81083
54999 57252
19533 51916
39700 74721
18083 24360
72255 70112
836 60113
68876 67535
48912 73840
24942 2343
8831 15733
50171 75612
89890 81810
87645 64142
39919 67948
88009 23250
74159 41972
47913 37710
69265 7307
53377 84542
47115 22683
14958 79245
4557 74683
58572 50380
85772 61551
37923 35385
73130 26231
6686 34792
61938 48975
74396 16931
56597 25110
50211 51898
74519 77539
60088 39915
79668 41046
45965 41068
53149 22662
27328 29718
31052 87620
1756 35492
54481 70053
25736 766
13483 8598
20717 71556
51263 13154
47339 32240
76106 1986
38932 17131
27017 35804
72328 78695
73860 48576
48104 88272
28903 17739
77521 86423
83196 22390
13162 86770
17328 67742
22776 34026
25964 59868
60596 12576
1225 68649
48122 83980
69300 3705
51228 48730
2503 90436
36887 47509
24312 24257
50845 54590
21198 77332
72315 64072
44951 13580
899 22062
3457 54190
65499 21289
41451 34125
84342 1896
79568 65098
38719 34769
38030 43592
58883 12273
77721 5634
62015 57239
26244 89211
47711 21871
88296 84584
78974 45821
50553 88955
35510 36952
48067 70178
39446 466
15641 21654
20205 32766
20015 70024
89567 68165
80406 46999
87546 38349
35703 76314
79672 83369
8789 52705
60941 15495
6661 36117
15514 63061
67232 87174
19022 21173
21930 6839
73335 12971
9816 63768
65979 24211
71580 83584
73355 52284
17 6623
80922 83860
22038 15188
51509 63641
84642 55626
47946 84130
79878 47903
68536 5146
57975 29679
72666 2905
32208 12354
52170 13816
2942 34522
32305 77026
68966 46020
22127 600
26520 20690
51018 4155
2440 66031
88957 51337
28736 62688
13437 87556
31339 14241
80226 4384
85400 64178
22859 65904
50094 6106
56730 38112
29992 1897
14861 42857
83298 48252
6641 89226
1374 7253
8840 27635
77410 30176
82081 18194
30704 34038
27788 58805
8061 39453
44542 72353
9221 46467
72067 45111
9556 55576
67267 11771
22679 73678
77339 29828
13672 35421
11954 80023
9676 29196
51668 41029
59214 84560
9325 15383
10851 57715
38351 37327
16857 39273
67397 77680
49688 19845
49064 38677
21827 42442
59234 38610
994 78365
1028 89761
42747 83500
24467 12344
78530 29402
51434 35321
169 41018
36977 27738
23990 16327
26124 50113
42344 86651
62624 46809
8113 35024
79770 63096
32416 64522
12469 59662
58221 10166
36051 18245
30809 34575
49959 29706
3162 727
13291 67583
34605 74566
87924 73679
56380 47006
36453 61043
44539 75949
58847 5380
3627 73150
8036 5585
78368 59272
13495 59886
57849 26630
13781 36077
1290 7342
62158 23637
61623 1076
59873 7819
3491 44336
7305 12317
13718 59527
75399 14606
18515 54366
6459 8590
75966 24516
53253 85795
14130 53055
71217 31559
32815 81371
78338 790
27785 15583
72869 78662
76065 37182
40580 73712
25077 35805
18098 75783
11593 25574
34891 32168
3464 81628
13225 33364
89464 12293
18812 79741
43461 73955
74071 76409
52880 44650
84134 42968
45310 11958
84293 14624
65429 14077
79834 83765
18795 35306
45180 30049
8975 54360
44509 77092
37556 71982
17023 12839
11985 14676
17364 69506
6092 42794
42582 61662
21156 1255
30713 17698
16916 32082
1272 29891
39738 84238
63391 78982
82757 3522
21086 17899
4404 30534
202 78915
22594 14777
74633 83305
71643 38688
27192 69796
17947 32714
16990 80447
42752 38287
12231 62451
35460 66959
47585 18756
63991 55713
53957 86408
80630 60384
15036 47881
41811 16243
24287 5931
44018 15862
89242 23816
42773 85005
74739 89716
29858 89749
35002 57571
19648 26617
15398 10676
88432 56377
44781 61002
7880 14721
46084 82846
82449 62873
58513 89011
39174 79311
15364 89804
54626 38635
66605 19159
11880 15524
3453 35226
31150 57783
60100 24304
36601 46996
26475 84518
72062 74619
31492 6027
78051 18064
43152 27859
25939 21381
78002 57543
38863 39088
2378 49382
80632 74298
31644 1550
9317 51790
71868 56673
18495 29741
34003 17253
7815 7519
75235 22430
88318 4209
37556 82399
77288 23797
40246 60524
28285 756
76671 72618
39634 25473
45612 9736
70846 40073
1265 17324
36336 77973
63111 4190
43477 77361
22159 8637
45797 60413
6399 90258
11467 16657
48631 30100
71528 34135
24684 45728
18579 84284
39904 39189
9529 26732
15692 52331
29402 45643
82910 72211
26268 8858
68252 58451
71086 52570
84812 33058
27937 86904
30640 79786
81015 3136
85795 34252
55968 13979
14415 71722
84647 71837
18531 13438
3639 58652
36478 71101
86749 4422
34327 32652
65835 82528
65489 81891
9796 73627
51865 83923
42884 68350
32630 51713
939 76254
4406 63641
47225 47862
56123 20804
3520 50945
82923 36471
52290 24207
11079 14925
79505 74051
67341 62973
75659 83635
38532 52583
84220 9976
77643 26845
49365 61168
43618 26816
22365 73736
17034 36330
74264 23477
43023 80563
67995 74730
84207 40895
71452 1534
68014 4756
11796 71209
21344 45990
4105 56307
27991 80858
32576 84674
69445 31215
12744 15550
9182 76571
9720 45887
14791 27231
7941 36357
90302 82992
38436 74930
21089 74868
36517 39756
32888 84801
87116 56112
12946 1253
43925 42706
84138 70350
31625 20598
20383 40303
32711 29383
12124 30047
42402 24592
75978 37563
68876 27257
15447 26996
53080 79090
20711 21715
56718 76387
34647 22887
71684 21508
79106 67484
10874 41849
10407 7445
36559 57792
29765 41186
72543 56143
49678 12204
7893 15896
61538 33424
35233 46029
30768 49448
3921 7813
56985 41345
75271 43083
42109 69056
52408 77771
69633 50486
74519 63864
58836 47947
30147 73839
82138 46554
13541 55695
23867 75847
8556 5865
55868 15776
83133 77852
82916 31020
31354 62848
89882 75696
42574 82230
86471 76577
59666 66201
44082 8478
12787 73141
12750 44212
29063 1155
57037 51842
63819 17140
24844 26672
14500 60359
81999 73577
56308 44233
65249 5733
61668 81788
46697 5798
6247 71768
8838 30666
21644 64633
8820 38233
27558 45205
42090 36868
10337 24048
74421 16565
4311 21314
14531 12703
80526 58209
9202 44835
60313 6655
24786 21082
4587 85170
173 11249
73948 29069
83821 53891
44562 62432
71329 59455
39549 76599
27613 45935
75957 60874
11804 7921
28249 9114
34069 52575
80847 9339
27930 40781
88030 75220
70207 16317
71287 59057
43303 20191
44626 62164
5343 38628
68833 49883
64894 62686
63179 48482
75369 48932
63353 44168
29048 74593
84181 47242
8139 75014
88671 18475
19410 79395
50391 65015
56310 12225
15133 56447
66346 65526
6299 79208
39233 61450
2350 35417
58805 3845
63414 18635
2601 61831
85260 38954
29176 83530
88592 53766
47269 39059
7362 39980
65572 51058
31239 60510
85188 34355
77975 36296
70503 24959
69319 18985
77379 58078
50907 76922
77618 5635
70197 42299
41479 79319
144 73677
87266 10862
2584 86336
13743 18338
28858 85412
50797 41745
74109 39835
55514 67557
8890 78399
57338 1918
46367 8123
76836 52443
69375 19573
59010 16920
35729 53606
29108 15492
3780 62539
69104 76615
45980 62738
71284 29334
54575 78312
78681 49882
69298 33060
73097 27831
10568 24427
65292 42692
51872 24074
90028 6286
72892 11103
27228 12713
22839 44235
36474 9787
26279 51639
38066 19161
36946 88336
23355 37820
81790 56893
47353 12331
30481 81997
78482 22732
49695 86225
8627 70081
74886 34642
88418 77115
32845 38674
70232 13730
33372 76771
18625 70173
22441 69277
19537 65788
24917 37041
15324 20675
22129 30731
9333 68378
60291 73555
55281 58421
38526 55790
55252 69505
78794 39047
15647 36762
46052 54531
83592 33293
8215 42005
19200 44043
66091 28068
87199 64259
88614 48666
31469 75819
50492 61083
45091 22938
25653 9095
53173 44528
16673 34246
79773 78298
67639 8022
35534 44065
2031 41664
40826 9799
83295 35298
41345 54229
54102 75206
40022 65624
27449 76484
18500 81094
32157 55524
61853 77263
48034 59643
392 74932
37854 24727
15914 6207
4600 23821
46291 15283
82069 7113
89838 62996
35181 10261
82615 36599
52954 817
76782 34223
52122 47727
65992 3993
27408 79169
53838 29066
1155 44194
8611 57738
35392 48280
73178 185
25024 36725
58592 51269
79212 41885
49292 87621
62 44387
57960 36948
22658 47033
45263 46695
54184 17702
10603 16879
58761 60244
52961 53127
88015 38510
14955 52429
37208 27086
9139 10807
61852 46068
21988 3494
20822 21814
27458 64895
27395 83040
45748 6443
32782 79896
42074 4470
4631 4178
63938 21719
68595 24886
84957 32726
41461 32270
61489 23240
85688 69391
72894 54911
77094 89690
25476 25585
1649 27049
75189 39862
14178 60442
69893 76601
86782 86173
41522 11433
42046 31324
78936 84579
57017 56053
86446 81878
51577 78784
61924 73624
41290 20616
53562 31493
70286 70008
32329 81509
57141 81874
88629 68722
22312 48048
89404 46649
85766 55179
39639 59014
53765 55880
41745 15948
86366 89883
6556 19265
78427 74879
90063 390
80716 18725
81664 17481
55180 24193
19049 73380
10218 4087
44851 72912
41700 52284
31723 19942
74007 31624
42860 16924
43271 87125
51672 49169
40746 16715
66938 53400
75516 29895
34470 67955
23830 23255
83881 58970
74180 26038
79723 77364
21439 16581
73068 19977
61554 42670
47086 82284
38569 2830
5537 69974
42747 19733
7553 44398
20947 72119
43582 6948
45948 74369
75914 55581
89881 78963
76366 37662
66454 85730
39481 1905
38374 67572
3098 40934
54380 62945
23411 70209
29884 27390
75931 71561
28195 76894
50447 58762
30022 19632
38008 29692
24664 782
69984 41241
38194 89454
49315 22921
85756 39416
82586 87981
13255 43944
19076 11456
2795 55956
82293 32415
16482 47793
47832 58651
9912 25711
25324 72104
70676 2258
87027 75200
24249 45657
89321 40264
84668 45847
73986 26585
67485 16617
11111 83311
71920 74153
83527 69327
72953 14364
4948 74156
52067 37400
57662 2943
56770 51034
33224 27342
79412 39998
57465 68794
62992 11464
35197 23532
79204 20491
78687 37234
75310 56422
19504 511
27363 52904
27615 30265
66196 52068
12070 47264
88900 52298
82526 25661
34942 22195
49992 46544
81981 77768
80570 36914
17982 23747
15269 48836
29377 56945
67815 36628
37981 8768
20287 35952
32661 85043
86614 57610
39115 72682
28402 83575
26142 2065
4676 45952
83222 81593
34529 25072
80853 12928
85619 86971
76054 12795
78051 67773
67576 25621
8360 3768
24114 76720
12034 24171
80021 13529
33962 66251
88883 41461
57396 82276
3171 58245
87724 82563
59787 48010
24069 12854
40894 22899
62990 50563
60257 73788
43171 25243
43872 2430
50994 54530
9002 46403
17296 60292
31226 9513
2995 63802
66172 70396
22959 2557
10112 29127
31283 34341
83481 52675
69696 85378
89404 57913
39263 16808
83337 90345
18385 87926
4357 11809
68831 76713
2716 82295
88221 37073
36284 5682
3568 18415
73265 5162
77754 69054
74141 25212
28949 49704
51322 71755
80699 25511
19821 78929
93 37741
15438 32402
1784 29896
62891 26259
24038 30792
82783 80121
35351 10967
21069 29803
40260 21296
63147 58349
37072 49310
39584 82783
46271 18016
36097 58005
6227 79012
33374 671
81793 71919
6470 35578
46753 89359
23934 50683
75437 26384
35317 46940
47303 78391
79726 52015
79025 66197
49296 37865
59642 33860
16672 3649
37639 73607
14449 34530
56343 73118
77121 62859
5278 83535
86293 25689
18568 56222
33443 67472
52083 65278
33660 32946
17710 25316
39499 77440
29993 88289
73390 56686
49537 72464
5076 20395
16405 61641
77015 70030
62212 83465
74921 65592
73181 68068
53460 56869
23634 12389
50880 7397
42137 63817
89615 12176
80041 10547
21176 29339
16233 4086
17700 12038
5776 41774
47533 76
29678 42884
50504 36049
24568 17720
73791 2857
34159 77087
17040 13870
75808 79398
42749 1914
1841 62805
25503 64428
66741 74567
19726 86076
66581 31009
48680 24948
35152 39520
23617 1552
12641 3212
16218 36514
13048 38504
82714 75657
50577 77709
76986 62229
74045 69933
9757 41436
1927 21989
24053 30119
17597 70138
53561 8238
15082 40797
13442 35812
72266 88174
82832 84401
55078 25352
2284 58140
86845 47344
53865 85402
47676 83657
80517 71858
83985 81576
59894 70125
73690 16643
72252 7406
71428 72930
6304 70256
72617 47168
37992 569
22917 26939
51425 68663
31291 7051
17713 77910
34615 12590
50133 76146
80040 35315
2565 18502
24079 44764
43924 74688
22385 47615
18703 41092
60730 84639
22597 31441
79949 19039
43483 67253
64980 20693
57511 14535
19493 54659
60830 56469
47817 55915
45689 35651
27352 45467
38613 55576
55163 88017
48380 1354
77185 9824
29556 15512
81797 68188
32598 3659
40443 53902
11690 69007
28777 23624
27916 31401
44182 33117
60983 39836
9842 39641
9666 8153
25604 32927
67578 86262
71048 1745
52286 10106
83526 58999
41716 63452
26618 49915
59969 79306
39909 49659
70562 58374
23546 76828
18762 48451
63382 81625
65508 11413
10013 34396
34450 44003
66478 53793
69071 4924
5039 60569
10587 3894
327 4970
10955 4061
4149 21632
78332 43182
72655 78509
83461 54975
30698 8081
63261 25348
66258 29028
77101 55105
41939 57845
71659 42034
14752 14893
2209 3230
25667 9776
50056 13485
10024 60949
68991 89682
65525 46533
22318 66596
56851 38021
83070 5640
84068 8714
6808 62419
43087 65828
26344 68913
63391 75392
22785 34204
62344 71675
50215 83478
75572 20853
23382 50638
86362 89175
87946 56587
13280 52596
19581 2315
8540 79165
31897 63708
88403 83106
44911 69065
30892 15399
86999 19745
69870 67383
480 71
41245 85117
85122 90368
81662 4926
36663 61304
66686 81223
26077 42733
44805 29806
55793 18586
26706 52511
55583 24640
82477 69999
70817 16050
36140 86267
46517 80343
19870 3599
38973 22592
76435 55620
31243 81132
13764 49100
64720 17987
10022 69358
79478 65576
69332 50687
67126 12339
71310 44333
16213 68668
80503 13547
53942 49581
41749 30891
36046 2473
80445 88373
40394 33178
59342 39731
61169 50729
6437 21269
47368 55380
31135 4270
52245 30442
26440 90167
7067 63436
22048 79512
14176 47071
56708 83435
25025 5679
16474 1179
20701 49381
28125 53322
34706 10036
20191 12126
65993 76717
10008 85543
63489 19427
13094 33574
75456 55002
70741 17599
5075 85302
17173 87624
61659 63909
9474 55865
88084 86078
16267 85603
1800 84472
36474 10759
25815 58169
19454 51473
26148 60264
15791 80655
44858 71375
38793 25602
19433 53750
6032 74550
52252 62083
61165 82891
69961 33716
42697 9957
24026 29053
75554 14610
40393 70714
25661 78239
47128 8647
25247 13631
457 38625
60139 26279
2087 56434
29982 26022
81142 42903
71790 48557
11982 20147
78381 12109
78456 59235
45230 56213
46194 78591
84268 54614
50879 1576
20567 4680
78868 19323
86656 77434
28578 80061
15242 34302
76501 57329
9662 20772
7000 67555
15440 44574
42745 88521
24374 17735
90307 26671
81979 65334
24194 542
6495 27382
83874 65132
44867 15342
63606 810
73826 76415
83754 56850
5785 7220
70874 38920
20211 48149
73272 80215
61 87283
4859 62116
73168 85756
33908 77857
10086 90016
6805 40497
64445 17982
45144 40846
26717 69199
13637 26069
61345 58352
11857 41978
29499 52282
4163 6362
5377 61934
13080 81771
79745 1236
12874 22296
1058 31112
76967 26381
38353 79986
16401 51512
25330 23804
17590 27965
52012 58663
22610 64166
43489 20748
29575 15659
47432 54144
75359 45901
37398 586
37974 77041
48876 54235
81300 59787
60303 1772
2602 65190
2416 63522
2731 41168
90309 54935
35375 78251
38516 4341
15607 77786
37109 38282
26239 86381
78833 19533
79282 5810
38005 2324
55558 65015
36370 71541
80281 17299
61182 20413
2726 4435
26399 44383
33238 1096
64915 83275
80577 82302
63118 50013
4878 5027
52948 64080
77369 45110
72217 58408
13602 54717
79226 19999
58085 26530
37439 86923
57366 20427
80515 10942
75065 12017
28383 26853
11512 41538
51307 78054
76306 13011
58820 32762
78757 19147
87559 55696
40178 33082
19685 7259
3980 20105
3147 34656
25832 29652
49983 36916
25018 14617
52545 23931
3414 16166
68871 28142
79032 68643
87915 78460
51713 52825
34789 62022
7173 63216
22145 21674
86289 42498
25395 70833
37384 27199
65623 798
37119 23252
64834 67326
29699 38678
87974 60502
35354 3040
46270 63365
69862 79296
77042 46367
32972 68307
41171 50404
85385 60673
29207 29706
81519 81390
43303 5755
85817 66194
2686 23024
35106 78415
35636 79398
69375 24130
81851 7941
23860 29475
70663 61652
16488 85737
74919 79027
48767 18063
72172 49629
48175 80941
15199 18687
72502 84903
10852 84851
55762 51813
41540 8139
75740 74453
70821 52267
64321 26982
33334 18162
78724 47053
31162 39411
68422 56763
33618 61197
66840 58135
19493 56568
31977 52311
51107 71444
71900 50580
36167 85813
80417 60084
58807 1775
45113 7306
69591 43746
66988 87174
698 72982
73599 20840
88765 38453
84056 30666
5154 67262
19972 54593
37605 77909
28142 27358
2792 40415
80632 76079
9927 47902
2270 55013
4751 16291
43448 58951
15048 66250
80585 14648
15570 86068
24111 82158
46271 1684
25490 1351
49410 83284
28539 80025
61551 31827
90334 2106
66149 48185
87362 38312
59287 40978
23389 67476
79445 45469
3253 4542
11119 36414
33219 8614
35453 28523
59426 64562
66573 19442
82891 17605
64556 17439
30306 45585
44975 21267
62626 70264
4198 82641
37669 26915
5505 13329
38517 89240
26651 66256
34060 10290
90023 5088
35045 79036
31257 25808
23147 82895
73700 1525
56540 12172
65935 39170
81711 26433
16380 82341
90290 70521
25680 2080
67349 65167
61340 66507
59519 44737
46924 373
67956 39952
76144 80506
36300 48235
80284 49677
36511 44254
1020 58338
64040 39385
11990 18963
82697 42985
77033 39664
68808 7859
64863 431
87464 79760
66304 51552
29727 31224
6524 20501
7210 22226
23227 22713
76271 65392
12822 51923
4087 78450
8919 21605
29247 30772
72192 84567
40914 28966
88433 81729
36329 71580
28021 13699
88384 8359
70191 63711
61508 74856
17700 3653
67424 58470
48968 34629
62614 34830
63903 21047
71149 79104
40958 85238
71586 18540
14598 3074
62742 72922
78199 70039
26904 50718
69346 57095
51114 66439
48682 47713
51098 28753
25283 87790
7817 87777
16180 26669
59774 32386
9742 2299
49770 13682
31570 872
28585 27754
61419 14222
83354 38262
17043 84616
9203 23080
45032 1077
78544 29339
71981 1820
69113 12483
11435 27832
67197 63028
42800 68769
64956 8326
13577 65643
57786 80264
68723 18340
64402 65309
85529 63835
21173 6278
54393 53845
89185 7966
25471 29248
37824 36815
7266 74912
23618 2507
20168 39381
33221 14902
71191 11476
60942 24984
76409 31191
73292 43099
47084 9853
56126 77609
10957 73977
65343 81337
37616 42127
83197 9257
10537 83153
24041 52194
53253 2436
26540 64228
906 31483
18343 71102
30559 66357
19470 23780
38240 52958
59381 47181
66029 87118
78046 29768
1763 18716
52156 30766
25569 3351
24041 43913
52988 82826
64305 16168
72875 23347
1674 90324
72827 6502
47240 89347
32280 46498
4795 88297
10777 15147
30487 72496
54618 56662
62840 73186
71053 17503
15905 82409
6834 85336
52601 23811
80138 34338
75620 67207
12307 42753
72590 56668
22490 42396
49957 139
8587 62396
69621 11706
22285 64450
33814 60236
47128 26221
41746 14662
51897 25428
19628 88165
40083 27938
86896 29800
37093 85738
80886 87878
52439 60622
62201 16407
1242 20144
13964 18011
45081 69463
72941 62213
19702 43912
31620 70735
17191 71616
35179 34033
38585 11345
49189 3892
39192 11794
4062 71641
47449 8088
40356 42339
33722 61414
11718 78076
72204 57382
75972 16616
61764 58756
4833 1716
11359 80883
82219 38422
56073 39531
63521 40648
27859 25086
58606 53401
34582 6056
79997 38939
73674 65753
35894 47870
43681 34867
54227 63424
5769 53015
42697 71880
2664 26353
65023 60342
17340 77579
46281 5141
73310 47921
57481 25039
61091 90046
55949 70326
19369 64747
25577 14009
48207 64238
44870 6745
50218 72842
84171 12430
42270 76071
26093 35473
79541 27567
78153 17922
66204 6732
36592 25523
39737 23476
46978 43282
64147 38319
79840 40402
2680 84926
46517 83985
43850 4558
38473 37437
24948 63126
24220 26466
11504 72444
2835 48061
88856 65014
64051 85041
27105 79368
52379 67484
86832 17975
59360 86841
875 65207
57261 36016
76732 46020
56689 79359
23900 32769
65543 62848
32706 53185
18117 24801
59659 46463
79304 14475
23601 83360
10970 67154
17530 66560
9548 76355
27391 50957
67341 35359
32278 43474
7679 69268
33604 75101
31881 7328
79052 36225
79205 41422
22054 15318
52960 31154
67440 80748
7486 11425
37165 24593
18925 21281
25252 5698
73139 85046
29115 68670
34588 37485
62889 46422
43450 27739
57989 89025
22275 86822
6967 85812
62390 35111
27638 77642
33216 31204
14153 727
8598 65350
72476 68342
40555 5236
78128 11007
30115 49243
15028 67386
37545 67753
46100 4637
89287 59655
48524 60362
89547 86828
79607 889
57502 9622
80668 32770
11940 55980
64162 68750
2778 86604
74430 55228
11485 85386
49337 54355
33066 2347
9173 45528
84476 31417
62382 69356
18496 21359
22136 7011
6276 92
85711 47155
17048 84575
51469 15112
36627 21008
82784 46917
4774 24576
86465 18018
39410 32572
83931 40369
25511 66193
61908 30711
24969 63924
75152 58902
19372 77811
10191 38987
34209 14645
58932 51182
2170 35470
31691 32776
56963 30645
31473 18553
42556 60561
7352 84538
18164 75573
62441 2958
75383 35995
61881 36778
53590 24584
25690 85160
68142 69853
31379 48352
89085 52986
28768 41180
16688 74833
64744 30551
36067 67343
393 8616
46632 76406
51442 55494
24586 86012
39145 15025
32256 3780
78477 6962
76930 38880
14441 63922
12904 31523
49789 5658
54073 47978
965 76146
75137 5508
357 65151
24180 77982
76592 35744
36025 61990
25813 21672
33950 47214
33876 25802
4403 83332
16268 68221
48183 63841
73623 17200
79302 11195
80589 51296
25387 25068
65686 73949
22 49602
85266 49453
8464 22072
66089 26044
74991 60986
27104 57748
8143 65522
3202 85456
76287 18842
53246 80090
88285 38784
63455 52402
49398 82431
17631 41191
79465 61480
44181 88551
44979 52610
42673 19471
57117 63221
89573 73946
26867 89605
41743 83522
58078 15903
55374 27492
22854 54689
15882 38491
36988 75767
82352 87259
33129 78444
66277 85784
56703 14949
46432 77259
55846 40669
69444 30771
60246 74304
81427 2369
68312 41993
54164 33960
58040 45718
18285 18629
69757 68616
39405 13998
24168 4052
30905 24096
52151 13683
3720 41543
29760 61915
13344 63180
34197 47817
6872 58114
59843 20529
31883 68222
25891 52304
28974 87515
74789 87831
40156 77100
48442 30038
62853 38673
47471 20681
56032 66930
18377 33507
10147 47667
48087 45796
55950 846
25496 30167
45831 76988
79124 436
46623 71969
65479 54087
34416 13717
27067 17009
11950 51488
83675 21637
27596 70721
26582 52952
33588 42353
86905 36401
17322 47992
22097 80979
14164 24207
81272 88013
55918 83689
11325 6295
77505 72751
72822 26292
21984 63547
17991 80517
86585 3104
83379 14068
31902 4798
52292 47354
60343 77057
46906 66672
17114 61935
85711 76620
54003 13558
63519 25799
22182 57008
8900 73787
2921 64224
89733 41076
22183 43354
9560 47415
28166 88499
12700 26042
77795 52861
65621 71832
18527 72660
55370 57681
56440 24377
54006 10486
36048 9075
25711 76885
23880 37623
86260 55722
21723 47395
80125 37769
67148 89893
89720 85995
65233 71134
34061 35207
38041 67731
19930 68734
72363 477
43308 77768
9515 9334
10845 44638
11822 6188
38022 30979
58554 21711
36988 84090
61474 49990
22179 49489
7458 67460
30943 739
15643 13176
7441 11119
35154 14702
81850 41828
24333 35632
86955 35551
85856 17149
38277 5662
53284 43927
18136 31030
28992 4873
16404 86351
4995 86466
63670 4760
30648 9839
41660 74827
64314 86274
6503 81846
48887 50375
38057 60454
14347 56316
56284 42815
22228 66067
30919 12409
39052 17564
53207 44215
13468 55337
51861 46352
44664 44817
62029 14425
25649 87229
41621 79571
77223 67240
328 46047
80790 18119
21509 64286
14782 88795
80362 57979
16889 40706
57144 12424
67393 7254
49442 83794
89039 8523
18842 24910
43139 35675
59538 74659
7330 9291
24592 10972
57433 31896
34299 13359
90361 80109
42831 38676
47210 73686
61459 6149
1708 62755
34071 1868
44394 40216
37243 88075
85597 57982
10904 83622
81719 56502
10977 20593
45850 49995
80000 74084
42221 85177
80450 7595
45805 73378
6832 16002
42198 65982
73407 65052
30527 56234
58859 28038
28730 9157
4814 42821
79230 17132
59957 73801
9441 75681
29660 26289
40355 55878
38365 37305
51416 20822
85746 39917
69876 13291
21122 45931
78814 12989
55630 35985
43614 16440
64695 34970
49403 12293
74119 78884
6280 84671
41577 15138
12586 74923
24746 9708
45348 21595
83116 56881
35971 87757
41576 20282
38868 52131
12653 89098
35595 50502
69494 69347
53321 19069
82162 2387
62613 34046
64834 69521
64236 5358
79709 6647
27628 14727
1475 54521
48892 52626
51628 45456
32292 9976
7430 30664
24795 7920
66809 12130
85065 69868
83078 80051
83654 45458
28961 61481
80319 7451
88333 39487
24205 67582
17306 45032
8774 37162
48018 10785
86609 2310
792 25723
18363 90003
88649 70204
33296 2490
40667 65645
4543 33285
29319 2694
71278 48056
59635 79495
74076 31147
22208 10473
84153 22487
31936 38583
77320 89617
75445 37517
39641 19879
28590 46992
81063 71718
34734 89382
58059 23463
54390 9325
88256 11024
14883 86970
62558 53842
44323 38271
33616 34228
88346 67025
5150 85496
11173 22964
69084 55852
60470 73772
2911 25737
88810 4083
16482 9320
41549 36999
70035 64412
23672 262
42950 36491
33241 8808
13676 59478
84242 10649
32753 4560
55393 68568
54366 22456
19164 72601
45547 85499
57914 86814
73147 33033
62971 79594
47451 37051
88568 19839
46826 260
25829 42905
77060 58269
29762 84473
11561 63854
54145 3855
37819 75000
68026 84648
33031 85579
17207 77859
84158 68577
45206 16508
81863 53569
80119 73336
12996 56699
81555 29738
27942 19598
36949 63224
88441 9194
49924 45699
5936 38136
65479 14075
84984 45651
87539 75293
27397 56658
89903 28587
88021 18407
57586 33189
71942 63765
66735 75178
36234 77363
90106 44838
57544 9285
71030 72516
39279 25622
13071 70176
89347 31725
61098 8160
50192 52172
85048 31420
62952 28831
57180 8715
73571 61808
35479 54691
31430 64175
31401 17165
25112 57361
17531 18010
28498 74853
53218 57199
55028 49046
60435 26138
86464 85756
80046 44820
51336 43003
62498 50595
45415 31395
3089 32548
3046 27711
77674 28774
56697 81456
89163 84238
53528 50837
84223 4609
36528 54266
75893 10917
61334 33417
52845 62592
22033 12914
50753 4307
24153 30092
28377 61744
88144 58073
4792 27278
80151 58590
77436 65819
56778 5284
58614 42409
36009 62574
89726 5854
6209 8698
83337 27389
19954 22841
4336 26072
59055 26960
50592 11313
59068 32083
63874 24298
73080 18792
84735 19147
47716 43736
225 70003
56981 77498
84727 30519
84159 31001
30479 17616
68585 74360
83112 67177
64887 79678
27270 1635
46019 4824
60660 24767
31230 85148
87602 66639
14104 23958
23265 545
60047 108
77479 19196
13620 41292
66838 52108
51930 38725
81185 75805
60083 4905
81829 41087
19090 76534
64432 70480
36080 37634
15711 12628
60133 79264
82433 68262
60438 78853
39572 2568
44360 84772
48812 26245
18246 88048
38514 55847
55055 52547
49619 64137
60456 47352
674 58299
69612 18374
30908 8478
31100 21480
40355 52605
24654 71114
17890 68909
12213 14156
76704 82905
51724 9034
83632 81246
67833 56321
1434 49312
49506 58948
50747 42007
85433 9473
18735 50426
60797 84626
80631 13472
65456 6390
38283 7696
72896 33990
80404 89832
38549 59988
68686 55311
22262 4737
72586 8285
62242 20509
81796 62335
21813 67519
24851 36070
36942 19279
53968 31714
20569 47423
79925 13444
38573 83972
2835 48938
15018 16689
88626 2316
20081 18329
27700 4281
8115 42433
78591 87497
43596 8413
16127 89443
51238 3653
81837 24671
11883 72270
9535 58153
69131 41566
85055 55825
81350 67334
60950 70342
24301 31186
11054 35420
27769 40867
76216 15691
56706 88632
4281 80643
29532 77406
56218 29215
53767 52355
9483 73252
84790 43570
2079 27855
43582 36491
36689 80710
57481 66414
87324 69662
30805 45306
54733 79128
40607 82262
53391 19880
8127 34670
65262 78442
23150 21201
41533 70763
58422 19208
4890 46405
85255 77123
20146 56327
31633 38641
60382 28261
35089 40391
31208 15494
69550 74693
83914 16070
74881 46579
15686 61258
23212 54401
7161 55764
70539 37007
87570 53048
28628 69341
22460 13533
77141 53793
74012 35176
69696 69391
14339 48510
13698 22850
23582 75151
90339 83036
64731 39168
47456 71934
41336 29672
53430 3996
61198 48165
15046 62493
59949 3926
40672 29857
88271 58477
8303 1236
49992 960
5685 3214
60480 64221
42238 75092
88372 68035
81397 63166
77868 4685
42958 42880
25982 7527
42329 32735
19843 32206
36344 43588
16608 62589
20696 6000
21391 46418
15645 65659
8312 14773
14495 23614
24532 3016
9865 26471
11299 2755
1294 74044
31025 50249
46598 74602
84874 744
15372 49443
52951 41931
48747 41190
11104 40315
78174 34431
21300 46128
88022 1102
31033 41334
67168 86429
63963 15469
82258 1980
65427 75582
17673 61650
63519 152
54804 27035
62543 26409
66013 32524
5799 89140
39369 50618
44209 6429
43086 38180
75036 17246
60254 16548
70787 50276
38647 79680
53464 38493
12120 83541
52904 78463
21228 36816
82865 13517
13911 7374
83858 74045
53206 24090
74122 84920
25294 59702
39754 51489
58617 40965
66782 7199
49695 72510
12154 71646
17836 15237
14495 57467
54532 74591
84185 4574
48674 33238
83880 66462
63616 50140
32569 72797
88941 82810
31924 53811
80623 44132
83815 71436
30597 74657
72541 73173
73490 48476
58683 84837
88295 20969
70233 46562
67497 2239
63070 79549
30327 52552
20191 53923
37312 22151
3650 42590
15370 87922
31549 19238
89857 59898
27454 77544
77319 81073
69277 42559
39327 75843
37520 43620
28188 62987
65871 39088
23855 47048
46131 37675
3599 63081
42862 55413
4340 49429
45348 31035
39764 81600
74574 21482
82971 90025
37645 34179
75587 66420
49716 32005
45548 72800
31730 25540
24510 2144
61333 11130
75446 28702
63134 25788
85631 9961
772 75451
31996 43567
16970 86795
15224 41750
7190 44939
76700 30840
41329 80947
49380 26434
79696 70778
76877 379
6801 52482
33934 87506
1657 66166
65821 11872
75872 66794
33656 76386
37337 17982
74424 54102
22330 19344
31944 72279
36842 34218
88789 511
45564 2770
47579 73603
55075 41957
31987 36176
17272 70406
1545 3707
13213 70837
33425 53226
57750 65810
19497 16711
51245 36209
52824 67033
85369 54647
51049 90456
40751 11225
68410 62803
38402 74949
71470 88941
34271 51597
58313 72689
88310 89172
63009 30966
43218 41666
8479 14967
41252 52689
39654 32883
14045 36146
73349 3172
2891 53749
84947 32794
24678 89703
51894 2373
43303 86477
55317 32993
10954 58064
2066 80589
25088 18833
28025 11653
32516 52465
18157 29993
79484 55433
10004 4672
54447 25647
42340 5947
65775 4144
15187 33963
55546 49418
71474 33840
518 52390
77285 84392
84612 86185
38262 73238
38773 54960
11910 40442
55417 70326
59581 23639
85745 40142
77404 12555
54433 30973
26420 45299
2391 26361
38971 53376
12717 90378
4187 29415
6173 44082
44383 49242
7196 55026
21633 33805
6562 37663
34316 1879
742 79586
23818 46174
23476 32181
18144 62322
9902 5963
89559 47706
77232 70407
85826 67784
60258 75020
49733 76616
88464 53626
30936 57629
63980 77680
8695 18243
51619 73147
1205 55790
54522 78626
33106 40104
72754 24959
76022 42688
19746 82075
36976 36246
8755 75533
34778 77508
3088 32021
11148 50698
39398 74865
22484 9165
68929 52214
51502 30989
56185 70840
71823 35538
31324 70290
39135 1795
14757 51909
38529 39663
73808 42140
66061 23694
8323 45674
24747 43775
80722 48719
81606 56121
56376 28155
60572 77007
19435 24812
85184 46722
67740 13516
78968 17261
38613 30329
9531 74949
8834 2176
69930 50580
87831 7925
53671 4702
69051 48662
53935 28160
36409 23437
68874 67459
48520 41041
66560 62200
5410 1667
19752 85299
8747 12622
14892 60310
39850 71309
25676 84723
73129 53734
51199 53837
34293 77132
6173 19746
35760 34116
10340 54284
71628 48507
9495 78809
30307 74025
27971 12411
20490 89671
89793 80692
16002 59895
51600 31607
61325 7778
19440 20917
58757 13778
19254 23679
24390 60846
6604 23702
80173 81310
45647 13816
25728 6574
80718 61404
15908 87442
75619 3181
60205 65023
87969 27712
41694 30629
35111 71361
40354 24667
82769 49112
69285 38652
69951 41216
64376 43306
58778 76482
57640 46303
33282 28883
9432 50069
42587 58846
62836 32782
40826 2152
13518 3728
2907 6038
54254 83872
76044 19400
54631 18073
40769 571
311 37081
13326 14525
58410 21267
67813 18813
15984 45342
66474 3139
5769 33588
943 18046
24464 86004
68682 14243
62359 21314
62285 25337
4893 22290
84539 47696
85172 89451
18297 10540
59384 65809
9434 62142
4168 44867
61671 42497
3283 3534
16568 41434
82137 76969
19100 36649
79201 58895
242 2147
18714 90506
73618 28623
55286 76461
44827 25420
53244 13338
71540 83950
72434 15223
38853 18352
32505 81124
39747 17811
24168 2274
51185 47444
81047 13552
50249 39128
13232 46343
25423 68666
38098 38606
33643 10956
46022 32512
10617 81049
7091 44302
17883 75544
46182 10513
29272 13192
36879 35950
16848 3126
56271 8279
43765 67838
7799 4472
68976 71066
25288 15500
35403 55131
72371 85638
29312 77343
58845 82351
36859 45662
29869 69303
76196 46840
72423 4995
17670 27154
60329 3021
6217 73966
69305 43133
49506 89664
18774 7175
87566 44518
17735 84411
77871 29602
76729 20134
72045 27387
79912 12192
15418 4730
82290 47385
61947 48941
32501 25098
86025 54414
16054 68892
49364 66697
56307 82837
40858 36828
43527 55726
75571 19703
67581 46613
35358 44232
55637 64060
42694 38197
37224 75049
23064 26628
37036 8569
2076 24016
27815 83875
59558 83818
32629 46049
51147 89420
23042 73713
89008 45377
53486 20255
52438 61454
9118 11239
4035 55670
61768 26967
56795 73219
16238 26554
79879 24163
76103 83727
62634 55374
51654 19880
2394 69415
23916 74627
70763 71118
41142 52936
18557 24815
38693 54686
9612 4698
80076 50462
7350 69882
60077 14409
22149 1765
27178 1128
16537 21760
27001 24126
43352 18945
85811 10767
45508 38520
21531 38697
19546 24632
79292 80716
51613 54500
13933 46913
18223 63384
84822 34466
65756 36939
13593 4333
34201 23168
77259 6917
30275 87174
81966 13648
29172 73497
71381 56254
56196 52362
45188 46405
57172 44306
41476 54757
56766 77095
36431 86877
18573 11014
56561 39133
85266 54872
73879 86237
57390 25402
56109 32364
11930 53314
67691 40313
68105 70626
32049 24400
7502 84090
82840 18295
20344 73391
48864 11513
10286 64775
22990 79473
53599 3259
26655 71571
56227 79917
83670 42551
51552 70960
74529 54050
51245 85032
30496 13762
34447 48325
85983 4659
66028 37653
2896 87398
70343 55837
55767 70520
68340 11136
32817 11682
46699 37235
85174 68478
10194 7923
5677 15087
16347 6941
88270 14487
21515 8863
482 88738
72968 51172
18702 29584
72694 75220
44917 71393
61494 50074
40342 67999
84443 81626
50966 81200
24265 54666
23629 35500
52735 89719
65357 16227
10320 80735
38930 30118
49542 44019
19554 1692
36293 39024
49730 55330
30777 25250
79009 4579
73941 18551
70061 66983
45803 13284
19103 81956
61097 75634
31703 56677
48203 62007
20320 83088
75770 51472
48766 79611
16794 61536
53619 69134
83873 74131
35854 67098
85768 83580
73239 39570
14810 2555
16319 66612
38283 66012
59259 51537
66786 57148
21636 27717
67764 72816
2919 66588
55491 70611
52169 18839
73920 46734
47159 59813
53014 22543
53490 86982
30700 61610
22755 6999
76584 62026
49065 22765
52318 27162
36089 3407
80637 59565
52386 38142
15481 38694
38392 40412
873 71589
39389 83649
74702 36947
34786 39068
15789 29132
38092 6350
4313 57301
29553 55861
25958 90398
11452 51166
75825 6108
18937 58766
54815 41415
15608 88053
49865 70389
51201 50302
65482 40397
31032 15824
18651 47526
4197 53275
44365 69162
83547 86001
64835 19123
46939 59944
21175 23669
62737 17461
14588 27018
36711 54556
499 41819
16195 41662
49119 81014
50717 89974
3809 80641
35168 2636
68803 12804
4085 16968
13135 21566
12448 25066
15156 32844
80920 13678
25191 85543
26737 13773
23551 34478
8359 50878
68697 29266
57011 18227
2897 16924
77529 55104
71307 55168
5084 41740
5228 30350
79267 40366
11646 52563
89278 60463
36050 63454
83592 723
69058 24182
44288 5091
79411 57794
15033 35231
59399 43154
1838 53921
6270 52274
78270 28778
89220 19518
10036 82065
17209 80799
27050 13014
60998 65521
23247 14832
39230 81228
68970 41452
53289 50979
77358 15342
50003 38040
64071 14027
46350 15710
37492 24114
88058 84121
3580 66807
79483 10849
26256 33690
65975 83982
71378 64981
65045 475
7316 49107
50262 70293
8179 89109
17477 36883
36505 72964
34405 5470
82207 14491
13389 1564
15140 10995
15297 73503
16035 75418
8768 51947
43837 4885
26484 62429
58258 89564
80164 61962
70715 65697
40934 16301
37416 46884
55957 65585
77461 88944
9199 87044
67933 2306
12977 53382
49616 19914
63750 73072
65645 21946
57068 12842
27766 22750
38439 21089
19192 26254
25978 50849
31693 57333
65193 82094
84029 36913
63792 68989
37366 21520
7163 12745
44764 333
88475 27738
71413 66506
51074 27379
9846 51176
79076 28621
13583 9111
90243 84852
38719 38647
999 25703
11624 46188
7299 64176
55181 12359
14528 34401
62727 22184
73479 58723
25099 75029
45390 73320
45112 80923
15052 39245
80657 51348
2494 29997
23953 31477
1535 1776
8455 25139
7549 88150
87928 26414
71399 51187
32767 67703
7095 76545
40941 49218
12920 34673
4620 72940
23853 17367
47693 13398
67162 29745
21651 65303
23052 82057
24818 58585
76523 18663
1340 67336
50350 2902
82101 1501
13568 90184
59582 795
59223 64433
24928 62328
23585 85445
43048 5222
24293 55172
89815 24873
51315 20671
67609 18248
17912 24395
76955 2199
65665 68694
38177 64741
87866 7469
71841 75610
29788 83274
53352 77155
265 90473
7531 80996
60533 37769
70452 38615
65881 15486
562 68479
35275 7526
9435 60612
48727 69446
83500 10759
71361 15458
38219 9101
1357 61516
36999 51765
57142 45654
38412 80385
51835 4175
33428 33180
34169 30182
35933 84400
11382 86062
77374 6976
61051 53923
35498 49130
43702 39973
48994 35020
16826 3787
16727 47350
53933 35392
81060 24356
75562 87527
6679 33558
43703 88806
50255 2452
83454 32469
40306 82681
46439 66818
54191 83164
62211 65259
9035 64010
87879 52282
84000 24011
80333 31611
13384 87706
27246 62834
12611 42413
13360 71807
88307 9574
68899 43158
62142 80327
90214 18057
83718 18784
10822 58209
9644 66575
13779 12771
79245 79396
19121 4966
68856 63059
76978 86815
38674 9118
19432 75717
15462 45638
59468 37528
44051 73472
53498 79921
58906 34792
81989 25182
56183 33795
69224 14409
26915 4626
48014 87269
51668 86560
54707 70760
9840 13802
16889 17388
78582 47123
5698 39310
69422 87656
36330 85580
30131 42271
57258 50160
21449 57024
84343 37666
47382 62489
3963 63714
43157 46147
28737 25614
51364 59101
9346 87926
26213 73536
14628 25130
7844 8946
6590 26628
49515 65727
15676 22023
39286 58010
29768 11199
66506 63875
81777 85971
11184 20586
25478 29639
60543 71289
38576 33647
52390 85632
14608 40585
13480 22125
11772 2447
71829 33281
18492 35090
16500 18097
10038 88166
52771 68183
52293 73254
31947 75064
18156 48875
64916 45478
38419 8157
38973 49390
34954 31204
35002 32147
3620 81121
17808 39497
32232 55719
85305 47421
48555 70478
50750 2086
61696 87954
50892 15267
76258 24849
28824 47974
24055 64457
18004 13664
25634 33282
26474 13257
18904 36323
64217 67734
6740 81353
61771 73431
19674 33760
54785 41083
961 18416
40964 31755
82073 70531
83222 36325
30920 31180
79677 84747
58894 2044
89764 5620
9932 60547
12347 25672
8456 44410
36053 30105
83449 33520
35727 34779
79671 18658
33850 64607
58879 31227
67084 10335
48652 48695
87780 53900
27858 85778
34567 28152
9420 20600
30377 89870
82695 75775
87142 69077
5775 8482
28437 87067
69017 21392
10205 35580
40226 21158
44963 74306
34684 35210
50886 9584
72252 37897
4413 179
79949 83583
11901 64939
46303 39291
73655 28602
73150 40215
2686 74008
89312 13995
11974 65831
11297 87311
89633 70158
42548 26254
4344 52107
41246 63601
42634 68550
28423 125
4060 33100
44782 4284
14295 73816
5630 37797
68324 30688
69499 36805
60694 84211
86301 49347
58690 63717
1320 41770
14444 45013
54538 8226
14254 57455
23527 28096
43853 1727
75936 11416
50170 8545
15811 52505
10500 4225
26734 21908
468 43597
9100 36836
75445 73824
28770 59323
19775 3693
14168 11200
84145 25089
87270 40820
17431 88177
57336 13022
48656 47850
2205 13358
40005 4273
7514 78480
75456 69115
34756 26077
4597 3116
17674 58972
81028 62001
70313 86848
4043 89146
5648 48767
61918 12231
57067 28675
20070 87547
20852 30162
509 33933
43776 36515
52432 81604
32822 51254
25634 42894
51837 67431
34292 75490
39891 63140
68722 59999
43824 77095
78474 34250
69290 62146
80517 41382
2208 43066
20119 7249
52996 57860
72650 8238
57564 86878
21221 58086
67800 54826
67454 51974
57963 16408
7096 55177
10762 90480
70397 57111
68255 4896
82521 50333
57152 25699
21405 13705
59270 48695
19817 14094
639 10728
83022 88936
60546 46987
39617 79479
20058 25268
25857 53394
29243 3407
77640 56668
24780 64027
53733 37198
70452 68953
54350 85132
10362 4199
53138 60437
18592 59245
12892 84560
39208 4076
22714 16533
38406 6606
73875 48834
63154 43136
15332 10751
55009 16952
73357 86788
12762 39309
2848 80686
54915 14321
20577 45057
77647 30791
84872 62667
22526 73465
35853 78757
56798 87600
67995 1400
12797 50233
34567 8972
13230 3025
83446 64673
4600 37859
68148 61133
57548 6706
64476 9019
26984 23589
63223 51506
15128 72411
74983 59956
76618 84525
73729 53051
76842 14017
88778 72974
8033 19074
3711 9710
5244 53250
49965 88920
66742 55914
81044 37730
81846 53630
89580 43275
262 28500
52671 59886
12930 32695
14861 47463
6896 23196
2334 33364
10256 90472
65786 77309
15476 58060
42821 61247
48317 86383
48410 18573
14436 82346
54545 65344
47569 59284
41689 75327
20813 38247
81889 47597
26772 32296
5341 51560
44904 52815
50439 48815
48860 28056
75433 63709
48562 38750
70025 20421
77915 79748
59771 86990
82724 23148
51577 25158
32108 180
53717 73577
42570 54673
19419 23697
562 45784
32701 69634
65713 59114
71388 52007
17973 31494
75269 34015
29474 74015
18876 9310
17021 87155
17119 4228
22910 61254
27664 17550
27851 21806
21092 44562
57201 62570
35489 25972
5051 10012
87997 68412
42043 76568
40570 39037
63910 26380
10662 12918
68439 87190
40003 2443
17215 55735
71722 17076
21545 49647
24340 14239
40381 790
81840 39450
1966 34862
17760 12380
64549 84811
14748 19911
76951 31961
48151 52845
67296 50409
66084 21742
9164 61616
80648 86993
590 73162
65223 80968
73542 72744
58390 70527
90061 21427
3341 8408
69325 89511
4325 88593
66173 77555
71413 469
85331 75960
503 90024
65732 82134
65126 40482
33729 37914
24558 5965
82138 23292
28990 43016
10617 41767
36613 10162
82034 13786
32250 57134
28718 83618
74032 57574
87647 81507
54974 19520
67607 15615
63773 51826
59467 72271
49066 78326
45960 3733
1013 16998
42034 35016
17633 32007
14729 55845
77312 44236
14552 83273
70383 23241
51916 12531
61480 27967
25172 81951
56815 61540
70229 9942
9987 44353
33867 73260
87263 32175
53660 64067
23848 20276
30824 65677
58793 44599
64776 69328
14590 24545
60696 19375
63024 86504
51841 29282
2509 59959
47041 59772
11705 20288
19406 90000
65599 26920
11853 32429
43967 81886
13838 71111
13923 46080
5251 13778
89435 22014
67964 48790
54021 31629
845 23964
38180 45139
75726 33020
33156 1962
29921 44948
31781 82430
69832 75179
89264 71945
46620 48357
83540 50594
34777 8058
6517 21753
54638 7667
16368 26336
87764 80711
32011 76597
72590 41774
34118 41606
42385 2896
12817 47128
23491 45103
60354 497
11319 87798
65187 79017
77227 14969
74550 46168
56731 11816
8187 33154
27288 88244
46710 75432
23158 51989
61919 9694
67500 58094
72018 62149
4242 40931
64840 45782
4678 16615
26551 73843
86240 47850
13991 57544
16111 12464
83600 89962
6012 22762
68888 70075
21561 48744
5961 36531
20597 59577
73235 72033
26004 75781
75312 79944
45448 75102
26282 1601
74558 71605
80650 75861
39636 51615
90357 78514
41836 90451
51541 72120
75345 41396
22164 27466
13440 18608
50633 22401
52422 73037
7247 66436
30912 89002
1059 58914
59440 8289
85116 20248
54320 44207
24751 18079
10832 1504
87232 11872
13853 50389
85936 19492
45824 11350
71168 46019
24725 64335
12027 21307
47605 24632
84106 22950
26129 31587
80437 85794
25920 15383
69550 58664
16433 4368
18629 67140
85962 20016
50057 58175
13875 89115
85242 85863
7350 7177
38124 14455
12685 54087
86274 54024
35259 81295
26172 13059
11833 8501
41372 58815
66415 40582
86229 87206
12124 6169
12694 22012
16849 58260
38075 39301
68618 2589
80282 69718
78767 44019
58652 51360
17293 57146
32601 90384
79707 45516
15266 11822
10057 24357
22281 65516
29985 8680
27582 63537
79853 2600
44433 42494
36611 74613
29141 14862
25765 88131
26373 71506
39499 2014
66982 25780
73950 35076
70156 2742
50189 30441
35208 64552
24207 53350
6381 72538
29970 69216
72570 49872
77112 14916
74054 55320
9652 38550
39974 58765
39063 69202
60340 49996
49156 50687
24197 21521
1971 78229
22279 29360
47807 33342
39593 56306
8732 77921
57201 13806
34779 35893
79550 56145
88376 74584
19130 87517
37366 57647
21983 28436
12544 18364
21752 30718
17989 27239
40403 53263
6244 29125
47076 935
35798 33253
2230 47204
20181 81675
74527 85021
41361 6428
39218 64622
43116 32045
18470 83162
83953 53689
71584 1266
48922 4224
40533 27601
64758 43216
29956 63938
78742 779
54354 90327
12316 73682
26691 64873
77877 5404
40571 49440
2072 21519
57344 90328
47672 89588
59491 76576
78138 39861
68834 52645
90283 78246
39227 46375
54901 45705
30636 84207
49602 72347
37780 15892
57466 30022
43981 85877
12405 3521
2655 63022
45021 3618
36396 39614
59753 20481
90493 49086
25674 71894
20571 44932
28499 2097
25072 71974
59692 73317
67780 37116
28728 12658
84493 18058
6216 4004
61883 13033
36345 8134
18838 28765
11720 30492
24413 16287
50261 59578
4903 62692
18455 44010
43991 87975
65768 52086
58655 14035
6754 52584
87877 52924
41289 74269
42722 9526
4445 45225
46638 2603
83488 66366
77810 31390
14945 72360
37904 28978
250 5579
77527 55359
81739 86728
260 62109
43017 33889
33575 15181
3073 3666
90328 6163
87483 62395
35079 30141
24538 88618
52965 11758
81679 5292
23264 81704
18224 44770
90209 45317
18839 18470
31874 20244
15165 14282
52837 82583
47647 19812
54672 2810
43597 35753
37622 4432
52035 10925
75638 88078
76293 13885
26458 4314
21194 87580
2818 5833
72293 12156
81146 32684
35999 2733
2037 69778
40749 37390
9494 88125
44578 9143
82183 49161
76581 71564
8302 60901
71862 39152
51085 37477
5684 77862
50022 18732
58783 24395
52564 75469
28179 59636
69219 18526
47931 6873
49983 9328
4865 30588
1847 25765
61106 3931
13546 80874
40441 15824
45818 82622
49602 52912
391 35126
44192 67443
54230 88626
81059 50835
16334 18365
35523 6550
13188 26347
10142 70215
57137 45996
2986 71458
19074 15451
28948 17049
72638 26904
46728 70886
76595 68829
57136 39880
4581 35272
8548 46394
17517 5741
84470 72413
14197 48094
16077 20523
72322 24833
42182 72781
42830 31877
29616 27428
31983 68619
70580 42431
85959 17492
51141 32608
79467 65990
41973 4377
89803 13231
53440 17035
46728 52698
43681 82378
2000 63267
75633 84444
11988 61503
44 19166
84567 42787
31494 87531
55775 38982
19192 38087
12068 83834
48740 90170
85951 756
68587 38957
79264 21954
62633 12677
6289 76776
59035 29947
19694 18942
83225 82694
33634 87776
56210 83125
58326 44948
18044 78237
26544 36382
36038 64820
74996 40826
46011 76977
78156 52377
19065 28947
11884 51071
74637 7645
56103 1900
37555 76272
61725 9425
2361 45731
4837 41603
25703 85845
25057 28313
6471 31009
27597 76602
80750 86269
55778 49967
73642 62562
21839 14956
82931 61026
57624 79149
62588 62316
75851 43797
37420 85738
15979 26218
21838 88855
72624 18606
57041 8060
31392 60677
78827 36959
70535 54405
56307 66122
10826 20376
11299 85039
40124 76226
36094 46096
4461 72591
3305 7346
71512 72817
13643 80728
54391 11217
10332 84994
49305 72383
24586 8675
20723 14643
82886 5683
64565 34920
3291 51892
31314 54728
19246 89667
19632 38735
78912 36629
40626 22062
42809 61483
17394 56883
4926 31579
30539 37591
34556 48534
75554 43708
49092 55363
14469 49521
67164 72862
33796 46042
68961 51938
28263 39040
7716 72351
81812 25487
82756 217
75776 72804
72826 1168
68592 70013
4868 6095
36788 46116
14534 4280
85697 22957
44652 30623
86601 71362
67177 37001
71933 15301
48090 40169
23949 60425
47016 132
6967 12718
51125 20692
18655 85425
73022 34183
60731 23293
83991 60628
40943 1716
78818 89301
37651 22705
84261 32344
16940 70137
32139 66730
7694 10724
79462 88585
33343 27239
90283 10005
32483 67442
72345 31581
14068 53512
38426 55656
74479 38306
72727 26923
11349 14727
3123 39623
72454 88800
2801 56312
44461 12961
18600 58791
56398 76987
9957 26961
2578 40173
22787 40051
10906 3432
78049 55447
65370 47370
30736 54696
21270 47968
73870 72735
51120 84403
37710 74158
33141 9977
12222 49832
68354 81592
20822 67965
86409 11488
1000 78820
59846 11491
66406 61932
48355 24076
49646 15092
77960 80894
63981 57889
69556 76673
26635 37235
24755 19251
73625 82329
8979 1894
79654 77117
18120 20085
77966 37675
20662 37481
51626 6424
46642 52066
56446 6616
72155 18735
84705 67234
35744 46590
16177 86045
46788 76858
62472 88210
28834 27823
19761 67601
61006 34588
85284 55691
48117 23520
31736 4326
60295 47264
31977 65973
19599 70656
21014 69558
78092 77104
27195 83722
63358 37456
84214 82471
34342 67612
28539 12491
18795 5984
72750 82061
25323 69948
6694 31886
46483 44973
66358 31234
77616 55833
56378 78673
65900 52233
60206 75313
78253 28245
78613 11555
56714 81224
8002 9606
60682 13428
38973 20404
56361 22224
23436 89760
21316 59026
76873 54863
35299 40308
671 65384
8729 5626
76867 39476
48198 59419
57187 68962
14308 73578
83165 47516
13641 43435
39071 80588
54341 4243
31939 79973
39333 7632
31154 43156
42911 27280
78729 85234
3650 24148
58405 16587
46779 85348
73230 48365
20979 25509
28025 45305
7882 56334
72275 33391
44912 11905
76547 27591
52837 34558
66040 33930
66668 33233
9140 42191
27232 69468
50747 33245
2402 70217
33433 2512
56071 20781
75805 80473
62081 81372
37779 12583
33271 4786
33622 11688
81334 26414
36390 66257
18959 61357
3878 26095
1166 71071
13861 15585
5590 15155
78187 77851
80016 23631
58124 81410
84086 33188
34171 64978
68664 48079
60503 77322
47780 67741
66583 44600
67235 6353
83485 18382
33056 24351
40624 45306
47621 13976
53963 39089
43781 47403
5381 89411
9156 89746
84123 6251
88967 57805
77104 3527
22924 65212
83249 57402
77461 16108
90006 81525
72497 21829
39518 19896
7863 46080
46650 84792
2417 49583
10497 61264
31968 48983
90466 66355
89376 47773
831 28555
23662 47283
32304 14637
38599 63841
749 75697
17669 32123
59211 64136
51713 55025
27998 28666
75991 76919
24077 86600
17963 65552
7515 35840
83533 34772
37611 76946
1915 3642
88520 87866
19220 54971
1752 69666
16875 40600
45136 10016
28656 9805
86670 53960
80296 73632
53100 46890
52170 21356
41283 1396
6527 2609
78822 39074
13053 84957
44332 19532
34628 7994
18267 55238
36780 16308
69749 19445
68101 44141
40753 26427
56057 17852
21590 50430
3421 9872
63560 43751
23366 21718
55556 61371
11352 76141
62521 81996
51362 20930
77145 49045
43980 26031
36023 36085
17086 2071
71679 88756
29028 40134
51259 52710
6944 49219
15494 14769
50938 73943
422 60776
30698 43197
80451 79009
18088 53909
81789 36071
72700 48255
51482 33103
83527 16149
15100 45215
54941 90212
81841 79924
59416 86730
15320 51984
69954 76213
62045 15826
9285 58061
78253 75924
68609 70816
59794 79856
31565 68809
74343 73149
68518 55358
29572 25469
78249 83214
36715 61413
3402 42665
65048 9764
298 45009
61131 30021
14712 8313
17976 87693
59063 60281
35538 17693
78448 3264
11918 73343
36993 13772
75590 78896
55190 62161
26275 70034
53058 37954
43085 658
70178 88749
57210 41659
4104 48548
47595 27197
64612 3181
48902 66947
12023 28790
44846 74735
17808 46889
31511 30103
20323 48122
87889 25409
37497 58321
70658 45938
8086 41898
41480 86649
34448 61998
67094 64216
70796 80288
59486 13162
77759 41497
21875 30484
64040 632
6362 13995
52424 1171
34770 10492
81522 73205
12880 26761
76586 61992
17949 47400
38457 31130
45956 53675
78272 66312
44399 20809
48985 41065
70000 80209
71694 7371
2914 89532
51458 57836
41733 42748
20564 42010
9974 28164
3567 21537
18978 89922
80218 2891
21130 25775
60495 68628
36977 51185
60918 69256
12015 24202
24459 42504
24542 27455
20726 68998
46388 1007
85491 31782
3503 6303
48589 37964
48916 69850
39473 44383
10276 15912
38305 61314
14569 73742
53415 90403
63700 57304
71427 55392
52092 24227
26030 41508
81362 19965
28725 52996
40376 90321
30153 29465
2514 56605
54684 60813
65697 28224
7396 74873
80263 41348
67500 71524
78883 40683
68161 16101
79536 5556
31856 67350
37451 66636
1829 70852
67763 31223
62648 84747
29556 49194
86195 61308
8077 58359
12681 68375
34921 61523
75677 29780
4416 15937
46490 34979
18875 27767
68360 67026
55561 90375
6928 61720
33077 17983
66096 34069
68833 68414
40965 47924
56274 15076
421 3413
57701 33051
46497 69290
83371 11782
7563 73198
56597 47028
51328 55348
1479 28378
31273 34410
59164 17354
56246 13967
14900 50540
69988 74414
68182 47785
75824 17654
42934 87951
45594 44505
86370 39795
68730 6677
66930 86710
77333 37122
12414 68623
66765 62699
67290 19244
20255 46545
14822 30096
58539 82162
66459 75424
30417 39161
19288 61961
17538 62517
28367 28121
36785 4398
59314 81865
10521 24174
68655 77550
73389 34399
34182 30527
859 82512
16860 199
28355 62648
21279 47
76020 47757
71046 46869
69141 1013
59285 8329
54712 81909
64336 82578
71692 33919
84263 84985
46194 62539
36680 42265
78331 46157
40962 66725
56733 19938
13426 40329
13850 25344
38962 42445
19068 52458
5227 35079
9299 83636
19223 86775
64159 2462
22560 60052
30556 1668
75539 74787
29714 47136
81360 79223
74055 23969
53608 35038
74210 81937
5381 7788
14352 27554
47391 7826
18879 71258
23302 86861
13245 52833
21808 12953
33358 14800
47455 75475
45825 1972
90449 27654
21615 32947
16259 59018
66270 72235
79604 70858
19782 57597
14184 46413
5122 50557
48327 21524
49037 90331
5515 45829
63280 30893
50648 25860
31217 32894
34637 79310
63309 29379
72908 68679
77195 14249
90287 55632
9041 58871
6182 64429
39822 64324
21110 39325
41200 16355
22946 54987
56353 26041
85543 43478
11215 66836
5551 23622
83173 83236
64323 42960
60430 30097
85742 10103
17327 71192
586 30781
69660 26934
33512 29643
51142 31454
69001 41527
61899 58245
6174 36968
71873 83873
55485 63737
65947 36229
26171 12006
83334 84887
83205 35953
45615 87666
60605 63403
75165 43565
61311 32303
88870 53620
87473 79847
19903 26304
87528 522
53481 83967
38334 57736
40155 28767
79507 3421
37454 70869
18828 13628
35160 80895
24299 46584
89617 71691
11451 350
8199 81791
51829 38153
33444 7096
13964 64226
34590 28993
27140 21616
69544 82412
86200 21493
23270 21946
80907 57749
39447 30235
9455 5465
15637 41694
37517 85046
356 43756
72497 61324
15873 90202
13076 67591
2016 23766
59154 71485
58380 88077
14669 41653
62900 36824
50699 8629
86507 42712
53195 24603
2835 39791
74979 25348
90502 20833
15881 47810
34336 36000
61513 26542
63127 74814
40546 81861
64581 50518
89115 82689
87201 41443
60447 54976
72032 33395
8910 16874
31660 71894
82326 1055
46235 19052
82915 69572
51913 78645
11491 3764
49003 3661
49596 19747
56423 75642
9790 59566
55864 87921
46421 15657
50122 17992
41018 16312
81549 63779
86843 77854
20196 608
85719 3516
23737 34482
32134 28901
82358 33265
88216 77018
14933 74384
13708 32717
1959 2145
25664 32017
3248 72349
59956 83102
47949 1230
21777 74488
59176 13152
60743 64907
13465 5790
51427 46311
18698 7841
57398 69525
21831 53032
9039 24598
51885 55002
7617 61880
27960 3169
18640 65930
89419 70644
24807 86575
66460 2389
8308 3855
56088 73921
78641 66775
54870 42470
72707 46597
66923 20765
59606 77717
78338 33004
46753 79138
5583 38137
5383 41984
45144 40743
34469 85671
46860 51651
57639 57290
59149 26739
86278 14086
971 66877
81345 80190
56382 22208
67724 11486
802 70195
39115 45938
68437 2239
4416 83148
33349 42606
47289 85133
63298 28833
76328 61525
23212 12261
32646 2741
82577 62732
58277 68931
79680 82816
87574 72908
73624 61221
5795 31324
43925 20946
5655 3960
58758 15755
85987 12809
89877 88716
44710 19711
2048 25345
6694 40697
8944 83060
33382 76502
84191 21018
77581 46341
84709 38391
25543 7728
87783 8814
78995 58109
74738 54095
11583 76307
38592 42584
40876 23239
48969 54336
3159 76537
8597 6670
21895 4882
55328 771
34977 37175
44552 38211
26349 6902
28781 21427
51444 57311
43241 75738
53686 48815
83016 58190
19023 84221
43102 53473
20142 52765
38857 4436
48652 49044
54995 25592
32582 61011
54630 85251
42655 21347
81352 72180
21195 68957
19020 27182
33389 77699
48070 79025
36770 58896
65391 31328
88158 63886
18449 3917
27399 13532
73904 90109
85650 60074
76022 88976
52962 28317
48174 59376
35213 74032
70241 14366
63441 60533
71732 60124
5653 15378
80458 64332
86964 83689
4651 23741
17574 12176
40895 36955
83765 30038
66503 53469
87755 12740
17172 36490
50010 18233
15458 50538
15622 55830
4248 81041
12838 3882
84278 71095
80351 20418
83849 62058
14465 61286
36449 46372
32315 33824
70392 13730
38156 71948
8027 67360
3771 43532
34468 77688
82408 2952
37373 88720
78467 51145
56716 35493
8700 69294
7163 72358
10860 77469
17480 8740
41094 57678
1913 8984
54279 81842
67713 41971
85294 70264
16833 85682
26810 16775
44602 36206
22725 64509
51379 69841
34753 24021
79114 33815
70117 1753
77509 68495
89096 36932
65341 84019
6043 75868
71286 24011
77918 4634
21825 6279
71693 28078
61539 6949
3400 50691
72704 58381
35342 42213
71171 7967
53246 50036
46119 49994
4130 26566
7833 56072
79693 11362
49570 29974
36114 4004
24969 61320
23879 76215
20498 75016
84511 8741
1206 49442
6539 22384
21489 55685
85800 61454
12681 13171
9611 64855
73198 13933
22826 56882
57078 82150
29030 56885
19697 22134
19600 81342
83943 6082
46389 65817
16880 2291
53736 12649
5957 23991
376 74827
19793 32166
69670 74393
2952 48420
47052 9915
21447 71206
36669 31825
70747 16899
44021 28013
67647 7119
65635 86707
87170 76131
39128 71558
41882 82458
55308 22990
89239 36152
23427 75249
69404 74395
11693 18678
37128 20217
1835 69749
70061 50987
10899 48847
58199 58704
25592 48749
53483 67358
166 24520
64302 25333
88665 55636
13876 31536
46817 43996
41078 86581
1679 21220
27714 64337
33208 56401
27660 35993
67198 5404
22184 35123
22266 86197
31326 15861
17960 62777
12922 24455
71376 68882
29526 42903
29230 37428
74147 76716
74035 76246
48021 46212

