19007 4377
582 17995
3513 9752
7344 3423
4948 490
7882 14847
5347 11490
18387 17480
963 6203
15852 13974
11401 6711
7153 1497
5179 3620
8102 14478
16018 3160
8193 11627
3374 16095
11610 15601
5348 11571
1362 2013
9689 14618
1913 18511
4347 13712
6612 15896
5403 10869
14222 12645
17763 10827
2406 12522
3751 9745
8044 11238
7805 3494
10891 12881
8838 4423
2693 3804
17030 4188
14909 15683
14425 17848
14221 13997
15045 7879
16894 5984
2892 15124
13512 13308
4579 14628
14963 14491
14141 14562
13153 8271
814 16180
12203 8917
16491 11723
8972 14338
1518 8797
11657 18048
8026 14954
9255 15858
10817 7454
15961 1471
5809 1177
2229 4873
15772 2358
9942 16761
11637 17172
5456 11001
2753 11703
16484 18773
11976 11125
4848 18437
14924 6169
13302 1690
515 4368
11310 17042
8834 18955
6743 17561
5399 15836
10503 2690
14809 2804
9436 1353
2726 431
10212 1345
8499 10074
6173 15867
11138 348
9182 8792
15967 18259
13519 4284
16814 15651
1983 9548
18228 2165
10916 4930
13200 16173
9438 7851
14259 12810
14436 7110
16721 2219
1180 8406
5560 333
13200 1800
4816 6331
18463 18246
14529 4040
17967 17027
14307 15367
1995 5586
881 15694
1042 16694
15609 3360
4990 4534
4433 3268
14271 15938
15565 6322
13637 3494
17663 2657
8077 1054
1889 9396
16766 17538
1135 18993
6219 1173
10755 9563
15134 5583
7168 17421
12325 1837
16596 12962
788 3164
18252 13116
608 10287
2426 18762
15449 8447
10118 4698
8667 15413
3591 11625
15462 8566
1513 4651
12879 7055
6669 7273
14665 2251
744 6949
9667 2287
2714 6333
13619 3072
13334 14051
6916 4935
16922 6041
6729 6878
1879 6471
12988 11019
14744 823
143 2644
1408 24
15681 8991
5320 11067
7999 5541
235 103
2354 14693
18706 15887
6201 10178
12869 13727
11128 8919
9830 2960
1691 614
2106 5960
4185 15459
2865 4408
5069 9355
12858 10536
6096 18463
13943 8623
3857 8832
3608 11920
12735 8479
13033 10159
8690 13424
11672 7707
9882 13852
9139 2962
1789 7421
190 3371
9255 5617
1187 9976
111 8182
3626 14448
16381 17974
16338 485
10414 9548
7202 1742
16420 7465
1747 7949
8705 14455
11822 18088
17150 9525
7011 18884
9971 12325
4873 12045
9859 6671
4648 12372
16098 11880
19004 4447
15675 4607
18005 2082
15749 16979
3046 4195
1161 18856
4084 1304
6777 17670
9350 10702
13166 15239
8292 5133
3453 18928
9092 4808
2121 1636
16157 8933
8378 10160
10223 15471
6753 14460
9716 4263
17884 17598
7006 14460
11295 16328
18969 13470
12149 3291
15774 16599
17676 16931
2436 9640
6732 14751
5606 17300
7288 17592
510 12371
6772 3712
8074 14071
12354 398
1397 6272
17879 6035
6242 14743
15847 1429
284 14359
11966 7083
2716 14734
12188 7950
890 13760
5645 3678
8584 2658
8144 12594
9459 16364
2143 728
10645 13600
1070 400
5182 5610
12078 2979
8014 15230
17740 15761
9446 13541
4017 4858
14621 7917
2351 3094
15589 9657
3279 852
5860 15845
527 14530
14375 12471
2687 16518
15808 14948
2380 11788
9856 235
14824 11251
13974 17231
17268 8748
16536 4512
18892 8690
13961 36
16922 15313
2239 414
18708 18668
16493 18928
13828 11520
1448 8286
14501 15441
1971 3897
5404 11522
10952 17929
14844 14877
2916 4713
1939 8145
2523 3061
5967 2888
6622 11450
5089 15976
18602 11187
10149 15884
3144 7466
17747 18666
9725 14919
10963 15314
18624 6287
7654 18458
8538 7250
12354 12016
16819 3938
14448 8497
9512 4832
11412 12931
18182 1481
2474 5276
18122 18957
1563 8882
11964 612
8779 4343
1957 17589
8401 1359
12183 15288
6061 6988
10813 5697
506 14914
8932 7676
13268 6321
172 16237
7958 15018
12598 17229
17190 14668
16467 17720
10114 7947
5406 12511
11519 13443
15467 3498
16899 12246
6865 13585
18781 16010
16546 5334
5389 10243
6144 14691
2296 6824
5496 16462
17490 13882
18540 12128
11573 9249
16446 4572
18006 1003
13853 8035
11767 6985
15150 529
2614 425
18995 14923
2981 7946
13025 12728
5905 11413
17554 15889
15216 16195
12141 10838
2968 10636
6449 6552
18024 10936
18608 519
16325 11112
2839 5238
9093 12445
4540 16017
8018 4200
16868 4157
11370 18316
4029 4430
5955 15965
6292 7019
7838 1380
8558 4064
1285 1753
10789 10722
5431 11120
17460 16757
13962 18945
5947 16226
9890 6983
11487 12421
8974 1355
6547 7474
14744 15045
9502 12994
13514 7006
5115 3946
10333 6506
18657 4059
7006 9336
3037 18175
6341 9211
787 17053
7886 13061
15957 17375
7660 5924
8048 8135
15498 9999
11525 9945
3078 2528
16278 2234
18056 10865
5657 9338
10821 9563
13160 1674
17166 16251
10994 10803
13257 14704
10177 18803
17959 3613
12616 9015
11826 4280
5000 8659
1256 14764
6048 16807
11856 5471
5267 8365
12166 2133
10160 13237
16895 15793
4587 11495
17401 469
2130 2316
1206 8118
8352 17793
14147 4415
13566 3646
327 12988
17270 4744
8919 14493
813 13376
16473 11490
10226 764
1323 13743
4736 9790
7154 11728
7274 2339
11961 13256
1064 1474
2411 17088
11422 17414
11888 10419
12675 2805
2489 11940
3317 3195
15193 18273
4222 5224
11168 8372
729 15075
13471 7062
16201 6048
15306 16981
14232 6337
475 4084
1638 9144
17877 12304
4828 10961
10429 7889
15474 10149
6761 6405
18510 14840
13805 8893
13591 15874
3232 1632
4510 10651
15363 5214
8946 18917
14057 16055
3655 17190
14564 2874
8297 4773
15746 3554
2450 16563
12517 3652
14376 3577
6188 5805
13998 6026
16385 8236
6739 6731
760 1220
18219 669
10266 18484
2480 17345
9188 18715
18106 15695
6788 9741
9478 1372
14096 9715
16784 16469
3532 16158
4632 17257
16459 17575
6962 9405
14522 16913
4946 16815
10755 4275
6054 5801
14588 6241
12531 5514
14672 4105
268 15925
14085 16768
9083 10943
17529 9239
5373 3418
13892 652
14803 5793
5057 17707
13959 333
13747 908
4293 3954
1570 16198
8141 11592
10676 5564
7367 18242
16508 6334
6985 4405
2163 14497
1637 3456
18550 10316
18323 6890
14513 8583
9472 17139
7891 571
8633 3243
10056 3986
426 13451
4921 14484
11408 9656
13345 14110
9149 11009
12503 15372
15678 7947
10610 10021
7400 8332
3476 17173
5161 18294
16629 2544
6879 15125
1929 18881
8405 648
12711 16798
10630 56
14705 1964
16948 10137
3392 16276
9497 14315
6704 12649
6284 12063
9385 13091
18962 6589
15504 7767
4638 4783
7491 18249
12825 232
17606 9356
13850 14138
15749 1218
2048 10057
14757 6068
16263 13862
14525 11423
16403 4079
11745 15405
10323 700
2842 15027
4672 15483
3396 1729
1949 2243
1252 5958
2713 11764
6639 2060
17691 11650
4818 4462
8176 5003
9027 14672
514 7835
11236 7836
9584 4009
18668 17639
8968 13045
1458 10758
14937 9274
2720 10756
10714 11552
8042 7632
11765 192
2546 14512
8810 3419
7289 16699
15506 11762
14865 3772
14373 15733
7277 15004
4114 3564
13931 17194
9854 15883
7303 14913
13897 9882
15891 1809
404 14994
4125 15587
11346 12524
18567 18617
4506 152
11396 17220
12947 3208
975 2243
12911 13988
8680 13373
9324 10177
18463 5053
14819 12228
8180 6262
1448 4418
18538 18181
14893 1331
8857 11385
12510 10791
10298 17738
1321 8923
18156 15784
3707 6299
17207 4231
546 14674
77 2855
1781 4743
10047 7804
16266 3879
5679 10747
10689 17479
144 14630
16287 13127
2639 18100
7728 7040
7424 2119
12582 12887
9132 3303
7183 2667
5172 3331
6555 12632
14224 2297
562 5120
79 9173
5371 10487
17920 9249
10246 1453
11539 4939
18083 9764
86 4602
11669 17880
5347 479
11597 2994
14808 8849
10110 1449
3063 13853
8553 2320
3004 14670
906 14320
409 9838
6618 14908
8838 1140
17176 16235
14446 2345
16810 10399
6459 16986
2685 18044
17433 16305
13821 2787
17706 3897
2902 8099
15964 4228
14313 8582
150 5827
10990 9576
9794 7600
5838 15363
225 4280
2137 18095
17482 12670
16794 16583
14743 8431
7011 8724
13303 5686
13361 6185
13833 2617
15052 16276
11021 10768
18096 7236
10129 12550
15506 4783
15810 2305
18116 15144
15556 18784
4450 6068
7098 10534
10806 8893
1414 18904
2568 9
3275 6775
13083 7116
4685 4430
8157 9157
6148 8470
3877 1596
316 5571
5243 2177
1256 17155
14166 9214
11232 4162
9137 16878
13263 258
5045 5087
8444 6483
13052 1386
875 16825
2076 16930
1579 2914
9378 1777
15476 860
17515 2881
17976 6394
18685 1192
3339 15548
18549 1417
437 13975
5750 10653
7138 14928
8043 12002
18888 5429
1367 18949
8819 4824
1516 13416
6901 3172
17057 15514
14738 18951
3890 1692
14524 13366
7449 7327
11249 7081
2863 17955
17612 14949
17750 6023
16554 12535
4616 9231
1594 7364
6446 6160
13531 13412
856 7929
528 12902
13583 18526
1100 13622
2303 2805
15887 15863
11426 13660
7706 17196
14288 1345
454 17419
13219 1625
1517 1487
3203 10417
6169 9036
988 6098
2089 14252
19006 18751
15442 1863
12763 7123
16541 18724
13466 4391
18565 11955
13572 7936
13709 2837
2079 7005
5056 11610
7570 13107
2946 4604
14657 14016
17869 768
18963 6897
17536 17820
18127 2195
3755 15359
2289 8541
2336 17921
13976 6564
8874 6659
18083 956
6649 8217
15082 17951
6116 16205
17782 16277
17416 5337
16641 1405
8675 3331
15491 10162
3142 9210
448 347
5887 2912
5969 15368
1036 1686
6606 9918
15884 11405
1777 15684
6342 9988
12774 8571
9807 13773
388 10132
13515 1515
6628 5018
10859 15884
923 10147
17821 5687
16930 11752
17707 14153
325 13230
16045 2319
16099 10283
15038 15671
18382 3625
15936 3315
13247 16375
5760 14592
3707 9289
14278 12276
15518 8022
2622 1259
15660 13884
11012 15610
14217 14889
1652 2713
12153 5864
16620 6198
15025 17394
18399 17305
17562 8437
16069 6998
18763 4341
5928 15344
16163 16310
18869 17828
18732 7651
14229 490
8240 13179
15949 2731
13601 2764
4114 5484
4936 4918
6635 9055
6636 4441
932 9827
2915 14285
14118 101
10289 13301
4615 3520
16102 1518
8993 621
15610 8900
461 6157
16396 9872
10984 8084
9795 720
18967 18521
12803 2460
16317 13191
8298 8732
8633 5418
4594 17842
16403 14054
5188 4729
218 16021
9375 18335
1353 10387
8865 12980
6358 8373
10427 4496
10574 1397
5446 1583
6107 10368
982 9922
9595 15714
17632 11776
6331 170
12234 7937
3884 8117
3347 18529
2953 1228
1833 8516
16721 3490
9971 14918
10803 7492
13029 300
477 3927
10536 12252
18028 4399
3736 819
18545 7020
12540 2881
16293 6575
2825 2210
9834 10339
364 13520
5251 15114
13754 4496
5363 8085
12466 2294
9468 14711
12873 9851
13776 908
3739 9720
5925 2721
7530 11052
18531 7350
2628 13301
7762 15639
5286 10233
19002 3817
10805 12641
2693 14599
4521 10021
8345 3945
9027 12381
7588 13653
4775 11743
3051 8565
14244 11715
15127 13194
3460 7272
3526 2113
11756 1874
5239 17476
8909 15543
2110 1940
9197 7050
12574 4572
14105 11785
85 15803
13342 2723
3920 14203
13711 16175
17527 2813
3371 5393
1207 6755
9974 3071
7085 7933
3342 14900
11920 12449
15973 14455
16218 2357
6270 9032
9313 8515
2412 5581
12166 17434
5728 15430
12049 4871
10857 17095
13585 15434
11484 9151
8499 18389
12421 12965
9164 14987
13815 11695
6754 5554
3501 1014
5680 4135
5247 424
273 16160
14329 12144
13475 2061
14652 8633
330 18357
4492 6449
13182 16891
79 5943
10087 13542
8145 7661
5209 17695
16441 18887
11776 16848
8253 9558
11661 11677
1099 108
8055 17158
13684 13202
2794 15948
6124 13501
8831 3793
18656 11765
2202 7405
10570 16930
8995 12383
2355 11031
10773 11251
16831 4928
1091 5473
18564 7746
18099 6026
15282 6706
2419 5453
11015 18183
2841 11827
11781 3084
7656 2550
13687 1543
2644 5428
18427 15770
4062 6019
985 13750
14047 8796
7695 13589
7901 15909
12898 4537
15483 6552
15465 905
18713 8930
18904 5492
5413 2684
17875 1378
13255 12508
12792 7902
6237 14093
5961 1586
17941 11
10255 2486
8034 14897
11094 3321
6462 10010
1522 4276
560 17520
1194 3248
15378 17762
4678 401
9871 6697
6149 9635
13326 17528
7267 12100
15014 14596
17062 1656
2135 6574
7326 8888
12827 662
18979 15586
17168 13572
9480 7635
9195 17265
12041 921
17387 18076
2344 18698
6228 2236
1258 4845
14027 1890
18484 2402
1730 17901
6135 17357
5269 16010
3890 12341
18356 14267
3917 4338
16032 8995
9888 16935
9977 18770
6108 2292
16901 11250
17598 2022
10895 7146
9838 13816
4677 7589
18390 12459
10502 3279
3567 2647
18996 340
9321 120
2244 2702
58 18189
18971 3810
15629 1636
14428 17338
13933 1180
11353 16511
5418 11793
11492 11602
14475 8702
2833 16917
13875 15239
17831 6430
14861 11218
2695 3248
6224 12796
16150 18785
1226 14440
16295 8672
10101 18103
11899 17029
8562 8734
4313 5627
7675 17133
2054 10018
12190 14734
12549 6859
1304 5319
8663 14006
6954 15795
5117 18747
12585 2086
10524 13632
15157 2621
11810 16993
18224 7794
7200 23
11915 5489
10888 10790
10175 646
7129 18393
11861 5289
2108 540
2575 12349
9887 18035
14510 1318
16716 335
1565 4084
1637 12969
684 16578
6154 17553
3708 18097
2974 8647
17977 15128
5816 18497
4178 5788
10634 16099
1479 11219
4788 11904
317 7781
3657 18396
8195 6559
3512 12645
757 468
5963 4897
2788 12434
9042 9055
3214 15840
4866 6310
16549 13525
9509 9201
6015 9782
6665 1562
10027 645
13967 18574
12110 10931
10795 10432
9382 15023
16841 8305
18336 6327
3677 15197
1233 6705
18021 5232
18079 11589
11897 8608
3118 3570
15984 5386
11248 17467
16839 18323
6700 12486
659 4489
2034 10668
8464 3957
8939 16524
18766 2469
3914 12256
16396 12011
5185 7352
14238 16714
11185 16629
5652 7641
17761 1867
1783 13157
9273 4620
8932 18062
8956 6899
15546 10645
5431 11056
12487 10666
17848 11963
14036 2063
4785 593
9996 11516
9548 4595
17208 15803
2017 7847
9662 13068
1400 14178
12439 13972
2287 1026
9652 18387
18566 12624
5512 2764
966 4123
6318 15845
584 6538
10977 15409
17856 419
8769 17402
3138 10057
5701 2779
14563 7177
5681 6742
8347 18841
2574 5405
16140 5503
3930 16415
6365 15367
1532 8039
14724 13552
9962 8642
1265 17229
10916 9544
12316 1599
2869 13846
10367 1866
1371 12960
463 3809
8912 6806
12552 6342
15777 11952
16360 8889
1502 11988
13746 5993
8098 18258
2445 7102
10641 14241
5014 4859
3620 424
10412 12719
17966 18347
15504 13779
10 156
11672 7577
7276 18149
12721 5970
1868 14525
7190 9186
11328 7358
1524 2298
15984 8494
14758 17458
4576 7113
10342 12022
2463 2433
15530 15759
8365 12307
11864 9589
4441 243
2438 11385
18748 11859
15988 7826
16164 11844
2074 17375
11692 7905
14686 3474
1230 11915
8354 14283
786 5602
7612 10757
11073 428
1202 9867
12278 12203
11622 4579
5479 7151
886 2162
13503 650
16430 17183
6328 1614
8350 3552
14249 11731
3993 15135
5334 18432
28 12870
468 17343
12518 14664
5858 15320
5974 11968
18592 1870
1414 5701
14211 9898
14780 3108
2159 18278
13040 6258
15449 2565
18049 3348
7603 7940
17215 14785
8919 5402
17529 2000
7203 3805
3385 7938
3984 14799
11722 11468
11500 17920
4824 17399
6745 17070
4857 1483
3265 6072
18804 14742
15883 3436
17116 9006
4610 2020
13940 15303
11565 2444
14045 8000
1359 6380
9069 9632
16142 1072
11558 5065
12313 8610
10169 8293
18552 2448
13699 9843
16166 6161
3492 7776
2215 10013
2743 864
16534 2615
6448 17499
2338 4342
13121 6425
2579 16971
907 15789
10571 2939
14949 17308
14819 3723
18865 729
18018 13545
15073 7660
2536 1553
9997 9879
4278 14090
637 5204
7873 18479
5814 3333
14867 5462
2915 6461
11927 10767
3521 10292
15405 5137
15307 16085
8696 1699
8208 16025
17466 13562
4003 13333
5871 14835
14444 14404
3807 16576
3395 14911
12485 11997
7330 7879
7863 1060
9284 15949
16834 17263
5580 11882
12908 15743
10866 12893
12783 9970
5182 14847
11721 1658
11234 15949
10029 11264
1429 5554
7204 2672
2901 15687
14109 16485
4461 3450
5157 10918
7572 358
1411 4719
8716 11449
6007 2686
18328 3656
4686 6723
9896 11494
17437 2136
7591 5561
16576 8781
17066 8874
13375 15888
15519 9035
2823 9882
17820 3594
15056 7584
16460 5537
3499 3749
17912 6041
12286 2869
7795 12157
11763 16154
4783 18260
1030 453
5375 9541
16959 9278
19 15870
5090 12935
11907 13309
3849 3309
11153 5644
10366 15207
16493 9133
9955 3070
7833 8513
14845 6210
10025 10713
2547 6950
10830 264
9637 7190
4996 8726
919 13539
13844 9025
2607 7080
7729 18111
5343 5917
2440 407
12991 4090
5165 2204
13399 15813
3465 10903
4643 13419
15994 3271
558 13941
15556 12988
16148 11322
6528 8786
11444 5828
3947 15787
18870 18855
4602 5510
1852 16488
3499 17088
11865 15275
2918 16548
4179 4244
779 3328
12939 12795
13085 346
9271 6881
2997 12002
8891 6331
11548 6150
13028 4687
9617 7109
8148 5166
4244 9593
18050 12376
496 15548
2703 3647
14230 1718
5447 9658
110 9096
16592 5827
11246 13698
17831 17478
4260 4061
13894 17081
4860 16134
18783 13315
12473 1926
601 12568
7369 13086
11937 18390
11100 17256
15604 15894
12910 15104
1023 16498
18672 16516
18626 13102
16406 14941
18527 2134
11749 14812
1167 7057
10246 11224
15645 8612
15680 4140
5816 8334
7249 4246
8085 9097
903 14366
17298 8877
4010 14242
6644 5978
6836 7460
16966 2253
2262 13861
6986 9799
9043 4864
7455 9832
11682 10822
8866 10601
5723 15955
18087 13360
6752 12192
14569 2064
5714 185
3845 6977
18853 17817
871 12140
7516 5763
2995 1702
14903 18569
9733 8321
13309 5149
14605 12230
14617 9315
16358 13077
4936 15962
1649 6176
3885 18425
17603 18206
3886 14040
5256 15823
17892 9449
15814 297
6982 3506
2599 3809
11263 15282
7087 1722
2721 14797
2641 5383
14312 11275
18091 7974
2868 14587
34 9851
12292 2622
7193 2377
17071 10919
5603 2168
9315 52
10083 3716
8318 18293
5679 16307
5329 17506
178 18117
4579 6949
2654 9788
17266 9288
10568 1924
4182 3457
13149 3182
13313 5914
15913 12847
9279 3778
5305 12273
10659 11496
17465 2672
10678 14664
4748 3725
7387 17002
12298 6759
17940 11224
2719 10299
15821 8679
4210 16393
14918 4036
4209 15345
16039 14500
9906 2484
16059 7424
16297 5755
11674 8737
14697 13638
4717 7449
16556 1814
3165 12865
11221 13307
14956 8614
14028 8784
15702 9258
8553 3270
3815 17785
10159 15123
15189 15497
10049 13265
5384 8257
1137 9275
5689 7581
6928 15297
11845 10281
6305 11871
12613 9744
11641 4215
2824 18807
53 7217
3363 8764
8644 8003
12965 16993
215 3194
14830 3406
5224 18449
17890 11609
1237 7906
8542 18837
9171 9591
9687 1105
1252 1915
18063 17687
12583 10777
1623 7978
8150 13474
12029 6956
15405 3759
12567 6631
11492 14336
1736 14042
11499 16181
5963 18150
5179 16756
12630 15696
2586 10914
16343 13167
6725 5259
17861 11682
5477 16190
14676 6767
14484 8403
11918 2515
14195 3282
16405 3873
17214 8329
6750 2399
325 9868
7457 15129
14251 8137
10488 18393
3591 383
10756 6724
1269 1042
18549 4232
15032 2960
4211 4557
18336 16282
3654 10647
9098 18803
5416 11048
15933 12895
9934 3583
12090 15989
385 11346
15508 13017
10017 12019
703 8623
15312 7480
7586 7667
2104 3569
709 14036
8619 460
16909 18696
15344 12536
39 7151
10786 13778
4137 11374
10280 15367
13649 4397
7401 7441
2552 18748
1004 6521
3707 16027
7791 4923
17040 7106
1184 16107
2423 11134
12426 868
6161 12899
18977 5818
1718 127
16738 15637
10543 15718
13106 10426
14865 2716
3069 18192
12357 6403
2835 2978
13245 6914
14080 11422
1613 11301
3274 16266
8217 4514
10097 17968
8569 18637
6140 5907
710 11241
14519 7268
17862 6023
1878 8868
8004 10377
3685 4316
687 1952
6030 12128
14860 14242
5779 14123
9997 17737
1918 6954
16141 8714
3863 16782
2886 4642
5790 17250
5991 18472
13973 12878
427 7016
6264 17435
16021 9206
8366 13883
14233 13591
14425 7754
1304 8717
3346 3165
14532 2404
17658 8709
1931 11359
17113 3662
17241 2499
8740 4267
9296 5388
18495 7485
1716 18610
11025 8681
125 18436
15691 18721
18390 8335
14615 452
14340 104
1013 7198
17711 16156
3151 3340
18522 10885
5401 8025
14438 16476
18629 251
1593 3608
5735 6738
17706 15214
7558 13013
8212 4003
11296 9674
13173 11862
5446 15617
1171 17619
13150 15936
10028 17966
2148 3457
7098 9092
11157 8432
9726 11514
10928 732
9815 6747
1678 10518
3941 584
18665 18230
17728 15282
4160 12965
3471 16913
868 18871
13019 1982
4111 3246
9146 9254
14294 10029
12685 3305
6813 11853
1396 6832
10367 16241
15469 11716
1474 15419
2024 1971
10382 11711
16065 78
10080 9274
9833 11352
15803 6228
1001 12197
6521 15882
6588 9147
997 14298
5600 11258
1976 10152
3797 6438
3472 491
16385 14842
18962 7319
16688 10270
14102 11557
12252 1738
18562 11815
11972 9497
1323 15487
3893 1832
6222 9291
368 4418
8914 8085
16651 6595
141 4784
12897 16262
17821 705
1086 10067
13705 1160
3353 4713
11218 14138
13278 5373
1346 6350
1884 5208
2706 11961
11136 15533
4319 813
18876 12132
14935 12024
14490 13480
18243 8018
14085 14743
7184 16468
13173 8325
16751 12316
1927 13242
3881 18194
8063 17196
7255 1710
6696 2012
13754 2040
17943 8925
8972 16140
12869 8099
3010 13391
13191 14386
8319 15352
10216 18830
320 7796
11744 10842
17545 14248
15177 12954
11598 5126
4271 1532
10770 8278
8164 13837
7656 6111
1092 7229
5815 9438
14813 12714
11917 11035
1337 17762
15599 12045
9316 14494
16067 15039
14510 13170
13127 2737
17186 15483
1329 496
11866 12646
15004 10560
9966 7027
18837 2992
4927 4847
16086 17389
4308 9119
15964 11276
14766 16021
2419 4296
8802 1971
4330 247
18034 14682
13135 9358
9739 5264
7505 14438
12738 10625
8853 13802
3728 7003
494 2785
4081 5055
2327 4478
15087 17504
4136 10324
2743 6379
9011 2230
8732 17304
13996 11529
11687 7432
13291 6493
3732 3446
17948 11497
11275 5767
6172 16743
2903 13278
13949 18507
885 7667
6047 6311
14825 2048
18635 13595
11054 1863
11609 12702
2825 6942
9949 4355
1132 17752
13927 13995
165 18717
2622 841
2725 5018
16987 878
5881 15403
16721 16974
11109 14221
15238 416
9487 245
4630 1828
8798 17370
17507 12433
9168 13934
17253 4789
6379 13321
6744 18258
8521 18144
10682 18965
3175 1583
10021 13886
12114 10860
11659 257
10773 9698
7187 2734
1427 6041
12045 7117
12584 12615
3049 5236
13771 8535
7636 9650
10625 10208
13186 6533
9539 3903
5234 3110
13432 7757
2455 6712
272 9781
10741 13803
13585 13485
2049 15594
8520 6700
18973 3953
8992 7562
2544 8217
11000 13387
18120 16546
18503 6893
972 11589
8896 5230
2162 6611
16252 6938
3218 16649
14098 9954
3741 1972
15817 6601
6533 4725
13756 13717
5907 8055
2525 18448
9950 13803
6019 11414
7042 11018
4015 16175
3220 11511
4252 16676
10528 2705
10742 12082
15131 17155
10719 1598
6943 17168
5861 12145
14445 18930
512 8836
12588 11021
4082 10608
11554 12082
1143 11070
17567 11615
18835 13759
11059 7035
476 15451
4320 1885
1714 4326
2473 10385
13048 11536
5309 9718
6032 250
18230 1607
13391 535
489 10960
8755 10866
5460 18109
16988 13027
5317 10332
5438 12428
6140 2412
6641 1611
17636 11607
13567 3506
16940 10326
5218 18203
12590 8070
17034 11273
18426 5459
17245 8338
18372 17762
1975 10904
9487 6098
14710 13957
8674 6075
446 10445
14793 7984
6195 18679
8956 17164
12770 9354
107 17660
14041 6399
17844 10854
2019 17282
16405 2704
322 9628
12076 2786
5524 17842
3420 3448
5893 16513
13631 5863
10326 11335
12570 14140
11700 14629
17239 4858
1139 4782
12940 87
11631 7210
16116 11354
10936 9049
7543 5103
7829 14097
15961 3603
14119 11544
5418 598
5068 2551
15906 5473
336 342
8139 11141
4942 8073
5656 5430
13549 6323
826 3095
7631 2857
5122 16262
15590 2612
12989 6251
2005 10945
9231 7811
6546 7744
7016 2446
13567 3195
14518 14788
4298 1033
10210 14664
8532 18018
3088 3180
6403 4317
8558 11474
7729 8883
6087 11516
3348 3405
4888 2561
12259 5215
12251 17109
12961 1435
11230 15925
5872 5477
12382 18877
18886 17479
14330 10163
4533 17416
5348 11478
9713 8875
11806 12185
12530 9061
16913 7675
16987 2291
1016 8336
6939 5352
7531 17650
10860 786
1046 5326
6903 4761
5557 6224
9367 13836
12373 7164
15504 18014
14111 6979
2519 7031
1656 7915
8513 13960
6298 15011
16029 7776
10370 16319
15257 7147
14797 17254
937 1748
14835 9144
11937 10919
5569 10929
11428 425
15995 6996
9672 15496
12862 12172
13467 14232
14002 9817
6903 9986
14135 8998
8722 8706
4850 7386
1119 13839
11087 11014
2404 431
12972 1457
8227 11244
7335 2669
1106 659
3349 17463
8753 10616
13001 10380
387 14298
8320 3329
13016 3864
10628 9682
8053 17623
11085 17734
5257 14082
15489 13173
15329 4404
11918 8812
12907 15742
12882 9004
15791 5481
5879 16725
965 11916
14439 8627
13895 13896
2753 14175
3070 8635
4655 15819
13815 16613
14259 12223
4155 8708
13679 3246
18407 4667
9763 2414
12126 2052
3371 13321
12832 5970
3947 14457
14264 10846
10911 17590
7619 6377
807 9379
4832 9746
12050 1504
10853 5082
15194 11390
8001 9188
8169 18449
15249 16430
16321 17467
17481 3311
16697 16555
6603 14396
2692 13005
7251 7298
18210 8295
4170 13418
6668 11264
156 6385
11184 13260
7916 2584
4591 13560
3528 3483
6705 12314
11795 6503
1939 17233
486 4081
11557 17971
14203 17489
3351 6001
15346 14943
14974 17515
7263 14447
15664 3998
230 16664
9820 13133
7713 17393
1896 10861
17411 18908
3234 1809
5368 14276
18309 16531
15968 4754
16137 16869
16885 12153
12002 14013
5159 7228
12400 8424
15439 14847
15604 4477
12440 2984
5505 9671
13793 9782
3840 2378
16723 12011
1536 10819
18153 1996
10074 12267
18545 11905
12331 7543
14421 17423
1188 2524
5175 10964
5388 4692
18990 506
9601 15318
1480 6079
4882 14540
18035 15366
770 9824
12779 10299
15720 6759
13528 7119
11297 18891
5311 164
54 13971
15619 8519
16636 16036
2244 15636
4627 7116
10313 2462
17149 720
16675 18328
7806 17448
4192 11734
17342 6893
3647 8636
973 8090
17716 6954
15035 15817
1631 17215
7116 18993
1673 16952
18951 18083
18540 8649
8861 14237
8481 6368
14620 119
6163 10853
4077 15953
4878 5242
6829 2949
14418 14542
10822 15112
2776 162
13235 13030
12668 9505
7707 7504
6796 14557
1222 11804
690 11040
14646 3002
10409 8414
5141 4276
7897 14166
14879 8228
14291 2545
2474 16304
17979 2875
9549 11577
1221 13565
6244 12997
12185 6126
15898 15266
15869 17683
14512 10506
16608 10029
15955 2968
16468 8557
16892 10462
12481 15987
8820 8026
15799 6921
9015 4738
9019 14651
16860 15088
17189 16841
7309 4317
4866 16090
6427 11025
13032 2211
1282 11567
14555 11406
12170 17113
12192 8241
3341 6858
9499 4298
4817 7719
18781 7970
893 14989
8453 12963
986 11281
11670 12073
2933 14122
11208 15017
17261 10565
5062 18783
15384 6656
7354 5120
18733 6474
6797 14471
4735 1126
13278 8251
12547 862
13902 12545
17252 18329
16985 1361
11282 4385
10423 7364
17492 640
217 13286
3442 5453
1575 277
14308 17513
8243 14034
749 16822
6950 4132
11897 1885
14256 14879
5921 7374
16394 11775
15080 12553
3351 11229
2504 102
8741 15479
18237 7820
12048 513
2351 3652
17891 13333
5282 971
4641 11820
15312 12530
11572 5737
7125 14866
4897 16850
10046 5841
9405 17710
1015 4411
18761 2721
5636 12085
12523 13723
11027 2001
10726 14347
15100 7283
11356 18535
10965 3258
2349 18774
10183 6749
14514 6219
15008 17228
4866 13106
8020 491
14581 12316
15826 5288
6222 3551
6052 13082
16406 6766
11527 10954
11307 2320
4614 15222
4483 9369
7180 8507
6898 8529
10967 3712
4005 15752
11796 9458
17905 3675
2910 18554
5195 2521
6506 15589
7563 9822
11159 9926
834 15711
11409 14647
10133 15909
16533 3465
16907 7956
1660 17330
13626 316
17862 1238
7356 10920
11405 2110
11648 18455
17288 8587
17950 8786
16059 9281
18670 10573
15593 6784
14896 7610
3599 1779
2761 8753
5455 18811
4138 11707
7458 16157
15023 11357
17867 14944
8879 2444
415 2931
11570 17080
17841 168
13763 14141
15393 6502
9132 6682
6466 15408
4698 3413
14657 14683
81 53
10220 14637
9080 5997
4395 10316
13516 5144
18388 3949
360 10579
13212 9608
5285 15138
8439 1391
950 4523
6283 8498
8373 15446
3415 17355
9807 3967
5022 15667
15153 17824
8873 9316
6743 14755
17459 11564
106 8978
18278 10206
5703 18396
10904 14079
8725 10500
8270 651
17844 8373
17090 12929
15454 11521
15876 16763
1301 9417
12366 1944
16634 14455
18810 2338
13672 13771
14055 4118
1011 16525
17343 808
10358 584
263 11527
17246 201
3506 18417
5999 9354
12243 14153
5706 1553
7963 11876
2157 8880
4869 15582
7051 18555
17476 10871
1252 18573
16020 5372
15256 16645
10973 10278
6714 10913
6827 6918
6599 6645
15806 5714
8023 17933
12563 7863
13110 17795
387 7168
8785 11840
11655 15187
4818 9614
14342 1937
16873 10019
3744 3134
10387 4295
17263 2626
16561 12642
14102 18171
13174 10088
16255 18228
6067 11107
13987 2383
17594 6554
16851 5012
9966 10245
16366 5349
8007 4720
169 18550
3330 7731
18325 14437
10572 7351
9767 17391
6186 12559
13253 11814
9855 12894
7223 7649
8833 5850
1999 17581
16749 11422
9059 18207
4211 17544
11877 1542
9732 1977
16417 16461
15178 3498
7479 12041
13905 1010
396 6327
4657 6110
11345 12643
4614 15719
9903 15450
18314 9853
5775 15522
1383 10752
14069 16430
5779 1083
9138 6607
12864 7544
12315 2118
2093 7272
13919 14127
9505 9784
16226 7826
18581 6935
13627 11395
7574 13217
11535 15103
10545 4193
2204 10492
4476 7468
6686 7013
13910 163
8596 7312
2620 5482
15599 15806
1236 14009
7781 5293
16685 3421
7272 4104
16007 14963
13073 7430
17182 6033
6534 6506
4519 10849
10979 18570
14496 6824
13263 4409
11384 11794
7252 5968
8976 2730
3303 2219
11491 1977
13155 11148
3966 2154
15320 17824
6726 12045
11579 16170
16785 15000
798 8126
3752 17128
7700 14731
1671 18408
18089 11325
66 6779
1779 17038
10652 2984
9248 14714
3549 6597
8397 17697
8731 7105
15378 2080
2941 9566
7797 17409
4019 13127
17860 13424
17209 13463
16504 10413
13800 1994
2613 4108
5765 14752
17558 15337
2593 13026
3257 4704
16425 10385
6949 14575
12676 11908
9605 17962
2816 2746
5552 3124
10155 18923
1829 2607
17753 15289
7906 6060
1339 18284
14490 13030
14468 13420
4082 17389
10750 15276
9318 16736
5428 16271
17950 14750
11997 11741
1941 17342
411 5627
15132 1507
18682 17036
5682 12022
312 18453
14765 7083
5168 15184
1088 1561
199 6009
2299 13230
11858 17180
13202 740
8135 10327
4044 13053
3682 15935
931 18058
16086 1627
12412 4376
18482 2723
13167 15277
18583 11931
10791 9958
14262 8862
12927 12406
89 14444
12495 7565
8185 15962
3165 2504
18635 12386
15781 5457
250 6850
16780 1140
3537 3050
17988 4173
9630 6893
16544 16999
11961 9580
9788 10597
14976 9602
9790 4779
16382 233
4061 17
11195 16579
1941 8050
26 4072
18881 15681
18257 17809
17450 18009
14674 7207
7850 3819
11639 16741
10919 9590
12508 10737
1930 6808
3297 16659
2346 5740
5879 11466
12663 14552
9323 15228
2113 4980
3735 9422
12348 2648
4653 8564
8757 17297
5281 4457
17641 8765
2147 9817
10188 13577
14066 12427
18209 7825
15642 2121
13456 7134
16005 15270
10315 3446
15556 14657
2750 9737
13437 1644
15502 1854
10143 11970
2259 9356
15139 8855
2041 13972
1909 12770
17521 15386
6448 3787
16217 9792
4901 18586
9207 10564
4996 15211
5180 4037
15824 5925
875 17128
1717 6040
1898 9233
2791 17587
9846 8601
15173 6638
16525 13557
7202 7403
6 5833
1900 10591
9210 9177
9272 6379
7183 2551
13104 14653
2825 14318
18205 6111
11485 15612
163 4212
1036 10522
6561 4868
15522 7551
14854 627
13178 12881
729 8644
13446 3427
15230 2455
8699 17305
17426 79
11398 17944
4908 10609
14640 8102
14457 10461
9434 9946
434 510
5361 4584
10308 6272
3239 1625
7846 11238
15958 16748
14208 4652
5203 5804
16394 12062
2337 13947
5801 14835
11895 10384
995 14806
13856 5927
427 7295
2556 9970
2309 11670
2570 15646
13376 5030
2656 15835
5533 6618
11331 12642
9540 17776
14592 7243
15361 435
16706 9444
2256 6559
3142 14496
16991 13714
11679 7992
9854 16431
6587 16008
9722 11553
1293 7531
1259 12493
2117 5434
2712 12059
15420 5036
9946 3682
12861 13596
11648 17538
16588 15315
17878 482
2437 14829
2018 7935
8590 4314
9865 18920
3362 3430
6692 16704
18119 13605
11649 3130
13975 18162
16846 18356
968 10974
6996 11453
15580 15498
15503 4661
13287 6650
11410 17931
7074 8520
8613 14425
12502 18129
6814 12236
14945 5273
6851 16059
4845 12488
17073 7372
10459 4468
8252 13071
16874 8740
2528 14723
12287 4814
16556 11957
11261 17170
9560 10183
10923 8889
119 2582
4514 6503
9016 6529
3460 10618
14852 10859
3702 6359
4774 10743
15470 5917
14349 5549
13012 9721
7034 15887
13579 17645
3255 10743
14311 13021
15624 11344
1900 4021
8977 11790
13315 16403
18227 11229
6354 3970
9395 7873
18054 1358
7274 13281
13258 9224
6114 2597
2108 1426
4330 18881
1956 17278
9444 9046
17783 6084
17012 13297
10688 15708
4973 6680
7471 2540
3308 4720
4589 16746
12835 1807
3751 6601
14494 15213
8618 18883
599 1964
15891 4261
17799 8014
11158 16088
15534 14955
11793 17273
16161 595
6165 6290
9606 2170
15744 8120
18157 8253
9473 8471
10594 17852
2597 2678
18855 17451
16560 15467
5570 2325
15897 17783
11893 17625
18786 9098
13720 13805
9348 7918
5713 17048
13083 16668
11701 13519
15870 8115
18916 11279
7915 10136
7495 2380
4421 10345
5634 11736
3482 16662
17829 844
17747 14626
9941 14704
5294 13128
7253 6904
14013 9633
15802 10842
7800 1969
18380 5413
9883 8692
11914 2902
5359 2262
6229 15328
8177 464
6039 14530
13106 14441
7298 10618
5386 11670
17264 18715
18040 16950
10847 4045
12741 12479
8136 1774
18510 2755
2354 6311
16682 11534
974 9996
12418 7395
9498 7574
7954 10370
2923 12066
7145 10726
18242 15134
12620 11816
18420 7184
9600 3277
3880 17323
15659 10654
18692 9449
17341 10946
8433 10224
7403 15716
635 6896
3600 18617
14398 16362
2538 4118
122 187
12155 16182
12648 16838
7455 15646
7594 7439
11437 11701
16528 1654
18937 2720
16392 14296
16335 13533
9771 1065
18682 13541
3461 16966
1719 15311
10480 967
14275 5710
1869 4144
11006 4051
3222 5200
8729 10752
2569 13531
18285 18865
1156 3570
16274 18254
6456 7777
13036 1908
3338 7446
1279 9153
8059 2821
5861 6065
15639 9112
16242 17776
5924 10805
10413 424
13530 16709
9163 6779
8444 3831
10219 8372
12157 2879
8002 7390
7749 14151
7519 17710
15982 17444
18289 9157
17154 3405
7800 15514
4467 14917
13167 7208
15849 13765
16736 7029
8902 9489
17894 1839
5593 18783
6563 14934
17915 18486
12065 18193
12334 3334
12812 17633
2815 12258
16934 1388
18602 7029
7154 12406
1094 8182
16512 3385
15500 1984
15746 14957
3594 16160
3288 1595
8891 9861
2419 15555
11806 2168
14828 11125
13049 5796
14759 1720
16002 5614
14434 8196
6766 2317
11476 1704
17309 11658
15222 6442
507 14657
14168 17876
10520 8048
14831 18040
1399 12466
2279 6657
17961 6745
3256 16402
8638 12160
13772 6621
11653 5308
10200 3905
12821 7222
16146 1313
4514 1765
11172 9959
14463 122
2839 9554
3537 7561
1543 7640
8049 15328
17942 9849
2476 5221
11644 5982
2222 5979
8103 5585
7800 9785
1785 18364
10387 8197
8896 791
13743 7008
6185 17625
1653 3198
16727 3021
1806 15863
4186 5611
17667 461
2689 8977
5087 3060
5695 6735
8226 16803
11001 9704
6371 9758
12924 2740
617 1854
14713 14678
17348 16285
4521 11050
7704 13725
9300 5612
17993 4948
6985 11643
11666 2744
5309 11394
7284 8821
8027 16450
11274 11296
4061 6864
14063 14947
11430 18454
4786 3742
2271 16838
4613 14022
10420 12058
17511 16464
11422 6441
4266 13834
2976 17184
6139 9264
166 8226
806 12199
7336 16043
7869 17589
16107 4373
10510 59
5111 3574
7872 1910
4404 11409
7031 4561
9123 15076
12466 5695
3494 10550
17649 6985
12259 16327
1889 16777
14728 4612
7386 1527
4207 15855
159 16036
7066 1931
3970 14716
12374 14364
10776 17412
8502 18642
5944 9145
13436 2375
4406 1139
12648 17721
3180 18239
9076 15530
7177 980
1961 8372
6619 12209
16135 15523
8551 2962
6095 13255
9672 3483
10794 4490
7493 3022
6920 16078
2750 1887
9466 9156
5376 4379
3049 15955
1278 4968
7491 5084
13321 14853
14977 13021
18977 15918
3367 14803
4851 1116
8877 5234
16457 1466
4825 16519
5237 14923
15972 3752
12379 16634
11626 12906
17390 2393
16686 18901
6402 7642
9775 727
16284 14311
6101 14704
17580 3722
10681 12843
8623 4127
6985 8371
5066 13585
2305 8833
16993 13050
12182 18084
8801 12535
143 17092
16347 2209
11784 3256
14858 2052
13340 13760
3756 4124
10850 18664
10992 17399
15457 6661
13331 5309
145 15597
16317 7290
1599 15882
3413 9154
2875 10153
18232 18029
8603 1301
6514 15143
18506 6632
9364 15277
16548 13346
15255 18348
7919 2883
3718 15388
13897 15785
13967 4589
15904 6828
2471 355
5835 3859
12036 15378
14999 18013
2960 9559
12639 10307
3912 6479
18550 4051
6594 8872
5689 16048
2931 14111
8125 16085
10665 10481
237 18425
14583 17546
17950 15426
10166 10388
2427 693
18463 7429
18425 4959
6111 12250
11483 10066
916 7458
7952 3855
11475 14263
4667 9391
1290 5161
11147 17844
6258 3674
1636 4257
17602 9208
10440 18742
13389 2411
5044 12383
7901 1122
16424 12619
2439 6158
7323 4263
9133 14046
14829 15184
2262 7428
4636 15038
971 15917
1811 14582
3991 11624
13450 14255
14583 3559
6994 9722
3168 14180
12729 17533
8995 3086
16439 18376
5911 11824
5177 4775
17226 14820
9959 12403
16805 12203
5574 130
9901 3422
484 2594
10015 12712
13292 14348
18044 11022
18544 14606
14784 21
9354 6587
2363 3022
12421 154
3905 4094
18173 18571
15564 17251
15015 9573
17203 5158
15479 1751
17645 13347
16349 4051
7017 14930
3419 17446
11283 7775
2959 3052
17273 12163
5173 17614
9263 6670
2107 6744
2909 8564
5424 6350
1831 8795
11422 17015
7028 13633
3360 13949
11263 4010
8765 15469
2754 3702
8498 3834
608 12809
4205 18211
13018 13182
17348 2399
12149 5185
2176 17811
12752 905
15577 18739
4529 5390
3427 9694
6168 882
3310 18563
12493 14645
11947 7796
9821 2243
8736 5059
9594 13077
15127 18767
5242 4099
7255 17588
9468 1072
6610 10239
8546 239
12114 3479
16861 8260
14097 730
9921 9127
12059 165
3030 9999
5626 2669
11483 14378
3408 18024
9191 162
6487 7135
18481 9925
8491 159
16170 14535
5164 16724
13141 14987
12866 12653
5060 2523
8302 16624
17367 31
1406 10816
5999 14407
1526 5777
11103 3247
3889 1888
15034 9577
7912 18244
15494 18043
10089 2825
496 10780
11234 10497
11110 17106
15393 17997
8683 10393
18233 7092
18578 17972
17579 10503
12767 3261
5435 8937
13695 15365
4989 6376
18044 4452
13638 14193
5479 4290
12385 7747
18935 3576
7603 10327
7722 2291
13594 1174
3947 1727
11017 10540
16269 2247
15777 2688
7396 11920
16580 3155
14803 18432
11694 165
10301 13976
18812 4036
9136 15371
10821 356
2201 7277
16768 2308
18459 4406
10059 3862
17217 12608
17415 1103
14063 2857
16373 12777
3202 16741
558 1808
9595 9505
13742 13733
12561 9671
13719 11943
4873 6178
6770 17686
18431 6266
11469 4863
12126 9859
8893 9578
18770 11739
8874 12454
148 4453
8852 10629
16178 12049
12073 10756
8956 8880
14908 9041
5176 13305
7163 17351
14767 17175
13321 6506
12852 15332
9860 7795
16697 5932
17898 15193
6827 4570
515 7364
12950 857
2710 16400
7415 9695
11197 17537
9175 11484
13475 7503
18023 11846
10145 13705
5060 14527
9690 1870
16340 14298
2356 4647
4251 9550
15393 4890
4089 18002
9601 17370
15706 5121
16402 6136
13574 19001
15234 8954
10893 17247
11168 1236
2018 18279
10557 4237
2000 6482
9668 6699
6256 4201
12109 2842
4993 6336
4884 18852
13797 2836
9535 4857
397 9946
14785 2531
17389 6433
15932 15119
8267 2633
4709 5939
6774 4163
73 1254
16546 14115
10653 13186
14993 4811
2003 10773
16942 11720
4401 12504
5116 6708
1420 7340
8802 12447
3892 15107
9885 11922
15203 6872
18752 18613
16369 5033
2332 8733
11352 18147
17457 15203
2259 118
10305 17957
9142 1377
955 6602
14578 1307
17211 15407
990 9449
13359 2731
17352 1568
1889 4111
4157 9110
4136 17538
12607 5198
17684 320
9995 15701
4887 14962
16244 1776
11136 5992
8262 9585
11381 12962
3929 13389
6174 17730
15888 8493
10362 11967
11887 9423
1628 2916
918 12928
9295 15740
16532 2444
6187 3067
5199 5407
9367 3193
18093 15278
18415 14246
187 2012
1324 18456
9414 5748
2505 18846
13377 12290
18275 882
12798 6347
16786 5972
9421 3249
2828 4861
13935 8911
17318 11611
1253 122
3765 12126
7844 7094
8092 14664
5939 14341
7920 12157
2959 1674
11748 1801
12480 14259
2835 12341
17923 12773
16938 8357
16607 3382
11713 388
11818 1573
12931 17578
9594 17585
2935 5374
14929 8164
13963 1775
13355 4665
10507 11136
9091 4727
18996 3652
18605 16333
2881 13396
2076 11391
11158 3369
6797 13670
14168 9908
15077 16809
699 12372
16260 14385
9940 10759
252 11652
11392 5113
1960 17366
9751 11912
4054 7511
6091 11149
742 14405
249 12666
11405 12142
14974 9074
3654 15125
3538 10892
4992 18496
9480 18773
6011 14194
11310 7294
11978 16204
17779 13523
4288 4565
3825 9759
17707 703
840 6053
16838 11365
6004 4212
8969 2198
8850 13501
2955 76
17656 16198
5077 12489
2288 17289
9328 330
15275 13653
9805 12678
10069 3977
8739 689
8987 10245
1273 2184
16584 8595
5765 13994
10194 16022
3435 569
13051 17098
1856 3258
6669 16652
7451 4493
15051 11257
4705 8946
17643 11096
6779 10745
9612 16834
451 18147
18857 11957
7917 473
5149 1195
8790 16088
6349 2152
17657 7467
17343 1715
4535 18005
16626 311
15070 5757
4544 10655
16054 17267
704 3954
18890 7066
966 2642
7880 10799
1847 7495
16592 5459
6314 18266
10926 6378
8815 7895
15484 6076
6417 8299
18 6366
3568 7635
16994 18270
906 7063
13346 1797
15404 11416
15459 18671
12754 9241
8115 16937
11358 6157
457 18836
16453 6697
6870 324
16523 1688
15786 12012
15308 10136
11266 18842
8493 5256
17855 8512
3989 14983
11166 4940
14721 11508
15297 4385
18984 6822
13578 10441
1071 17603
2236 18014
2133 12934
15466 7046
7584 3050
13749 13706
4829 13913
12576 15506
8102 5636
5365 14976
5669 978
13303 14788
2838 1760
644 8755
9943 2803
1594 8195
9287 17136
1788 8060
11978 2230
18715 4567
10037 1498
10749 3461
8285 5577
18945 7998
6500 88
5694 4125
9598 15865
11262 8412
2235 5338
13558 18726
12955 12914
320 18170
14449 17622
2925 13549
13555 13553
14364 11885
6704 13329
6391 12869
12401 8950
11740 15620
7922 8270
14582 6711
16547 16660
14367 1682
4671 2342
16575 18156
6519 17341
624 5111
15411 14671
3554 17814
5404 14
16556 5490
14350 7227
5045 15128
16217 16232
10854 10136
2128 18988
8760 12263
3908 1538
17587 11599
16284 7511
11748 13530
18561 1862
16283 7403
17175 14809
5120 340
12324 16472
15709 13961
17895 15135
18547 2043
5986 5887
18589 4669
3864 3831
1022 174
6331 8222
4049 7031
4249 18576
17605 10951
14996 2541
14721 11907
17285 12667
11434 5239
1754 1228
12687 13756
1507 11479
10922 8325
10320 11109
970 15704
4803 8927
1006 12625
16592 18487
12029 2266
1677 16585
11269 6599
10050 933
13032 2535
212 1918
7933 2290
7430 14730
13544 15627
16603 1908
12601 362
16617 17384
14295 665
14856 17814
11623 17533
1977 15650
2815 12734
10711 5639
344 18023
16147 3354
2355 14964
8862 12525
3946 15254
607 3206
18554 11077
9845 6543
10542 10821
1439 9186
7328 3091
14924 13640
6462 13642
11791 3912
10184 7406
4746 15014
644 4521
12368 10605
12599 824
10112 247
713 13288
15119 9305
1808 543
16442 7938
8803 3026
16932 10691
12392 18546
52 14036
3632 8274
7811 8284
4983 11844
6268 16787
15077 1022
16176 3474
14523 12105
22 12207
5346 17903
1244 7676
15933 18125
5077 4309
7050 4399
7481 3948
7651 6611
4532 6086
11940 16664
263 8334
9927 9219
4205 9978
4639 6823
4138 17158
4502 11513
8178 17876
9117 4389
13563 8047
12998 12290
17902 17729
11097 5049
1705 7741
6058 13157
13037 14353
4787 18735
14788 17256
18966 9377
15585 14302
4164 16249
8383 4924
7323 7913
12810 8303
14257 7417
6238 1869
17346 14100
6317 16800
17024 7633
10755 8668
3434 7592
13586 16108
4776 15729
13960 9790
16644 8809
12298 1074
1917 9359
2964 3807
6682 8941
17228 11340
11329 15621
12271 333
11787 13201
3475 8160
6576 9862
16955 18277
730 7553
10220 11025
153 11184
17028 15866
1407 1910
9841 12426
10376 16871
12632 1894
9514 10719
17676 14626
2120 4326
10677 4970
18039 17567
7788 17151
16551 5620
11140 6012
2444 18121
17019 14770
9705 84
15767 7875
4636 4557
3269 13545
6605 17445
15771 11143
123 14086
12601 7504
190 14225
5422 4971
3499 16222
10751 574
8780 3297
6213 11328
5158 6210
9839 18365
17837 15073
7915 6116
14722 10992
3542 5746
18828 15139
11235 15590
15994 11157
3182 11447
8640 1453
14522 15662
4214 2060
15894 4574
1357 489
7189 4669
9613 2188
418 9924
18895 13737
14175 15734
17201 2445
11225 14350
17004 10827
5564 16696
4117 586
13240 8286
15495 6225
8920 689
2116 6813
3099 1097
6984 889
9857 4799
14770 1656
4124 15757
881 15957
12125 13294
14799 3260
4961 11415
14821 9206
5442 1251
9529 16194
13398 14995
12928 2543
5136 7889
12019 7162
13820 13821
6664 1558
9259 13480
7342 15128
6461 5134
18452 14600
17089 964
10101 3295
14462 8715
10525 2948
12254 1137
5051 1365
745 15952
8701 17210
4661 3660
4216 5933
1651 827
18265 12495
18104 12312
13165 11531
4620 11615
17385 10496
12547 5331
7465 13886
1786 6650
9083 50
13538 15914
3152 4607
8239 13020
15516 16384
18825 445
9618 14968
8622 3861
8226 514
5179 14058
13015 4883
4510 11605
5454 12722
5636 12762
1197 3258
9250 13674
13106 8942
14004 17411
14738 4309
17806 3965
15219 332
7725 13823
13660 16326
6244 5936
15764 5316
18418 291
10883 46
10455 15469
4114 3684
12888 8490
5073 2678
4918 18525
8234 3757
12018 2600
3073 7967
12543 15891
1377 7511
16365 13418
8390 13575
10346 4307
5009 298
6754 14790
2061 18351
13275 16865
141 7799
9830 12878
13011 17987
14377 17256
18042 5674
11666 9881
10910 5288
16399 7296
3547 13371
3988 4074
8002 15649
11823 2482
3466 7790
8565 1619
14150 16804
4016 18810
5236 5422
14808 15349
16401 17778
10846 18714
311 11220
2866 14555
12156 6748
9254 6158
4137 346
18760 18089
18051 4977
2986 3482
12180 2495
10662 17358
4961 8228
10337 18464
9047 10145
6756 12518
1184 17911
7958 12173
80 1380
9818 17118
3558 4238
11354 9708
11138 3817
1365 13413
6916 15216
7995 7136
17889 12764
345 3606
5610 16486
16699 4681
8351 5459
5099 12484
1329 11095
7784 1705
1813 11968
8992 8902
2971 8053
405 3019
13701 3336
5419 2402
14264 2430
3142 3621
14853 11950
18024 13339
14440 2772
9778 12062
6294 11116
15467 4710
17575 3533
9338 6134
3109 10125
7012 7726
2863 4471
4630 7431
10075 8987
12870 2132
2520 4626
11131 8359
13198 11
11161 3692
11590 571
14837 2822
11282 8677
8849 5039
17935 13495
8044 11170
2420 5707
163 14489
14547 9664
12132 18009
1196 1683
1938 12614
195 13358
4828 17022
817 9765
6919 15792
1792 6260
728 10065
9778 15566
9318 15990
6500 7586
18779 4209
1727 9397
14135 1884
14655 1245
10666 9060
4139 12869
6235 12392
4495 7363
13140 15210
14774 10587
939 8155
9864 8817
16430 9429
15193 10985
4378 15594
18526 92
8489 18853
228 16810
12832 12061
8378 1229
15412 16621
2566 2131
7892 8691
2882 14382
288 17880
7535 10668
17891 12269
606 14254
7663 3126
18655 16723
2966 789
9212 7355
7448 1740
6473 2213
18015 7284
8315 9813
8509 18458
11882 6964
17082 13448
533 17796
15773 3050
1072 13086
10064 16202
10335 1124
14988 4666
7840 10980
9538 17175
12752 12976
887 3655
1067 15371
10593 13662
18585 3008
5116 9530
11176 10450
9189 12411
5478 14492
4583 170
16559 9062
3458 11401
7725 12985
17744 10242
6020 10345
2422 7199
17807 3537
16428 1934
12121 5939
12316 9821
1044 5332
949 3337
896 2199
1105 4408
838 13449
1933 475
10762 15313
6002 11925
14394 1339
6694 6094
5832 17878
13983 13862
11344 14240
15916 1084
8467 4289
14348 9036
11993 4972
17238 7257
105 2200
13442 16433
14289 9624
6127 3502
857 9117
16805 1139
14649 7572
516 4394
10020 17942
12405 12235
4680 2704
3529 16012
15456 3845
2547 18575
8403 4798
5826 11095
16657 5670
16671 1404
7399 5244
17363 54
12466 10381
10423 2233
14057 7962
16283 2985
10748 15270
6240 2332
8788 1756
18034 5097
12199 4438
3173 15855
13791 9612
15152 15776
10931 11828
15855 14701
15086 3673
1088 4561
2963 12338
6991 4488
10246 14879
18417 15308
15145 6468
4918 13728
16354 686
8640 2159
1426 9660
4404 15084
5533 15838
15662 18443
3328 2673
9168 9597
17181 4642
16079 5405
776 9960
15131 4992
12925 3239
11163 13275
15235 11465
8679 1741
3350 9256
16327 9448
1344 1899
12523 5968
14186 6247
5840 17157
9282 16120
471 14019
8539 14764
12672 5273
14918 18210
18136 18857
11923 12999
7058 12921
8554 1566
11582 16870
8492 688
10340 12649
17981 9794
13304 9916
221 6445
8370 2648
10338 13542
2132 10352
7466 5167
15 189
6265 9083
12922 4746
9485 14349
1888 7139
13157 14183
4545 14277
16105 11442
11088 3688
5887 4707
10214 11791
8384 6905
17050 1269
13231 2468
4044 5629
5132 16819
1673 7973
11711 8245
7858 17641
7068 11923
9574 6097
12308 7826
2732 15721
7016 2693
15471 9885
3311 15285
18456 17383
17198 4321
14218 11396
9386 7065
11769 12243
5478 4251
12626 3004
7774 12579
5106 4608
15449 11523
10252 13336
11309 9406
10785 8466
15727 15180
13560 7640
11445 9824
1272 2417
7512 17125
7537 2809
7116 11038
8653 13981
1391 17421
16034 14922
8748 5502
14433 2955
14023 12505
4361 4639
12438 13426
13465 17430
10538 6001
9700 12221
14916 2285
2696 5339
5092 4071
9095 13130
4486 6476
3255 607
8595 12169
18421 17403
14556 1304
11710 1469
6425 7184
12484 1909
3575 15372
18454 5651
12515 13911
13977 9770
13363 1060
13522 9864
11144 16104
11591 15512
15492 17384
4501 3343
13987 6665
17693 979
10883 10178
11838 14980
954 9547
14234 7296
1239 2626
11956 5667
14141 17605
11970 7551
255 4033
10619 9988
2845 13396
14084 6225
10611 11970
10690 12263
13138 3952
13270 8043
634 3800
18237 7760
10210 3669
5765 9281
11595 211
4029 12136
1172 14995
15514 18167
16301 8109
6442 12498
10356 17198
7738 15006
4199 18554
3110 16561
4937 1550
4379 13008
1054 4013
17616 15554
16981 405
12429 2215
18231 18567
11080 5479
214 17362
15869 351
571 12532
9611 17574
10383 2778
935 10859
12738 575
16567 9369
13707 3326
9491 8798
16543 1576
1527 9013
3761 3811
12245 184
13015 16052
13407 16805
1612 2592
6521 15428
1848 16832
8489 15031
10152 9977
12187 99
16963 16135
9272 7563

