84710 3800
60169 3691
52133 13515
71973 69811
42622 3338
64769 3843
5260 65495
50381 78275
6767 50214
16784 48334
69728 45584
38471 82883
73267 12165
55964 74697
50139 68390
36820 16942
74067 55000
50212 52690
25694 38808
48041 78248
5393 5980
61676 76045
80 9647
11248 3090
27988 27815
41188 69549
69814 48741
55694 15323
40054 68451
5989 82350
34068 53596
47541 47831
4250 73185
39365 52019
83324 13066
59711 41169
27186 83829
82941 70605
81299 63933
39857 63412
52599 16409
41119 77527
42033 77373
49347 21893
48983 29195
71948 48003
23109 64469
71297 39411
13244 29708
62883 46580
38059 2492
37816 62549
20114 42517
9871 51935
9497 12847
2603 14239
40782 21281
66008 77357
42116 29643
9764 46445
31704 10959
30251 63184
68775 62267
5355 1909
58541 52778
1582 68718
63366 15816
23156 15504
41834 17241
65278 22428
10836 77023
66020 66979
58730 2320
42036 20839
67042 7892
17745 583
21877 63680
52233 71385
37416 19954
72066 644
59033 52050
15979 51710
18168 83477
77504 71918
16603 74285
34046 63209
57036 51602
38962 42315
60066 35079
58829 63281
8284 2579
72115 61110
36767 2776
40333 71612
32115 50054
19750 68640
25548 34808
43875 66003
10346 25494
17681 66218
676 35826
71448 44782
80999 19223
24077 37408
45343 60301
22789 7587
68842 50032
1723 26747
45531 56974
44310 26123
61351 71664
7682 38732
6243 7659
31188 41908
28147 46264
61522 63446
48885 83559
19019 25122
77384 34008
20460 77704
57844 54641
30930 63606
81843 33318
55456 1498
49596 60381
35847 1472
2971 1793
63672 42874
13395 84138
39176 58881
40745 69355
72404 47720
20669 5087
56941 76983
64701 23044
79160 57914
79794 3898
25190 54181
80140 49303
43223 57688
16100 57732
58180 39027
54515 53790
42815 33133
57752 82823
1313 63335
57499 36334
18483 27600
84232 43652
69194 475
65607 35803
55546 73571
83871 1044
4336 69255
73854 74048
16176 66474
23637 4777
23527 2165
54357 16285
42242 42661
7118 27232
10834 52507
81058 47743
8229 5486
59106 8869
81789 73742
31596 49300
56108 69667
32823 3148
68526 25572
3329 76605
25018 20798
51838 20191
81788 28377
72186 70020
45007 75496
72698 34997
22093 15974
36422 21162
29989 53351
33958 42297
74391 2316
83241 70576
18403 48028
12952 30591
5510 41648
43813 81559
20277 55580
14116 12463
37945 73404
13004 9849
61666 55042
69790 74378
9327 15678
68987 6691
25142 3198
33147 27043
29352 74091
45825 21718
45257 22954
77409 14578
63235 82783
64708 66085
48079 68783
10188 78652
3010 16120
20073 47685
3027 56102
10597 48577
14507 62463
65666 25900
29163 40835
1315 33421
54762 18948
83490 32568
43760 80334
19827 50289
50337 77120
25967 13646
33704 62895
82409 27281
46057 46290
24018 69490
72421 1346
17545 44568
33180 82402
5751 61057
20437 75144
73301 77389
16725 70319
41187 32807
65366 71166
62619 65266
16895 31282
26678 35465
5 43702
52059 79556
38444 47702
49924 18600
45894 17072
60089 72312
75756 46262
25134 82355
51176 63747
73875 69258
78006 43448
1315 46868
8671 73794
62895 79844
80401 83048
2898 77922
66177 75142
8430 63825
81942 14955
79020 78515
59001 934
36305 48302
67962 10558
78269 35047
43508 224
12099 71052
75456 30630
7779 75878
55543 71955
83786 23647
50195 11865
35898 72006
3256 55120
65157 11892
32711 47377
15294 22782
54609 64768
56111 75301
21288 64855
11528 23206
21877 71077
11226 63780
17215 9657
23366 2708
39656 16796
2242 83107
33299 15912
72792 32384
75673 75108
70156 44745
79539 70457
29911 50137
26258 4273
43602 13077
16793 73849
9560 25674
14944 4360
64294 11266
48616 73407
15604 13940
59873 73194
18372 31648
50816 9825
52171 27695
16290 66440
71391 65178
48056 3497
18623 23273
43409 7025
81692 57395
54092 77287
59524 7489
55973 69337
56395 65274
79953 29162
31561 54390
67665 68793
14376 60922
40030 15931
44005 42598
42308 8786
20240 58675
63019 48193
37877 26756
53183 3696
37806 28044
54997 4144
14204 37546
82980 30362
49202 37264
39299 45173
11803 16104
30486 37104
7427 44527
39852 66785
62181 15459
75456 441
14166 67878
42437 11416
37617 58701
20850 59214
57939 59194
72363 10348
49803 37260
67917 72512
70472 30999
16551 53131
55782 43445
26291 40914
8975 8674
9877 52311
35303 44991
34679 57550
72615 21594
83884 10739
51697 36239
22001 3883
82447 27396
19770 71306
78465 22381
51799 56294
40427 84404
29932 41025
4330 21144
16830 25463
56594 82700
80014 42596
27009 37114
81721 1219
43603 38250
52558 82769
24084 13680
44028 51491
72146 39810
34158 66716
70117 73296
4424 2348
47023 71834
51700 36960
12165 43760
54500 64248
9884 23546
2972 31794
83057 52781
14083 24666
41209 83100
34928 72412
72916 66380
42512 39567
10906 49657
45175 8878
55123 8439
82326 51435
69055 84588
81060 63215
82488 9734
54102 13899
30039 1989
27244 11245
40219 77558
32587 31772
80668 71736
24609 46233
77428 45029
27677 64611
83678 11815
48371 59463
66298 37963
23649 46456
5723 37525
29027 32530
48946 52195
11119 43426
14720 25789
73003 51638
13499 61138
33740 17692
28917 71733
55833 31732
70735 11966
18801 78452
33242 62412
43468 26820
11019 54535
56898 40723
73879 62276
11078 64829
14939 57094
61822 47272
46210 16920
42956 60759
13608 2434
6813 79533
7927 36967
16086 72656
43458 63486
37261 52877
67925 6167
13342 66910
18503 72908
3498 80238
26418 34421
11356 44249
76871 49783
83024 51017
3258 34505
78583 83840
46936 7956
16839 66891
32005 52950
84043 51410
38144 32212
71941 63167
23363 84018
73775 37578
51086 18791
59349 67661
39283 8133
60684 66268
12579 28836
70278 49647
3200 23016
33209 68255
8745 61291
6909 9262
32030 14138
1794 47474
77137 37371
6488 2673
81569 52465
62036 64735
77382 26967
2683 3249
71973 10021
75229 67440
14900 15093
8855 73436
84446 61598
59591 81279
2226 79269
18643 54614
1808 53272
82715 13500
55171 18160
58834 27559
35491 20963
42063 35012
17786 41838
31539 4078
73240 62688
40420 29958
76067 20402
6465 39967
48557 17556
3560 24059
42091 69347
21794 75363
29577 1931
69821 63528
39953 41188
25483 17042
83867 80738
36663 1154
26922 11313
80173 28834
33844 58018
84361 73810
42608 8631
28807 39440
60985 42307
57338 26845
20435 57351
10002 5582
22220 4028
36844 68421
81937 52092
42024 52790
53691 26058
39540 38138
70344 72506
32594 75935
8260 10986
32801 11754
74245 5703
32886 7777
66608 6493
45258 719
23169 29697
55436 53467
21075 20155
41774 27917
62450 36041
40554 4387
40077 27353
82786 597
62479 53137
24579 77187
68958 26168
7434 43045
23865 15027
51001 56127
66706 14877
75315 40149
32422 81722
52256 80109
26019 51415
50953 16831
58432 75239
2385 31137
5408 24289
21303 70793
35377 45512
1149 22709
31333 44760
55634 11724
48226 77863
33010 9919
32953 34002
19631 38471
43740 40814
18401 66941
57406 48541
54904 19728
74836 23791
52901 38189
59454 5013
32442 74502
30786 28039
65907 6
57679 41008
48454 45683
63004 44225
67729 81412
46578 73898
32537 14057
52794 1589
34271 1973
76141 2526
34416 47059
9681 29307
63813 20127
18743 22359
15878 67322
29042 32960
36596 83585
57330 31261
83044 74509
35818 62386
29601 37304
58176 71885
52897 10726
38396 45962
29044 56195
83214 7328
64579 58921
34798 40830
79846 76437
42135 48446
59314 78874
43852 55261
27954 3498
39707 18648
21700 30405
82976 711
17770 63524
49329 83452
18625 17915
73432 71986
51750 46671
52646 44068
45757 10866
41313 84709
80929 45143
69152 48209
18181 49774
44331 69640
73596 38351
23645 30555
9757 34118
4076 18816
18618 5977
84070 27521
24585 29981
79758 8179
67551 40708
42772 16842
81522 50877
12405 80957
73009 50950
32046 17710
54803 6947
44701 47981
4148 60539
20873 10453
84382 78796
36106 20923
24172 43402
33880 70897
30008 83690
41753 1523
9693 48749
22504 20270
15019 57258
49911 68100
11536 24786
9587 15370
28241 47338
81908 59292
46246 74318
58763 83973
45180 5354
12687 48604
11935 51709
42366 19286
3247 3778
44854 28867
81083 14217
14503 76711
42877 7832
33226 29023
28574 77204
18277 72242
50036 17217
8028 4536
74624 34870
68388 10678
4479 62867
49091 82860
20460 71653
30701 66134
3445 14501
16492 64358
61787 14129
17723 37690
39282 82002
58297 27927
40008 49303
32018 36091
75578 16789
72476 48104
80937 44085
82882 59017
84388 20731
28159 9226
267 5412
2755 81044
41149 869
6611 20506
43281 5190
19572 49355
23186 20317
28595 19061
57648 50377
76883 33080
34926 70811
73529 8337
38295 49782
67631 24857
57728 47633
24592 4346
16474 35829
23087 71607
54385 1028
79546 6528
84648 76542
65536 24215
58572 78353
18733 66348
2350 34133
20985 66384
45342 78097
47050 7143
34857 61793
16600 83238
73921 15743
41626 17395
14175 77797
74522 45803
9679 80066
25468 48460
45046 24821
29838 83879
76901 69737
50277 50360
81867 42248
19363 24757
46274 29638
30423 46253
8918 33286
71002 12625
62011 79268
53739 39883
20618 40553
75839 34369
3644 14206
61772 74004
14677 40078
21004 46223
63748 23360
53000 35235
64515 53223
52992 3889
29841 5945
58420 64762
53564 37937
48148 72774
32009 21214
73135 66346
76590 63256
14398 74670
20751 2479
80349 83883
29108 30302
76509 46335
590 50643
4925 68577
14170 12138
12402 42022
76926 45046
67210 2680
6886 72342
32656 72065
22872 79337
82665 30870
14406 1160
45889 35322
18429 54142
57263 33788
71699 903
25081 20828
43791 67625
32887 18306
50496 26590
80862 48452
65448 74602
78593 70586
62665 20750
24256 79971
1416 742
59593 4616
43789 47550
22357 56790
21041 42820
32884 74259
23035 34259
81108 69912
15920 79560
18156 57286
77433 83170
22227 42307
5174 75037
73070 64765
80331 55210
3429 40016
70605 20644
62623 43091
56144 61349
39441 14226
43572 13442
907 68348
68245 49978
53315 10764
9586 6350
52772 29998
43781 21285
37429 23714
47161 68382
71449 65772
25524 3511
80047 28776
81636 63400
36541 41224
45325 77077
10154 73990
3360 53628
32704 55960
21264 36840
25213 36308
49848 1397
50818 15255
11463 37972
5728 32296
68990 19335
2920 61843
57040 61240
32103 42121
40021 20147
10701 84452
64159 27392
46700 4903
51036 27757
69635 35617
69388 36005
61030 82782
38975 67579
66585 54525
7287 36920
47325 16331
23714 63054
82279 31318
80506 23934
52953 70962
26349 23078
41578 62588
81470 72241
13825 38638
25462 75076
10202 62560
74604 1493
46750 27476
31875 24744
26730 82410
54042 12804
3170 51644
37734 39235
39560 25199
42959 58315
27697 34986
13769 58521
79261 79872
49170 10471
9175 26183
4688 22673
81106 12450
7354 65360
35297 77999
19233 45043
50000 49430
75755 31546
78907 40241
68020 74058
60608 64721
41908 41237
26661 38108
31345 37882
3268 16724
10140 66089
46606 1839
55001 71590
57446 65934
76248 76597
64099 44328
75536 40785
39168 61161
22108 83644
11826 54373
43663 2416
13232 28423
63164 57031
71809 81960
74666 18154
83270 40867
67314 20654
37545 55262
52467 35740
54816 83887
41461 70094
52427 31911
5662 2476
8525 23454
69014 12628
58853 26515
606 33800
7609 44280
28962 16020
78169 18151
24731 25799
50562 13832
13147 38299
13584 9784
74947 37658
13227 241
3290 56389
22791 9935
63304 52738
51770 46177
36862 74988
15621 63559
10234 62173
31173 61303
78344 75050
77402 76603
84099 19528
32703 57316
84076 43079
23732 58869
43005 8207
17059 56028
38184 18227
27228 44971
22281 78709
61358 55081
77729 76625
62342 45946
67095 55088
29387 35394
2694 61360
24374 1446
44974 20606
83909 40543
28278 73050
81415 46114
20058 73605
6968 50087
10990 4628
55315 80816
11438 12897
18561 69077
2186 54244
71095 21920
26224 18440
39778 77439
69 70468
71252 34821
19645 42438
72149 2349
78636 34259
14489 63387
26995 40688
11893 70488
76643 76
14475 62320
34379 31612
34489 76481
49763 70093
66889 25684
34597 4630
41375 8576
35281 39148
75003 18997
74870 52439
43633 75115
11044 72348
29959 80036
6038 47076
39417 35410
46971 25991
75552 38280
6891 37049
80915 79776
42258 16513
60971 940
81819 280
55606 16117
49204 19103
38654 21280
26471 65686
72450 33351
5838 67403
36353 63990
7450 74461
49227 34893
21488 8052
25293 33076
4694 46226
48902 15885
81542 53901
79914 16539
30125 47386
2110 50146
77313 49454
84240 6280
74008 39620
20943 52697
40811 77909
14716 8323
11270 8752
43698 56648
41284 50808
12777 66612
74326 9686
2635 26884
72442 31402
47138 3630
18906 38441
80899 50761
65574 39427
29126 21873
16625 69088
64781 77060
44421 12921
75638 34769
22417 42235
44838 21840
34037 17982
82804 70351
28346 65074
7621 84464
9159 51414
28489 52965
59928 45550
7682 11518
70004 27949
13485 51629
29359 67751
12453 43605
8498 4084
47797 19522
19057 73785
32682 47137
44402 43122
43624 15879
69811 37619
40152 39296
31790 71810
29315 71702
50944 35686
35985 63054
22727 20704
41295 58378
63716 80240
6464 14600
61911 36012
31609 12514
15228 53364
30285 35873
82461 24992
7551 84669
17916 1120
63957 19993
39579 25110
23304 57985
62360 21731
23900 39702
33913 77479
53243 3228
70808 77148
71310 23538
41923 42527
62400 47436
46710 26290
63430 34104
69114 42358
26518 10259
47484 40322
67217 40829
24928 37254
78919 41870
76869 69704
13480 78323
54446 25021
54537 67247
54440 17213
28496 10055
62493 24511
13382 55565
41414 42506
64578 4777
8899 78449
38207 44349
23873 72672
10758 12094
31773 40701
28002 76208
77705 22992
82213 5242
13652 80537
13622 22191
12262 22816
36820 77042
67675 81801
70878 77364
44995 24810
35512 49341
23753 62929
38034 51367
21604 67335
1545 75740
57069 32404
25450 33399
14606 8971
50968 42966
52742 35119
699 1675
11730 25063
83057 20686
26832 66269
36042 56596
84305 2701
55874 82300
34973 82805
27384 39541
19762 16022
16826 39791
66487 70911
12102 46254
62843 42357
24256 56989
506 56830
51178 73814
22905 1219
71132 74103
32020 67122
65771 66390
72354 403
13065 50767
29728 73731
50334 1107
34302 48118
71614 60264
2358 83813
84571 74096
66677 24209
30793 1444
62456 23150
40033 26353
27537 5646
25582 27790
4299 61770
7846 51710
62838 30799
55918 7372
2112 1118
48183 30142
47179 33440
69890 81150
16905 19129
24135 83508
42515 38456
21659 42559
6732 18812
45988 61987
71102 40351
53033 45897
27903 82083
61755 66765
81291 81216
10116 68917
10509 22045
76079 44893
26503 25517
50152 19128
28795 12412
51573 21451
78592 47099
45882 128
70344 81999
29997 355
71307 28827
29755 3674
46758 14320
70153 49565
11015 32241
3886 67592
34764 59416
35026 14010
30677 15017
11105 50070
63878 32275
3502 721
56688 59763
33558 5016
11056 52249
46546 4314
15891 66448
23792 44830
48219 3883
70783 14799
33081 41308
53611 36726
72713 6562
83104 18621
77597 21291
5329 11087
44680 16364
46229 41647
56224 20000
29682 67418
46054 54218
53474 20627
23997 64977
45958 11993
40527 5905
52859 15893
21011 33311
43103 64797
58060 60774
32353 6719
25032 28683
84558 44017
71684 62942
55503 74627
33641 2282
43939 1318
77528 61700
82757 7035
81205 25920
67698 20172
73351 8925
70666 59517
83621 53534
37618 66444
38614 33191
63784 75372
25316 77007
69825 11280
30824 50741
37420 16178
84437 12357
9636 55237
79818 10763
68208 31613
15262 37737
70304 53130
70735 32900
4561 72956
9789 38334
82452 16234
43784 65661
47217 69234
27110 44265
45951 67050
12312 79543
36389 41632
79679 24950
4300 13322
31967 510
50581 27072
32015 41117
25301 28970
69748 19965
25633 49451
51915 82268
83633 28145
70066 47830
22775 67657
3661 40512
47486 20727
60324 25742
69428 54254
48042 75359
9824 50161
39562 34813
40650 11443
40839 38583
82389 25985
14637 32558
26598 24697
38403 49694
19909 24243
81629 36554
70287 75569
80192 66946
77909 47180
74308 41485
61968 2366
80644 73608
38195 60510
40579 6580
20438 17539
10114 78903
16722 56014
8177 32341
8295 67494
53740 38672
75036 8746
688 26842
77687 27447
27031 43805
51236 59591
78492 34556
73101 19385
15269 15917
46637 64242
6581 43083
20395 71470
17544 83943
59366 2598
82988 61303
5840 29164
39081 64431
10715 38332
71584 12564
60165 44156
67487 16824
79294 17393
34207 60103
67385 37867
30464 10001
10491 83849
8258 70473
63104 66298
3941 67640
65114 54032
67430 82197
44203 56824
63945 63121
74943 75895
45678 80092
36888 19870
64099 57666
44710 28367
64464 64360
48705 66798
71272 24878
5967 21289
61872 56793
21315 45066
46390 51775
54965 79040
29770 12185
53805 42915
44770 80096
65923 52602
76023 3916
63851 83386
52720 16720
74398 82452
18688 7676
72849 9728
9706 81421
71726 60367
60248 55544
6512 8930
71226 27098
63717 37342
73877 53181
73260 20410
64087 13081
26882 65422
45872 4987
55589 75047
50469 51968
80043 67594
44792 8821
72762 69709
7904 66431
20602 81760
2193 26260
46618 61702
64800 13813
39610 1079
78785 68389
30187 56688
16745 83049
50269 84453
48565 39145
27011 16905
17156 56345
81357 24830
2155 81847
81230 36245
48454 79472
1955 67040
18838 13519
62264 9938
33618 7462
66068 75713
69997 63503
67107 79691
83075 52666
17193 67087
39632 35369
28393 24641
394 14577
10490 71573
19469 53745
28802 81326
677 70745
51036 54280
21976 32751
29002 66304
25815 46168
39592 22766
28420 32062
38083 17261
21844 60267
69292 66087
84295 4116
51339 1067
17085 65194
34042 17746
65890 41124
44976 65373
66417 84209
55241 1479
54052 42373
27848 4551
71725 30033
42749 19466
72062 57045
81750 46767
77971 2713
71379 15810
11951 40383
40839 32376
9096 63997
80707 71765
67131 33981
39748 41830
77606 19244
49477 4083
56088 12053
77486 71086
23328 66479
54670 17203
37053 83597
62327 8780
78357 64634
13900 67936
44649 9521
64205 761
1917 24136
65617 67280
35918 34361
45385 25018
81479 34761
60568 19235
32270 32818
13922 16992
194 17655
50366 23321
6696 62871
30928 34517
37040 65089
18161 70501
12083 7331
71370 53496
35677 16627
60485 76886
8476 5348
33632 53552
41600 78382
20271 84337
21100 49924
62937 32544
77773 26159
21515 83122
75280 39243
2410 22060
65619 61174
16201 47754
82605 80856
17831 49842
37817 68514
35763 66364
81111 69280
5311 39394
41430 24055
57210 51919
11974 8713
37597 14590
62541 7181
71953 16970
13360 29768
30306 63149
41497 71851
38512 61055
19039 55620
22897 6346
38709 46845
80283 11793
5684 64867
49499 80086
29510 2231
45045 28458
41453 18790
36366 48878
45796 52714
82986 25356
62619 20956
74959 19953
33659 49732
62322 63860
22214 44640
56345 44507
70455 39250
49825 28061
60023 56429
4544 76913
81489 50220
13113 41165
58892 39127
40821 12584
16195 7916
43725 76754
50792 76373
6178 75816
46130 77032
32166 11633
32867 82341
43390 8912
39468 9089
31222 14982
18110 28566
43906 19122
14875 12820
40261 46632
20567 56999
54596 32268
62732 6581
15386 24635
64530 67357
62336 8487
28066 8096
17452 14193
83721 48333
42360 1428
38001 65058
32408 19244
28757 50795
35306 7935
7235 78014
72294 23404
58601 38663
45970 13481
47550 42278
18528 53552
62362 34782
79735 26351
57653 44751
83752 11810
75272 35558
49530 650
4585 57939
38029 19341
11685 12887
28066 66046
30348 3055
53464 75
63893 13824
21232 10706
66576 29502
33789 63940
32873 73996
61021 10324
41714 78600
14201 77177
50239 19131
41647 15268
24225 50755
27376 14600
45079 63873
29335 44742
43985 50541
77824 7863
51108 23637
564 14164
37397 6045
25997 4631
21660 25763
78373 36069
80580 13997
8000 49192
52736 31951
84614 45180
60778 67055
23545 23382
60442 60833
75391 50682
55441 35725
54930 60764
23061 31554
1441 59699
73709 30913
26819 23026
20054 40778
61654 67857
55145 16515
18612 73270
20712 47014
62798 75564
67242 77455
50110 40457
82176 40380
74723 7248
57153 19043
37852 35263
41229 6361
49909 28538
73233 36173
51944 16531
10453 46779
3607 80456
12936 70505
84709 63883
12849 21159
30601 74260
43698 68281
34007 19901
7446 53342
10335 16284
65478 27293
30124 57976
44471 35630
10091 71766
84071 38722
50473 1640
49497 14571
84464 48367
66394 54326
48845 53375
1675 76238
35287 62708
70551 36381
72559 6372
39355 57783
22405 36861
55746 49929
23815 38302
14284 59638
32080 42859
13327 32689
43580 68117
5617 46476
79547 41044
77358 39078
75105 79730
23538 63248
36936 5030
20357 40648
67378 84567
69476 6071
29303 53676
29651 77771
10867 51584
38830 80942
13686 45086
58917 67797
18324 50226
52136 50456
8554 13222
9377 84710
15201 77403
52619 6775
49112 2319
59025 34347
43887 59498
50254 11414
70528 74089
44297 63454
54547 44923
65309 35692
10368 73750
8855 39344
73267 33267
30396 56992
20173 13218
9717 76120
42291 83603
37274 47290
4723 57467
38509 30269
71406 19503
13123 26865
33859 12329
17959 12427
36294 4902
29793 78915
56965 3148
22979 18386
14626 67493
52385 74995
32411 50519
57365 8451
11967 71685
16122 62936
34572 7017
26298 19493
835 6372
25644 18740
4400 84548
77351 11173
10462 79885
46668 42657
48610 9777
12513 79028
38783 56034
35845 40883
29215 79554
50257 33762
49931 64774
43310 27680
8040 32756
31695 33288
20636 46842
63661 84042
13448 54252
205 77741
68633 13851
48503 16597
44953 1742
77646 50201
14064 13087
21644 31505
39459 5514
3613 52502
11461 40034
31186 4894
23054 33360
51143 43955
18441 61053
14383 58294
56023 14211
682 6515
70155 39152
54085 63011
73012 41626
16523 23629
19006 70773
79873 74388
75295 26108
47839 45456
59488 58191
40701 37591
37358 31288
32973 54033
34339 22714
28430 53597
43724 42757
69566 73173
43853 82243
80913 1699
48934 19012
25228 44938
77054 1779
7543 65785
66479 49534
24779 32768
39249 29215
24375 57036
7981 72549
80582 73657
24261 13594
53409 1413
80637 54345
16480 21164
58171 61379
40322 13858
73329 75870
54272 43109
83715 59298
54642 7328
45465 56174
18102 10187
9712 29462
81607 1334
48174 5710
56959 47386
18047 50064
48031 16098
71997 69280
22352 46098
52836 34555
76021 63086
36929 33748
80484 69945
33951 5204
61746 12612
54339 71019
2340 11832
16069 69866
59363 50445
61400 42334
77112 78774
11942 67502
53923 84430
56390 82548
8608 25210
1239 1054
44853 67925
42826 51154
41704 42648
874 11658
61254 41313
72746 46974
6201 29474
44284 34556
52041 59877
2954 69151
51805 28487
73407 56699
62604 54192
79919 56028
76104 33291
17072 28637
21139 12785
36181 70979
13100 6325
81120 21789
66114 63763
8106 67229
76807 75815
50956 23559
66362 1755
25320 28940
24101 53776
11603 38243
46385 61111
56555 72156
75427 14060
8799 8540
66348 32853
24087 62625
49339 16571
74227 13511
34860 12756
51345 28889
78343 5365
37630 51448
65231 43709
38662 80822
64942 47893
63013 30345
48294 211
13926 78317
46020 48159
7735 1880
16577 72729
38932 61843
28933 82696
69868 14738
39048 68699
30735 69584
28890 33722
27319 22235
37900 8791
44745 1307
61032 74430
44006 46230
9987 63128
81887 9335
41096 40303
12804 19257
54724 37072
30010 31766
28152 45212
791 49665
79623 33533
29206 11412
69542 5155
1940 34218
20862 8288
35755 63650
26173 74912
50111 65179
82869 38070
36416 5975
19368 69408
51615 41558
16904 70392
44289 59880
8500 14901
54105 27651
77735 1995
70453 84080
20539 4107
12604 37252
45190 33943
27163 33219
80965 28365
6548 14196
51217 45160
47661 73273
84050 258
11678 31201
40464 42956
55138 25547
70093 9091
1342 45495
65416 64269
26778 51429
46418 77866
46475 82458
55584 68266
52841 34372
11458 72784
59975 78898
46595 39857
75890 76219
9060 79195
20971 50725
26902 48877
68494 63858
47066 73248
28123 33907
17914 36526
79919 70283
25303 20475
21724 25973
64455 77593
45147 82928
17533 2045
35003 7956
63915 83098
15676 74188
6498 64337
76502 11863
72213 41108
9643 8662
18725 7959
49488 25665
36194 57065
7790 10437
59046 46948
33956 72096
76776 22576
70521 80521
5335 8995
53761 72442
65990 30138
62330 74601
61712 70387
57986 53729
25877 45183
68169 58297
14085 68128
64216 7854
41729 54987
61770 77567
79095 32693
50019 67036
37953 22787
61046 30935
83305 63315
58570 79943
83116 81995
1275 45158
81013 42274
12430 73716
39787 25693
14237 11106
36314 34327
26771 24872
561 3414
42078 67685
20236 14762
23251 14326
72444 9612
60804 29945
40053 60000
67086 16426
26744 82424
28542 11772
12767 53335
69024 37240
8947 29351
20510 11767
53429 70368
30164 27362
6531 59508
41211 6743
62404 82111
22515 6449
35812 12244
28104 63075
2993 17682
7097 73919
42716 3583
63861 51962
57043 20132
33621 50921
21079 27617
81489 33729
67216 29345
38863 22167
33064 25074
48611 57691
29681 36783
58429 67085
38106 13185
69306 50293
82944 42646
82787 6067
9506 75744
55898 17569
31096 70962
22133 72556
44643 56552
2853 43127
47208 19550
55098 13315
22775 16180
9866 49340
78690 77510
63957 10617
51338 29058
83831 80232
20479 33750
23717 42511
5304 50877
40834 14498
26426 5868
56827 35761
3055 77269
40341 22329
49830 285
2939 3953
61199 24077
1381 63740
66700 58862
65084 20608
53744 81998
83903 22958
5883 44109
37443 21974
40418 70892
42253 14717
50455 7140
17746 3059
67208 7546
14311 57440
63539 26971
48094 83047
79897 58418
131 8695
8635 37786
65479 42196
1219 9268
83218 20496
82613 12429
47452 70748
76759 19830
18504 55584
1057 56567
76685 26971
30197 51701
20765 63625
33691 27814
25124 36690
11430 77096
35991 44285
47430 23633
43963 13651
37773 30780
9919 49444
29480 80692
39189 11705
40213 57174
64777 45014
73727 75683
28941 69272
55086 56864
22216 61842
83103 32336
55563 78251
56308 46963
11641 72031
25182 58481
32939 53177
25601 63123
4156 73098
18021 52173
7357 76465
41051 18502
3525 24857
69317 47632
67900 68548
25785 83360
42001 54222
39401 72464
33658 69228
44107 61523
66165 60293
13855 7746
79632 28821
13915 39288
13095 26717
1312 72634
68632 34962
11984 40735
19921 81936
17984 4786
7967 42215
57628 37606
49462 49041
20832 54652
4027 68379
58150 64892
58276 52465
15006 19369
33560 13343
56670 50325
6238 34757
43207 44992
30786 63714
80994 31130
55646 5158
48183 10643
38231 7176
45726 40533
3620 55839
56881 64365
72479 37429
27270 59703
55275 6791
83855 27603
24769 80770
77216 66597
42618 48654
1941 79644
40284 75268
72820 20051
1067 21696
26718 29541
32161 78528
1426 67794
70623 58797
43180 52860
74400 14819
10309 4098
70059 65665
57225 60763
27702 71526
29245 31767
9922 13259
80759 9921
71304 17023
83374 78275
35429 50744
10882 78943
23197 14456
61384 2334
38312 48840
44118 61895
73772 61680
66873 39688
49815 81608
36515 8116
60487 48769
55779 42933
41149 25214
33165 26009
71431 1299
24837 38285
26172 76965
60108 38012
79744 79791
11077 71835
49157 918
57224 42760
32421 20752
83458 18086
4039 62974
64873 54892
45084 22325
10427 15358
30700 6733
8395 9812
55371 5136
5433 84564
76486 9466
51672 1858
27194 61419
71157 1031
66092 32419
24512 2100
23324 12551
52335 16431
46174 32806
51107 36582
49617 48272
45732 20861
44379 38235
49612 7892
57974 76935
10774 30341
4220 29895
55873 30759
25085 9353
20966 44900
4566 5722
42121 2054
81719 65266
15619 52812
66228 5605
15847 70197
11225 65825
77270 58458
80920 68933
84151 82122
54041 58937
7469 6362
5173 50350
69867 60201
44424 19668
47739 54133
57356 18311
83686 82845
2514 78714
16838 29781
77954 10077
969 4648
66329 25843
37885 80105
43909 47631
41813 9872
63264 33368
4222 42930
48942 7400
4259 44538
38681 32454
26053 32087
74558 8722
26080 26857
6241 24971
54215 73174
55703 24174
55045 80871
25142 75506
8760 66296
23585 32283
13172 15244
28101 53447
8915 19632
83286 51212
72306 65962
40145 43634
35190 68100
51669 17873
52155 24677
76384 44872
14869 33079
18645 7221
58496 16082
41831 30872
721 26889
71250 13901
74419 79803
82856 745
51913 63761
64017 30465
31774 7281
44853 38288
57061 56054
59508 63648
9279 39363
83268 17542
76591 46747
30887 55603
81379 12347
20052 54907
65267 61315
67666 45972
11799 64962
41202 64262
3546 77418
26425 49499
3558 69170
40832 9789
69276 19974
35981 5036
23888 75079
52114 78015
83609 51470
40664 46836
77629 56809
54004 28766
12399 14898
23312 40917
46815 19507
10305 19091
17057 74461
84265 60405
69606 13698
32797 36812
35678 38511
69358 67898
60657 69312
81581 17786
35467 43926
18262 40650
10529 68182
65275 67038
8419 6731
40274 10522
45460 26147
11617 73450
75172 33601
40087 13813
39732 30
52726 25795
56728 4301
38448 21067
63082 24198
27196 2555
77352 3438
61947 73322
52935 6986
55990 70651
6981 25759
40249 936
32037 82327
3429 56057
38279 31731
17214 32659
661 70019
70248 79638
60783 81177
57769 74030
78023 31457
15090 71618
82299 33355
84454 33193
31843 35249
7332 18899
62051 13371
8190 51238
19685 27369
24389 25952
74023 8674
1015 81893
56954 83796
31593 55490
36054 12702
39318 34290
10197 42058
52788 68529
857 66897
77861 24984
32790 40843
46545 44218
66240 61811
22033 31170
12106 28105
624 6916
14884 51785
53726 27463
53185 53154
40632 74838
82501 18829
40146 83346
55416 44091
40489 25362
68945 61792
2551 6109
3322 35262
71193 48797
18727 53157
17225 24837
9175 33760
28827 31124
7911 49814
41167 23705
48789 14192
35638 73977
78782 50410
68113 23848
70301 77411
5009 80028
52490 13378
81069 26906
6183 38974
83179 79058
21743 12649
28532 9663
29889 38797
2477 65916
6914 6735
56089 53911
74620 26024
16081 40111
38585 41442
55623 12116
61273 62336
64030 52974
40425 60781
58681 26954
42324 26139
19491 43322
44379 12155
8812 52179
48672 10121
7143 62931
41344 15007
47613 3504
75219 37171
49795 5053
50288 28749
21317 6740
7582 74498
54151 24358
53393 42170
84434 64616
68881 9324
72187 55755
11250 38606
24909 23434
30362 75324
76935 13289
28995 4526
72693 75369
31042 7491
73861 8980
26500 69508
69455 20707
49329 2778
30129 37560
42965 36873
13527 22748
68112 84583
9293 1748
74321 27282
78757 1088
9727 12148
4680 30115
82927 63623
26914 58158
18788 36492
56451 73079
71241 2891
2636 26172
51770 38033
62388 62403
75028 83889
46009 10607
15025 37979
62591 7425
28881 9766
39988 84031
48510 56573
36407 23554
77361 2672
66597 71757
62737 61372
42749 30316
72000 12449
80721 20026
49395 24392
55637 57820
9296 45825
16575 79707
71001 23447
55226 75447
23268 76784
25515 14101
48502 32253
9925 50871
17135 76660
22605 76440
58006 81264
26992 6147
11372 76143
51158 47834
45950 52112
49930 20242
42425 27079
44310 59630
44017 68682
21372 68166
32621 65698
28213 32913
72019 30785
77216 32648
47860 50807
49498 5458
7803 2542
7310 20774
23160 30160
74439 54869
55796 45511
80564 8829
65369 25712
14676 55249
83665 81766
17906 60071
28062 57446
1908 50329
8747 51365
76864 41507
57963 50198
30982 28714
69091 40270
66353 64320
3819 42865
30755 82708
35010 53995
74951 45568
72254 9755
34963 6671
19249 1792
13208 45208
26694 33671
80014 84391
61263 63751
30681 37389
78384 25234
59297 40214
79139 4378
14231 84561
50392 77441
23183 67533
8801 48833
59817 27534
43162 54675
28172 82730
47147 68555
27841 66989
72215 4664
38193 69443
33126 68327
81835 47730
40879 10185
26960 84538
71095 41524
24263 68696
46690 71613
8731 924
69583 63749
62113 49224
64785 52061
24969 71073
15735 45978
3505 81901
24672 25560
68619 47872
76610 66944
13877 75410
37273 15027
5276 3275
47421 72362
48937 63991
3217 14665
69926 58840
57529 4549
19527 6594
82330 40102
39005 24481
56782 15991
80390 7349
47207 52367
69644 12998
14288 22404
62294 22561
75488 80085
16853 8033
68931 32538
22842 60837
64093 10377
80887 42126
28585 35749
81966 10634
81556 17789
12355 28393
18523 64050
13662 50616
14173 74626
32261 4290
72852 41334
9148 79254
1015 10937
28334 25177
35097 75681
14695 74033
55279 25733
63570 41045
25935 47344
48818 35086
4412 62324
49566 60500
4697 17725
31699 16866
77024 18530
34049 18371
71789 13028
24245 10013
30457 38308
74008 61560
32798 64580
27957 80251
4990 72365
41962 61435
69848 47041
70238 37247
16662 12616
26734 75783
70761 25130
41129 42631
6977 46991
72207 67439
36002 43456
64812 4155
40137 75359
81799 45524
26521 29137
34664 70443
9875 66126
76004 25690
24696 50573
2526 28213
40820 51451
38921 75333
74125 9248
62973 59498
16968 31502
57178 81623
8226 36182
61146 66552
72039 56721
16529 49104
48091 58533
31583 69514
11720 22094
55263 15980
13198 5883
75250 20095
67731 21664
46803 16028
50424 16305
59380 47017
67459 41621
53573 722
24176 8735
74421 28206
51965 78853
51478 29079
4646 65370
1880 65607
14137 12519
18435 24564
5241 61464
39601 15928
13248 33969
39717 83502
29910 11562
83203 49613
10981 81547
79321 40435
57939 74379
15703 65626
30067 61009
21564 5396
77370 36577
21097 37272
39515 46103
34004 57550
11121 57620
60745 43675
14834 75650
74370 53765
14128 37703
36703 51221
3568 56157
24759 53127
72492 4665
49016 74961
46581 81076
35024 84560
59448 40749
84264 79400
78742 22455
62148 67448
10060 65115
9774 22464
2753 43557
24688 23912
70576 49925
8449 21426
63656 51790
39095 2483
63396 78775
70684 81889
7804 57991
11920 5894
935 1727
32429 7525
1668 84136
20814 19815
70076 67251
83736 32827
28653 49073
48877 33539
29858 82805
58658 52350
23965 41754
70252 70073
10675 41825
50367 58772
58759 34911
58964 57237
77694 48664
13282 57630
66258 61477
25998 17808
69251 65569
27871 59547
80803 26018
3247 50193
78056 26305
66146 22691
72756 45483
53700 63197
23379 50754
46442 26485
16240 82674
83408 82695
37256 60687
25911 37109
14228 13572
51843 75066
29930 44751
81252 24016
54773 4011
1557 21794
77086 19366
12276 44272
53424 73851
54208 79180
52011 42979
25797 10556
37725 77237
44418 58068
48504 74740
35524 83439
41791 67805
55553 82447
234 17764
62890 1350
75945 24681
82529 75937
62567 84009
30575 76802
83085 21215
55597 9906
49292 3062
51040 23716
12367 4502
74481 15391
25154 66334
19790 33181
7347 63627
68649 53993
39354 41952
63045 13948
25831 48088
45811 29713
33880 41272
7571 67084
896 43488
4596 77764
61903 28387
6849 65193
74807 19878
26500 48777
11845 58026
37614 24393
43539 1331
36308 65476
7769 79836
21155 22169
28133 23400
307 84679
51851 8065
7440 61352
80361 84215
57598 43176
8634 66930
27512 19153
76712 15381
36826 33852
16097 70570
55204 24482
51924 21237
51592 32018
27642 76911
30844 78028
51477 28770
41069 555
50909 76693
6676 66590
22145 31745
23436 16611
43956 45870
22373 33329
15389 25788
58041 77115
46132 18935
29625 7101
48160 50223
3072 61563
1986 81416
1903 32220
50992 1407
42009 33723
14392 81261
12861 52994
64002 40357
11995 12083
30034 81313
13606 26581
39495 35789
77132 71150
62955 32582
4845 59120
38184 9889
10948 36739
43601 22229
74197 18475
46255 70683
27575 12654
62006 13716
11949 18059
55731 8026
7946 52951
5993 49950
8050 47675
34190 53725
41693 17774
67721 78968
4312 34984
80641 9191
63669 12453
45210 14058
76069 10269
59330 60191
71722 52145
62473 35818
53252 32421
28462 18834
55221 68727
81423 21506
48454 72820
75873 30630
37710 72651
24547 46785
32386 31046
69766 39046
20683 38119
68368 22154
8974 19628
13110 29768
64298 44533
61293 11685
12349 4717
37035 32439
45349 80946
16169 1905
12001 81919
57318 1907
82260 45313
50144 16571
83055 18306
73245 61052
28166 33896
29417 16703
67304 72506
36456 59909
20766 58834
65145 34382
75011 27717
76274 48622
71519 52962
35946 72001
63097 67180
53902 58817
80667 31973
5771 49855
73346 5642
62648 35274
55827 65023
21897 58959
25076 57054
22529 27007
257 73274
81280 40538
13173 81623
69568 6092
12780 19024
31480 21274
43899 54307
9524 3075
38426 66009
71362 51442
62244 82518
29686 78081
19015 5658
22973 39363
67911 21928
56251 21378
30397 7283
49650 42054
20226 70875
17066 8814
26129 29826
32437 22366
36872 2709
64065 55949
4827 39441
79797 57200
26300 11134
74496 47027
76280 63662
78079 52116
80988 61870
49498 66659
64960 9732
4287 81455
39943 25559
81969 10818
2011 9089
56689 23037
47380 6021
6292 66716
79313 77652
921 12235
59515 60986
75484 31562
8634 74373
23122 20853
14931 72762
37044 29589
8736 39452
72044 17253
6054 66106
14549 55435
49385 19691
39298 40660
49432 47767
27130 12499
70246 53115
53678 34181
45837 34381
18534 26681
59001 34728
34562 13262
6864 7364
58993 1921
29216 69514
67165 54545
63926 60457
45994 8063
43479 56177
16354 76070
77944 79109
17592 37395
50311 19712
17104 69477
11670 70145
26296 51793
45626 47974
9362 21312
61853 21963
43649 83685
58880 9713
26022 77827
31386 20992
73637 48032
5023 25450
24020 46597
30099 19243
9043 10569
45808 1412
37797 7474
82137 79175
34679 46658
68964 15092
51434 2980
10195 54646
61245 35146
7866 59696
44633 71145
84063 18737
25632 21920
41375 3853
45802 35605
73687 533
35538 17234
72318 71856
82188 84595
3030 73007
50380 67526
5844 58846
20407 82662
3265 5547
16738 40237
42619 6808
3269 11030
75680 34380
55621 18842
53696 67841
48452 9263
69212 71652
22610 39614
7388 67283
83336 20250
60147 16830
51123 77289
22032 56118
34965 77995
13513 61773
17721 50964
48669 33289
32935 58037
51715 56375
12588 62097
73794 61355
30533 29131
25303 44124
22829 35264
43455 69051
14411 80715
83337 21648
43644 67755
17965 71597
70039 40963
35791 82539
84156 65516
66436 38934
19746 70879
13540 75726
64927 39845
24803 33449
15021 40602
80124 7052
76596 82359
3668 49099
49145 56788
58032 72125
74861 2763
10462 31819
19741 23408
57015 53384
4359 57095
23518 75989
72680 13755
16937 40688
57716 17739
60245 15652
37447 82177
55624 67613
22397 5103
42572 78093
5353 8462
26333 17406
6639 61250
13805 58251
81088 75222
6130 68054
80031 33926
77620 36234
30719 6640
15237 71874
62795 55051
1562 25566
46707 11084
42875 78023
64547 34204
47654 37610
34903 47301
2423 9386
43546 65624
25113 23187
13417 75525
40748 22260
79053 83155
36670 10404
60279 63657
13548 61190
71717 53577
81442 20815
11434 24386
24486 63067
83180 15117
34209 2008
70588 34515
63412 33757
15450 39156
8639 34804
67342 4430
64985 20178
5499 39526
30606 50654
500 22515
84632 40095
68481 32438
74012 35266
50432 32858
42304 7810
71010 41679
70897 8145
1715 33400
43428 74420
23073 3306
79930 59228
32881 51905
33334 54325
3989 4785
58559 45703
9315 45905
49007 24908
18630 76815
30352 80086
50179 80420
67214 64037
6629 63140
72166 50119
43104 13879
4463 80411
13525 84080
60145 60701
5767 51103
34680 49456
11296 59712
6353 18244
18360 78653
58542 33348
14821 45383
21127 49828
34670 35793
4113 56391
59314 72674
15953 21036
13794 25774
402 6464
12373 2
17526 53766
41231 36326
77580 77472
32218 44744
70520 36544
52415 84653
43911 59620
25862 41201
21830 61620
84018 72050
76339 11365
76736 42821
25249 72614
53444 6622
76357 73269
56191 35382
7317 2958
42289 3206
74797 64946
50203 19434
31222 22009
5604 45460
14148 73604
60147 36143
37572 19098
31731 24595
77740 17049
3705 36422
18862 69199
33054 79257
74396 45539
5422 84558
22989 43684
53238 44990
21646 3602
12417 84566
27564 77665
84081 49372
35661 24580
78611 64984
78334 50074
47389 22003
20309 32854
44016 28738
84501 56575
22917 28095
60851 40028
5297 22654
32009 58588
58674 68432
2548 39721
64205 36514
3072 27941
74576 31748
13181 23169
75167 69107
17828 84646
30465 52487
39547 7956
45006 32450
39722 5364
13667 49077
19420 15057
8876 58253
48799 22222
67357 82626
10244 3675
2816 43183
10515 40913
592 23589
13810 68755
25076 59435
45715 6236
32880 7934
27826 66801
3661 69927
72048 16244
11893 17561
821 54939
18628 52133
30269 75444
68455 48459
67273 77680
49652 71228
23908 48145
16586 14121
6176 8348
52748 40772
72439 10737
34107 45481
39116 23961
15616 29984
62948 82018
66929 77354
75532 59504
7601 72033
77569 41859
43016 14762
48115 7459
21708 25380
45727 50281
72203 82295
42208 42058
25405 4153
12865 78123
36518 71030
35434 49639
57625 48673
47652 1398
56258 74285
42801 18745
55747 7609
74447 43745
27312 67761
71436 43434
61226 81365
48709 40484
24521 5045
35608 20600
44738 32397
68336 69691
22932 65482
1734 18143
43229 23923
37379 15079
76074 33786
4148 74987
77961 54518
18714 8240
57885 8940
83539 63657
36316 78106
53403 9454
29797 35201
11044 2028
39568 65425
44351 25720
75907 29593
39768 76216
74024 63691
53122 81233
75898 23357
26460 45422
33328 77369
40726 10542
2504 11501
30434 74339
40117 65603
59887 30040
36955 55323
75664 14675
8377 67248
83299 8857
53037 33424
31604 22814
13609 26323
30501 56429
38365 18534
17472 47187
59448 54286
64638 1350
24538 2896
69542 60088
64962 61720
64639 54385
28385 3485
61898 3153
77768 3212
63828 8800
54329 700
36726 75214
11771 43166
80526 40389
45252 35340
22947 76326
58583 77786
49599 6036
78465 30615
73278 27368
48059 2035
31570 6434
10016 61957
83075 62748
64142 13807
16524 19016
62081 57927
44780 51745
74928 503
10270 72081
241 7384
3150 3403
74227 32886
57416 30998
5881 58871
21736 7654
17137 39595
30726 36144
31563 36610
16557 6217
20602 55803
3736 82352
59061 72284
62642 17957
17995 12910
6315 66976
73833 72825
1359 32745
83142 69424
20484 60134
8344 55600
71105 27719
71019 22346
34586 39152
46048 2039
74399 280
80036 75785
29486 3070
50446 35225
67942 61159
21571 2567
23813 41808
47725 27736
71886 9630
23274 75794
21133 4327
12503 74705
66682 73922
48324 15529
62152 26473
59424 72228
78545 47590
16490 32177
1703 29787
9620 42228
35279 57167
29993 61117
43210 47964
38803 16944
45037 77801
28364 65001
60052 17531
77352 12148
49469 40319
38561 52056
14396 80320
58338 38080
49515 42012
60176 42183
13481 70715
75354 44129
81330 53049
26743 15642
7468 292
52373 30975
40233 52074
5848 23509
60101 84642
12131 75628
29649 13807
40929 45398
74067 41891
18627 81285
18169 49819
19937 72437
12099 2948
40377 33401
3939 76164
69300 80408
17544 81703
80134 56335
44790 75197
78436 55244
6129 62490
28107 56950
26558 57825
71743 17407
84475 14793
40282 74310
77206 67392
60587 9300
9515 75027
54908 23118
11273 6783
71921 69055
1074 79927
67067 34463
26986 42438
24965 950
40019 20308
2182 77360
78130 43919
44642 9369
26965 76615
37797 31262
47232 29169
81667 40181
24008 18360
22959 17715
22578 76081
36958 78084
17764 8048
57139 36951
70538 43697
77464 78883
11576 81624
15290 7410
74407 70462
47809 12184
83022 14859
84107 45520
35040 62208
81637 22487
28695 39341
56839 82446
36492 453
21168 52426
72697 68387
27877 11504
69993 55767
17115 19652
20072 32601
30966 13089
20633 21005
19151 57333
45254 50404
9358 75322
36386 48443
62668 70414
18495 38454
21221 60101
40332 40523
13591 51774
27236 30962
82063 72817
50794 48032
57342 77445
9849 79845
4836 70106
59964 42869
28259 46601
42623 66824
12790 14986
83104 77887
48798 18124
31454 37730
66037 46617
38780 31565
80993 34327
47462 59265
22042 32779
22643 31019
43467 68497
78179 75320
47725 45760
45326 27626
35985 62220
59343 64249
47784 79323
41863 28231
28405 7701
15146 51854
59120 81884
44462 7815
54088 10394
26459 13864
10043 41516
15777 76423
5942 43262
9336 70701
39371 23640
56224 83094
10293 31190
42684 8229
77077 34025
39003 48468
77762 72938
35103 11623
45487 36246
58435 68460
36142 58941
20392 64168
15078 12356
62497 44765
80410 79884
55481 72289
40091 18861
13870 16233
4309 29770
23859 2240
21050 24689
30123 49650
26870 3082
10524 81754
14860 57359
65520 175
41162 26849
9541 57605
26497 45130
59572 44227
50403 5643
63375 13484
72267 17645
80560 37427
22764 75910
72666 72410
33490 705
66064 62719
35276 26718
68990 81502
67234 62571
4821 46281
25212 8372
9065 28750
60304 73016
53934 79518
16592 26404
82448 59143
43160 58910
70272 3880
15619 52321
57784 16950
40086 32235
74783 65841
35807 71207
74896 3114
74222 83215
17198 53274
38113 26366
12578 68196
75651 68051
37445 79077
45774 82832
6955 3700
56073 4176
53246 6240
57638 6809
82491 52544
3069 55930
45412 65217
8061 50599
30990 63334
70158 76074
81531 23491
21275 20704
31248 68733
27575 42782
75495 49989
32477 899
63143 21067
24535 20264
54052 11184
78114 31351
2588 64409
53501 67598
81696 62819
55508 63108
79399 74497
62736 72098
2397 43006
26756 45344
7157 27835
69093 27347
54702 82377
78734 66235
66114 39256
79334 7827
6105 63667
65917 8123
47305 44387
75771 30531
64739 31765
33293 25549
14024 48711
10950 26904
36178 55591
5493 65503
42303 9551
59692 61746
57074 22779
74213 1758
38610 38970
22403 34567
80194 76807
82600 46722
5595 64733
46192 73527
5541 37292
7520 80324
58036 49842
63379 60921
53219 75590
7741 17804
78765 49118
34656 47910
36830 45775
72044 73670
58466 7403
70832 76036
48135 46542
82635 47475
60819 60890
43036 21945
8784 52376
38415 22493
23668 56505
53354 57734
13966 26646
44788 8454
44724 74075
36715 30554
74045 14839
31292 6205
64295 8060
25740 72480
29913 56875
8620 24431
10161 46555
37591 39349
33840 52877
69524 49130
45630 30762
40084 59333
55618 11291
33362 18809
57393 75647
47249 46655
20811 20186
14694 81479
48809 19817
46919 55151
45047 30792
45619 42129
83783 32647
51216 46931
48679 48080
19416 22516
62740 70108
49961 36769
75341 16793
66054 619
74465 48421
35043 20718
9384 39064
83025 76015
33810 77672
70028 57537
24599 51923
49152 49059
59399 6988
32694 47438
19438 77861
60159 68297
29435 25407
73674 58630
79569 61289
51458 20018
30273 55702
51089 37828
77820 80191
49836 40422
37531 61942
1272 8712
24352 33657
31898 27352
73813 53311
24730 27309
12227 12713
69924 66991
78188 18184
68461 77323
79001 13368
2377 47954
63069 26840
52581 8841
70590 74399
9276 16467
10547 16896
69410 22532
60988 384
72207 1457
48280 30267
17357 8371
7887 31560
65587 50035
25041 35428
51324 34819
29581 15824
38451 32878
54020 55949
76949 6568
1687 67929
36220 27123
63854 68765
51149 40708
23519 83060
6796 1004
39191 4251
47456 3704
73016 54027
60948 13530
419 34113
65352 40045
47973 66109
60868 31702
16695 34302
53232 65031
49578 62362
52765 58060
8451 3795
44144 66822
15242 30046
82267 742
39825 10809
32269 67250
10112 14501
77649 50722
74562 58143
10103 22903
38481 77466
2262 2989
61178 30588
21436 66780
13234 71288
1366 30667
141 9300
44113 66196
70414 80422
74220 60185
14526 66586
3498 44930
1487 62484
12141 21783
65874 13186
58674 38415
12093 15327
17150 2020
13241 81391
45273 37932
32284 28052
45451 37115
82125 14105
47803 21697
53830 83536
62310 10447
47800 11712
17007 45805
21596 21627
34951 72918
67328 64511
54272 17803
29732 37639
31064 14958
57 46956
16646 32293
36949 34722
11721 48788
68847 27921
33409 26742
50829 77118
30916 11038
72687 20365

