22054 1791
9419 3381
7335 6492
10177 21755
16429 17698
10706 12076
13518 4227
13178 14595
7221 14176
2056 2200
11071 16231
12980 20766
20986 11328
14291 2429
6223 2650
19299 20900
9507 6360
13440 14600
7406 7167
6310 10877
16005 20609
15567 11487
19681 7761
13187 11418
3518 6137
703 14771
6043 19429
5550 18593
9212 1789
7538 14498
12423 9221
1453 3605
12471 4422
14983 2957
4738 5882
16235 10755
1847 19036
16795 3853
20368 3973
20625 13923
10629 9855
4084 16734
13677 22025
4503 12516
15969 18076
16703 6106
9711 2725
11861 4205
5413 14543
18780 1860
1392 7093
6200 6408
20466 13642
9362 6894
13044 6018
18521 19392
6880 12668
17200 21851
5141 18523
20167 17137
4371 9894
14078 6885
19366 15696
861 21498
3142 2344
8581 14443
15053 9944
20784 11714
4343 2714
18932 6809
3822 18812
10705 13655
8468 17131
10215 816
7573 2580
5278 8855
11052 3676
17785 13707
20907 20716
3554 19677
18452 20442
14170 19138
19390 13034
17249 21167
16717 4310
4395 18013
7520 2173
12231 881
16400 5914
10903 19660
10734 5967
21470 13451
20704 15675
4063 17990
3304 17901
14716 1124
21787 15760
3977 16754
7411 12824
21389 14816
20677 21520
1260 14754
15618 294
3795 4296
4009 16679
5520 20616
18045 14820
6608 8829
797 2606
14095 12152
20740 15983
17586 10333
12037 21637
22036 15044
1136 13528
12094 14480
1900 21917
21878 2678
4797 7839
17863 4347
12503 13043
9687 1036
14596 13463
12049 17976
2516 4370
14805 11129
3829 16810
1480 11508
9350 3458
21032 9688
21789 9816
10800 11091
16592 18390
7226 11191
4110 11086
19064 21992
4932 11460
2385 18682
16175 9326
10741 8948
13678 599
11173 11494
20338 12366
18942 16638
15294 7627
17220 14552
9193 6031
14263 21116
21581 2561
16853 8608
15938 4287
21833 10101
7900 3979
5809 10658
14061 17082
7465 15916
13004 15679
17626 5004
13725 14652
10316 3857
12306 18791
20769 7871
20011 19304
4700 11580
8770 18185
6030 21220
18157 3894
13243 17887
7379 20585
4276 8256
21918 15405
9025 7076
279 18690
1341 13267
19759 15682
14037 16886
4621 18992
3047 11292
4891 18178
17748 6705
15073 13476
1663 7395
1365 19487
15967 15150
8630 19350
7375 1195
3788 21476
14070 9456
1324 12926
14281 17224
12855 16363
11636 8333
9590 15312
2591 10760
20829 13919
15611 9336
11629 9462
13818 7901
17603 3554
14883 3795
15015 6229
8904 611
955 2218
12339 3623
4317 19618
3001 18858
18213 8294
15346 9339
2492 20329
9148 2670
6102 13506
10626 16180
18638 486
18158 19511
8584 20914
14756 7114
1262 18826
2434 21119
6512 550
20878 13729
10557 14746
16680 1691
6309 7662
5437 10362
7089 15321
12154 10240
4145 16900
18227 20670
13712 1457
14739 12780
4531 4634
5908 21323
20041 16544
13084 18225
18066 5153
9142 9936
16472 9632
5219 13558
21730 7835
13114 12734
5316 17103
6003 12291
7338 4662
19242 1637
10569 3033
9462 3466
18381 8547
6949 16343
9538 15390
21039 16441
19057 22007
3969 14930
5508 14047
11242 6028
7830 20005
13175 6756
17407 17587
6154 3806
19453 9970
1359 20676
13557 13582
21184 19280
1598 1481
11144 7298
2857 16723
7855 2692
12435 1963
5287 7002
7061 58
5006 14796
13331 8521
3298 10579
863 4945
18118 19153
13697 19726
3612 19522
21137 15798
4968 12065
2093 1400
2032 258
9154 6229
2216 7923
11738 13383
10938 5894
8636 3908
19872 14747
19756 19002
10976 17117
21241 2650
21488 12241
19790 10778
7270 14703
3758 3338
4036 8041
5938 4581
21367 925
15500 2120
11411 9582
1303 8757
18695 7887
2120 348
3957 21339
1004 20438
4618 18232
14762 586
8247 1480
7347 1452
18919 19416
15361 16455
18180 17621
21505 7697
20191 17451
837 17449
19150 3749
1202 13526
5956 14899
1 12338
11779 16178
20860 6354
14557 423
1263 15607
574 5591
9466 1201
725 21710
7411 15859
7370 19879
5194 4526
15322 4054
6843 18147
16070 18177
16187 7879
19907 15454
19761 6769
9550 7063
18800 18925
5034 3117
9667 15232
21136 1018
20159 9932
13736 11812
12875 5742
7032 4176
20182 16188
5723 157
15373 19043
5928 2283
19753 9137
20104 18340
1780 1177
17854 4529
12365 2903
17272 16453
19614 15214
19939 14745
7174 7090
4119 1891
18634 11178
11553 4830
11404 19754
500 16972
16222 15964
15359 19647
19160 612
20657 13690
13939 12535
21753 6081
6302 11604
3183 17495
9955 21367
14996 16832
6088 12992
11100 11777
1927 15590
758 20398
611 10665
1809 12830
15543 89
7773 16528
17243 20028
20050 10895
3376 8338
6579 8447
14992 10804
5485 1006
4231 21949
17750 7557
17113 8663
5015 15615
19470 9044
6824 14178
4416 6575
13955 17308
6952 12377
11229 14091
19131 6173
17899 5672
1755 21094
9866 4539
5825 3447
18894 13170
5382 21945
6206 7425
20940 10477
10489 5835
14905 8826
8425 7054
7771 3003
18784 4645
11245 12386
20456 13783
12275 18085
19981 13639
19114 7409
16997 8995
15663 13959
16514 6775
4497 16312
9446 17930
18773 17961
13444 12909
13812 13076
2205 21923
20760 4601
76 19104
10295 1897
14086 16735
14062 18327
7890 1130
8110 7406
5581 17678
15918 9997
8390 3115
3157 21480
6775 21077
15847 11550
1924 15650
5220 15313
4423 21305
19573 7648
15653 18100
3996 21497
11848 16202
7228 18515
6412 5160
11473 9085
9428 21398
10425 6046
15943 3422
12083 7967
4199 4270
16644 16301
16838 10016
1034 21422
15831 14557
8389 1851
16097 1350
7244 14070
17027 9622
20453 6691
17658 14220
14464 20283
588 1985
9572 8444
4110 2777
11424 3585
1898 1996
14625 19046
14687 13279
5463 7625
4181 2922
10042 14781
6164 7529
4367 20576
15580 14170
20362 11361
4897 19264
7787 14038
6024 7405
2109 351
7320 18364
2084 17327
16559 11866
9132 946
19314 10308
3889 11911
7336 21835
11189 9437
8065 9966
8156 18901
15258 12025
18468 15620
6926 16603
6802 7528
21734 8350
8664 10002
11430 1134
979 12176
8346 1699
12242 10317
7808 14892
8999 2529
20979 18890
16204 21329
14195 8076
239 3362
1778 15391
6060 6374
21650 7919
2556 5635
2189 2049
22009 19377
17152 14315
15543 14013
5690 3807
22008 1778
18613 7097
5549 15059
20379 8780
17180 20835
12532 5559
8286 6541
15826 6609
17962 20806
18538 3103
16696 11947
12745 7365
8281 11652
7888 16416
8609 5855
15290 3336
8386 11970
13728 14071
3658 16885
12243 10766
16415 6865
21119 573
20203 18739
12616 4861
16239 2209
5333 16845
945 20776
19812 8416
10434 15393
319 16558
12842 14328
6056 2830
10777 7330
10544 8965
2749 12399
10984 9120
4615 5001
7538 14590
11680 11978
19321 10255
8516 11302
11781 3021
167 9003
21424 19881
6095 11695
11317 13588
9476 12485
17812 5954
5686 18702
19335 1042
1969 2916
1517 46
5418 18542
9911 2124
2875 7533
20874 8195
16253 4807
15114 67
6028 21970
17358 19347
17678 12792
21791 4641
16789 765
21247 10664
20947 5268
10029 19764
12501 21344
15177 17012
6209 18640
4670 16490
17561 15510
10291 21835
9599 1722
2560 12230
8480 12093
19421 21703
3576 17536
10001 14045
15803 20448
7379 21911
12684 941
10484 14278
16955 8768
17215 17209
5403 16382
14065 13436
423 18303
2696 1429
15 19826
16152 10515
77 2359
7444 15825
3661 21673
5372 12229
21864 21576
13850 800
8685 21106
5610 2194
5060 4945
11684 19764
16014 9884
6196 8712
8568 2806
18219 7773
4971 2099
11463 19014
10 12490
5852 5905
18932 5844
9953 10166
109 4512
12561 20603
15475 5526
19374 1201
7332 7002
21923 7122
21165 20504
3986 12707
3147 3241
13761 5286
13749 13799
20103 19898
13719 15088
3248 21759
6337 3565
11660 12222
20761 18326
15013 3788
10032 9240
6872 14462
5335 18609
1051 12506
11114 1580
7468 6759
5876 619
21756 12211
15076 13383
13723 9474
17895 5573
8282 14038
14213 7351
2560 13113
13815 12711
15871 11752
7004 6781
18168 15237
21569 5272
17595 11403
3206 15704
20739 17762
1788 10237
6 1376
2488 4498
2696 2312
20351 13830
8319 10556
15375 17448
7229 9730
678 5682
11482 21968
10716 14887
9025 12789
21405 14711
10964 12328
18498 2702
8262 20579
15666 19883
13976 16289
7171 19150
2186 11608
19031 1709
10227 3705
10124 1626
16803 8339
20431 20898
16591 3846
5828 19348
14531 2668
12155 6883
18944 1862
18877 21285
20372 14023
19769 1158
13533 6571
16171 16060
4010 2427
18515 1312
18825 22034
14052 311
5913 19168
2061 6486
19048 19711
17009 5532
20009 8085
16494 10041
20453 15301
2650 3030
12174 6873
745 5618
16397 20581
7241 2087
17697 2643
16397 12853
14263 2192
563 7649
11643 20047
21110 8718
3538 2710
20428 11164
21055 3189
9082 867
17616 16803
19005 6113
19985 21296
14448 14144
1456 14992
17723 22006
14328 4056
4388 7288
3967 14205
18711 4884
14322 17158
10570 6226
7111 8900
19821 1343
10599 4712
20664 5904
2004 21074
7847 20196
564 16114
6516 1816
1222 17511
10679 20132
14820 5398
14769 18907
16344 4206
13401 11837
14072 11776
15075 17000
11117 8178
931 20723
3794 3120
6305 20449
15558 19448
8493 15625
8664 1592
11 21247
13310 15137
20617 10882
17465 5076
1035 4457
6120 20259
17280 13698
18614 18905
9426 13699
17719 19258
16961 13801
13543 5518
6525 18852
13066 19328
21982 13080
3481 1325
13274 16504
9907 14008
11931 3075
7180 4968
4642 6232
21837 7594
8209 6129
15953 14627
6890 13473
22027 21983
5125 1662
6374 16216
2890 6002
13931 21032
9501 20128
4148 2848
17320 11123
2363 19024
12318 3348
21182 8722
16826 4320
14285 19579
2400 14252
21319 16132
1084 12705
11103 18971
11054 14914
12596 16623
17354 1708
15889 6109
15066 19133
19275 14705
19144 8852
15165 4208
5483 14566
9922 2607
20127 4484
7774 19023
649 6073
15357 15489
13736 14044
5670 19087
13863 20766
8394 19756
15680 6236
18764 18057
14414 13815
14023 18131
5793 1666
525 19485
8410 9937
15880 21838
7196 13654
16416 15811
15468 4223
10431 18182
17539 3164
21496 13827
17529 261
1780 8634
5180 18297
13003 15419
20032 4080
4912 15773
10519 1527
6757 15571
9098 15648
4804 6791
20682 1421
14936 20433
10433 6707
11078 20100
2580 11814
22030 10620
16997 9274
9498 19037
4273 1763
18187 17851
18689 5036
662 5364
11225 1702
2407 1511
20445 2281
9087 3610
5472 15979
7837 4781
18484 587
8284 1714
1706 18618
16459 4242
20433 6184
3790 8453
1533 17500
16224 8662
18800 14155
13996 18108
2407 12514
18548 11984
9769 9161
21161 1000
19343 2770
14223 10050
21397 7809
10784 14130
4870 14310
1762 5021
3621 8918
21182 12170
1030 21430
7318 2243
21573 13669
19839 21143
2007 1410
12883 4395
1898 7510
16714 10452
382 1508
6959 8173
21238 4351
11307 7094
9437 19403
6276 4589
340 10114
2521 2691
10537 9247
15011 11655
7962 20343
5053 6308
18638 18922
19825 3285
21417 10136
21368 9277
3820 7913
7428 2887
20587 1658
16975 13395
17910 9817
21266 15681
20453 3384
8917 10448
17125 13568
13810 1356
13553 6947
14054 7049
11310 7899
903 18984
119 2580
15547 8759
6206 9647
18357 14190
15461 16563
7542 9302
4140 19271
4056 21901
20706 6839
18209 4757
1408 10381
4764 16511
7476 21370
7121 9393
1238 15684
17092 17196
6794 14633
4259 16231
1621 21721
13675 10943
20050 16225
4571 15908
2064 15502
10315 17797
11620 5679
652 14433
766 683
1553 8089
19046 14541
6047 14038
8225 19372
14308 2080
17647 16379
7939 1344
15139 12710
10935 19468
15388 4146
18098 5289
6536 1784
3912 12838
18009 2736
6129 21776
17695 6103
14196 2032
17857 5878
17649 2694
16024 13904
12842 5446
12661 11707
8182 6560
16651 17708
11750 2252
4278 10577
10158 10075
5600 13452
3564 2045
17534 17094
1640 15466
15348 21878
19690 16668
19507 16546
6181 17226
17389 12691
8123 7157
20070 14939
21974 706
17487 17018
254 16978
21050 10529
8697 4768
1061 7509
18136 19535
10069 7006
19647 203
20505 13740
6901 8282
4301 9900
20093 6476
5997 2399
17950 6283
6935 5800
585 202
9723 19056
8274 6283
17212 9099
15651 4487
6324 8391
15586 21768
17609 16728
668 17354
14195 3460
10143 6294
20403 17870
9089 7111
3167 7467
7350 7224
804 2352
13542 11567
12950 9706
19545 5308
2561 12617
21107 10788
6718 8673
40 14909
6698 7419
19927 16606
12798 14797
6370 14527
12633 17735
20195 15868
15834 2900
11019 21253
12519 2666
1192 3637
3279 17304
15362 6962
19826 20202
4062 9873
11579 4179
8439 14563
10578 12736
17502 8892
228 21237
18230 5280
4736 20785
14574 17505
10083 13287
12078 21129
11174 9993
384 13649
3792 7366
7860 16468
3391 17230
15313 6180
13372 13212
13181 6325
3176 20868
14098 3373
5800 18152
13368 16890
5602 3498
10375 18805
2022 4601
13943 10525
12729 12473
12396 3367
3130 18398
10195 21583
13591 1362
10755 10022
3187 12861
3752 12410
4814 2377
15406 16678
9902 15332
16048 19708
22007 2646
17282 12032
21866 8421
19774 7556
10181 9275
15873 1483
18929 18755
13698 4705
1720 8684
1138 9231
12447 1481
903 10002
5456 2760
2034 1942
7400 7784
7267 609
8673 11965
3167 1911
18671 16896
15475 10755
2515 13096
10382 7292
6098 21977
16515 21379
21801 1857
13233 7736
9347 21448
26 1340
1072 2325
13333 3393
9908 20469
15234 15509
11773 9851
21319 16379
17339 18235
12651 15867
4811 16069
11503 1890
2826 13115
5708 21540
625 12343
11536 14495
21262 159
2526 436
19552 12457
7643 17173
8438 16361
16302 11943
21080 9658
5138 12383
4854 466
20921 16840
9624 14127
144 8255
7992 19434
548 10294
103 4022
20319 18577
3767 5200
8154 6371
9479 19523
12797 18679
12670 16509
719 9739
2311 18805
7325 9149
3457 16759
13546 11075
8667 14131
673 5836
20729 8919
17927 5298
4748 21861
12096 8136
17231 5631
3231 93
21538 12620
2145 18485
12821 3064
17997 8925
825 1396
5932 19846
18326 17731
4376 7701
8274 9338
16990 10613
6714 21166
18341 21539
19919 16935
19182 6168
4299 14427
14234 3877
6465 16117
20393 11341
133 2049
20524 11910
15838 7633
20 18387
11048 1053
18859 6194
16060 4973
11672 8990
3444 8930
2082 5610
10889 19755
10229 1889
18717 12382
18616 13907
21557 3054
12239 7681
1973 8942
4106 8383
9402 1823
9607 2112
1505 11582
6931 10910
17433 20213
21628 5944
14397 19988
8375 19174
4415 12786
15837 10395
16903 6699
3372 18344
2260 15922
18576 6613
14008 5330
3475 20657
95 7525
995 3086
4976 14228
8333 19154
16754 13867
10094 19627
21188 13758
4834 5284
3560 13417
5627 15357
21727 7885
18337 4768
581 14221
16055 8910
3082 5836
2938 8415
12847 11691
4749 15533
10612 3342
1553 4145
12300 15085
20704 1901
13893 21572
5308 21540
7186 3542
21001 20325
18394 18749
15653 994
1870 1907
6907 15912
8861 6226
22027 13258
16718 18765
8948 4882
15124 10858
1043 13240
8647 16819
17041 5162
21087 4154
15796 20412
12143 14212
21242 14385
16305 20060
21559 1260
4025 9594
8249 7769
5316 16417
10700 4222
5694 12656
4864 12086
21280 5637
4313 6699
20817 4006
3554 5664
12053 7987
11993 14129
1760 18865
10136 17511
10980 9501
17176 5858
20085 8293
21420 15531
20854 13579
4354 8169
14565 7237
4538 11404
3518 8198
12288 1896
10770 20780
18099 13229
6541 2598
727 15554
431 9139
8706 4701
11449 5383
3812 14953
21091 5426
8181 6313
9323 15371
20456 6721
10067 513
9453 17732
9221 16263
3580 1734
14081 10255
1265 17830
13583 3333
6331 10579
6484 10443
14670 15610
1283 18372
12650 14239
21672 11456
7370 7503
2530 11719
16044 18940
978 7155
2825 13967
12113 3310
3014 10605
21331 21456
5154 15647
5281 10126
19968 21963
12725 1070
5218 4413
2188 2771
17233 9886
6086 7935
1677 21314
7070 19562
647 797
3735 20316
20540 9707
19096 6583
20740 21172
15252 815
6232 7171
1122 12775
12340 14032
6508 18891
16237 4450
7079 9295
9056 15691
14371 4040
8885 6504
3277 8039
21425 18852
5526 20227
21212 12063
14850 14219
17692 6127
3089 16884
21008 7839
6209 3000
6661 5641
5549 7271
11838 19311
17497 3040
4396 5113
7033 939
13632 6832
9996 950
11348 16005
7795 2802
9894 18609
791 19863
9278 20183
2655 9695
1588 14694
15729 1597
5766 14974
2659 18741
807 3857
6496 3824
8213 8949
20695 6867
1521 19829
15942 12070
17437 607
15630 1861
7024 9699
2012 2023
7778 4568
652 4491
8984 6099
451 10099
11865 3826
10097 19826
12574 13299
3254 19048
19229 1453
16926 1866
5190 6690
20776 8876
18332 7852
20761 16480
15016 13171
17513 15927
7132 2749
1695 8861
20048 3748
2061 845
11194 20524
20872 21164
16644 11807
2514 19666
1346 14719
12684 351
1285 19993
18779 1760
2266 3321
1219 17769
14522 6754
10086 12860
20220 9430
18 12825
2101 12909
10960 10391
17908 21393
5324 5448
10547 17657
16450 15073
11145 6092
7035 11545
19391 8909
17960 21296
8337 14850
18330 15645
20818 5341
10645 9454
5574 7959
2778 4232
14076 11147
7241 19993
2363 6915
7647 4990
5970 16382
21203 18593
12978 15161
12736 11463
21789 14000
14778 1072
12696 17842
1650 4211
7127 7031
4297 2216
17960 11366
4373 3486
5066 16398
4940 18882
817 3491
14585 12169
1491 6294
17842 7294
16607 14781
12533 14787
19846 13644
17589 10268
793 13198
943 14683
10489 14938
7831 9604
15403 4929
13883 18928
2331 384
18139 6884
11925 9692
7639 10867
13494 2873
6188 2451
22005 1186
7743 1247
17082 9654
6393 11636
4636 733
14311 135
18606 11580
5649 4658
5700 20690
10237 7725
8452 19126
3760 774
471 14449
7257 6470
14920 14894
18952 10504
3162 7356
17430 13239
679 14334
16397 11635
5727 5228
18748 11268
5186 4123
17513 19774
15055 4443
12979 319
9124 16499
3592 5112
12266 8748
1401 5958
4319 6901
5872 16879
18936 21154
18330 17143
4891 4174
5635 162
10495 1968
20026 3635
11046 19369
4764 14198
10229 11382
14597 12231
4747 9944
4463 15289
2325 15849
10787 17573
11709 19834
21790 591
15717 19437
4015 19973
13833 14320
16088 2496
1531 15880
18805 12202
18058 747
13824 4444
13348 13869
12007 17811
20314 11370
2703 16186
584 3061
12592 21619
6237 7010
8823 14799
19266 12496
18981 6356
8768 20870
4644 2482
10375 2558
1179 15284
20982 5727
8903 16076
13254 8205
2725 6038
16994 18790
14098 13176
12465 14317
17968 4623
2967 9034
1477 15328
21054 4476
2543 13173
17425 7084
9364 7430
5363 7277
9011 338
6317 20602
3004 14879
12356 4323
2252 13374
16979 11320
15461 12411
11233 5980
3685 19005
4802 20837
6111 13299
5833 9270
14905 5139
20057 292
5538 11308
13839 21560
12143 16903
17223 20661
21448 1231
21144 12568
14014 14852
1391 11402
3057 9880
2940 9444
7224 6767
14761 4349
21057 936
16005 1297
15373 7356
14212 10033
20600 13385
15702 5811
8206 14942
16859 5989
3375 6109
10603 18514
7208 17646
20630 7522
9102 1758
15381 13605
10960 735
5089 14054
9545 12801
5844 666
1362 14061
3683 3494
477 20986
4547 17154
15233 16973
5897 21174
10160 12287
12780 14848
14009 19890
6554 9429
16522 13020
21391 17827
13438 9421
10140 2515
1805 10694
7293 8456
8092 14817
18530 11941
20533 7072
1705 6442
2051 8019
16581 5463
20326 14815
14383 11441
10704 4398
11200 9297
15051 5161
16437 5491
13430 6605
7486 2821
6553 3928
4538 20874
20041 4781
10521 7287
12520 3122
2417 20540
16670 5698
20103 5595
5780 21919
7225 11718
12933 8894
20388 5620
20315 19105
8043 16487
13762 13965
579 14199
9951 4030
18555 18340
9827 961
12697 18043
9680 799
19986 2957
16665 11194
19739 4428
1529 13382
15071 6176
15291 19914
10381 7936
689 17197
8997 18003
141 18789
17073 1490
6529 18199
259 10150
18786 4924
16434 191
10225 11745
19707 13871
13264 15687
17043 6050
17024 11778
19143 12108
9504 550
1222 12039
17430 5412
16691 19747
4005 19030
2148 14419
4613 18126
6116 21305
18531 13651
11488 6698
6731 3529
1327 9100
5446 19911
1410 1370
13465 2449
14936 3232
13131 883
18748 10508
14287 3460
10207 18884
2343 17646
20857 17405
776 4094
13512 6703
2669 10613
9426 15402
20633 16012
661 1259
16552 10646
14983 15335
3040 7901
8222 4159
1050 10116
15703 6090
2622 21010
9801 2080
7694 4942
18245 2438
12090 606
2049 17670
10588 19986
12711 2610
5352 21838
14024 14210
7542 1632
16938 222
2786 21877
6768 6704
17944 6009
17966 4599
21996 5798
10304 8334
8484 11455
3222 15762
17374 14752
21051 1046
8795 11762
5233 3843
14324 8967
6509 21877
14019 19442
12198 6797
17275 14373
988 21759
17946 5272
8318 7235
19115 10039
11979 19153
9298 10080
15678 10373
10112 10742
2823 7520
17043 10437
12065 8087
8316 6083
4384 14432
8498 10935
3805 20683
18090 3838
8394 12949
15249 14109
10523 5860
6339 14631
3384 16280
7291 16017
5745 947
20000 5017
4293 11029
3475 11745
8613 2676
13782 12550
14158 908
12850 10397
10179 20665
6813 19366
10305 12439
6363 6743
12325 712
9523 5084
7132 14689
19050 18652
2935 12904
9969 3858
19779 14331
17761 19194
7839 12043
12553 2009
3515 14009
9160 2678
676 18728
8783 3594
19324 8395
618 21383
3489 20408
8873 20148
9100 6541
12068 13492
15014 15400
18664 6664
18178 19459
14282 14813
19953 2043
951 11734
6705 3459
2828 15679
18805 11749
15947 15546
21263 14248
6948 13394
4779 2
9004 14049
8400 12851
4345 19323
435 1761

