99282 5302
35274 52755
81200 4607
93261 80003
22499 78676
79207 78058
4923 74590
85266 15937
41215 77258
42098 27132
96944 34211
13934 89813
51897 34706
1797 50235
52105 74750
57661 26301
22896 84620
31704 63792
39775 92161
21633 57893
36130 97305
13287 72861
42636 79738
82549 59118
10513 24341
52626 91081
8096 15463
13435 6155
58795 60279
3466 26399
26204 29623
50009 82522
53532 96148
95879 89190
18265 97374
78303 8287
24994 66266
28478 94156
7354 51578
94208 39687
35087 97857
20800 92900
53204 294
92838 18957
36870 40259
67553 87083
55705 81314
36154 74468
48699 729
64200 22533
19637 15493
22945 89961
77064 48039
93137 53790
81194 53446
47325 81772
35834 7401
60793 21025
18065 24090
53185 72846
73993 81189
88843 84273
41400 23103
4235 58484
17101 61203
21999 23492
53444 32961
74757 51319
23100 92184
20974 21254
78540 739
64187 74046
70516 44051
56522 73318
22920 81757
90497 64077
82814 30340
46305 36039
77316 11510
23068 32350
59153 88433
66743 70678
77143 38091
10595 27347
18296 37009
17826 385
83779 26003
57916 48109
27697 98467
86968 71503
28198 90532
72963 92539
69394 70580
17738 9963
60773 85380
74811 77178
96427 59882
57263 27141
14692 63630
76124 28033
93636 29394
83668 36765
90808 51012
62438 80636
65892 12848
4606 68952
95262 13957
96362 7334
34338 66670
61482 65666
4299 3652
54037 11048
79827 39351
17019 76425
54999 95352
74189 51480
56656 77306
40013 78114
62538 27337
52656 78317
93494 16347
19156 52280
78201 27942
76808 95524
39019 6407
13560 98297
25316 63729
91972 2659
92832 7718
14214 35479
43107 6384
51536 79575
18254 13868
53828 40348
37223 18228
85040 21407
3794 62058
75603 36816
47060 94482
67316 68606
76175 92332
37833 787
44314 2115
17144 94058
92586 11876
41020 4335
75868 50417
15640 73621
72246 41730
94414 51971
9294 81728
20142 87467
77479 71330
58727 87320
19298 84604
39939 18646
32130 97309
43410 93108
35231 28201
52940 1066
78837 24062
40287 30848
39041 70113
56154 48545
33747 69220
43350 8208
42772 83816
17570 89160
76785 49055
43387 48922
93720 64893
57464 97345
59594 95549
44430 14209
82710 28473
37543 97843
15482 96029
83180 45391
20481 70852
60400 93848
2821 33820
51544 31143
45335 15227
3330 37080
57420 67073
96421 7498
7596 2455
84932 75032
48586 68371
20606 56042
29343 49563
2537 73028
76789 67324
98534 9037
13726 31970
54324 76946
67231 68591
61168 54419
59833 84530
17724 75064
46985 83851
32804 44904
62163 52240
1889 60281
94279 7957
27728 3294
90255 41297
94266 74568
36575 4005
87161 60315
25759 11804
41573 76442
97753 78637
7860 51307
84425 93499
23075 38274
23109 31213
18945 33806
25199 69386
52230 31029
70622 60547
93868 3380
24269 46777
69194 40105
41058 30683
81309 22661
65246 44430
84226 30519
48032 68575
75052 95320
40617 46926
83463 70426
49580 63125
56752 32587
64644 32203
65248 31149
47197 877
40579 2698
37302 67113
89553 9725
58837 85584
81142 94174
49069 21373
26975 67906
89935 43654
36121 33487
28743 21031
56755 72912
26931 89834
65918 11601
34814 79767
77894 25597
8880 55095
57222 10389
63612 45601
81111 15209
47665 39208
14159 56511
43185 80936
85820 91118
82730 23410
20414 65605
52678 69744
31430 39666
89530 28921
4452 91923
17512 30671
22046 12039
69890 8262
46027 94248
45665 61587
96401 14111
16051 28253
68672 4518
81478 79839
20878 17952
6341 54992
34652 24495
31048 7305
3386 6397
46050 14836
52733 23734
18024 94228
56980 85649
95113 50467
59795 22600
43321 2461
91577 85059
341 54997
34416 71816
16904 58397
47157 93788
16395 74735
79316 27924
84415 65438
27844 13336
11579 21415
19004 64656
8397 59043
32214 67185
21747 49797
75594 2461
27992 12453
94460 11833
90382 94252
33820 5753
8011 7679
21642 29449
42729 66749
88214 23325
9773 61070
23300 94797
88992 74102
88263 48063
42230 66543
14698 86161
35317 89879
51273 28091
20664 55552
15707 8753
81529 1414
311 70420
72832 8423
59112 10030
79753 24612
98836 93877
11122 28736
13479 54229
66820 46914
67997 34647
72300 30183
66428 37944
60039 4125
92689 17833
16273 10904
53520 32204
91526 66895
97890 3084
6168 71116
81486 73343
32559 64361
80293 70740
9762 23754
70124 92350
64059 1729
61236 59706
4620 86156
32197 58589
19395 10219
24859 12957
98777 75593
858 38067
8500 62583
76999 32639
62920 60960
9524 40689
81430 10913
86634 16464
25234 75664
92715 89767
44141 42966
49701 94424
95443 66612
41184 79480
63719 23756
74269 76901
13914 91928
90085 18257
1641 86047
45400 51413
80332 66641
96418 4145
87492 66308
11396 67951
25214 30995
50712 45651
52150 44271
90839 75995
17730 25956
97668 37884
85220 59770
1264 97966
23433 62830
62611 67923
26298 21775
9027 9923
83305 66530
66655 59226
19378 45071
98954 15064
71989 44592
9533 94886
25949 47083
6041 20486
77280 90449
26864 39017
87796 3097
32192 42877
81661 27252
23872 95953
7922 10523
54023 9439
91297 281
89366 1499
64302 24224
60985 14904
83357 31657
76893 74481
56467 74541
14975 21889
66297 3894
69531 82385
7788 44198
73227 16870
59741 45668
47072 91758
63856 17061
95094 31613
16744 24436
29555 27448
59083 97117
98388 93647
38218 50067
19880 26181
57872 60983
84666 13520
44625 37338
95684 17721
50927 23913
32472 62784
83133 6648
28738 11253
92788 87584
97826 52041
44913 49940
27755 19040
82856 79107
75230 39488
60773 90043
75251 65440
83303 96765
98606 14181
55019 42920
8877 53765
35133 70729
28907 66365
90594 73358
79260 30721
16532 51280
85189 93602
69901 96937
4848 7483
53410 91319
48451 97650
46494 72801
31143 23880
98261 35191
31883 85396
47877 88868
54680 12447
40960 9816
98220 92466
5583 66790
83268 43025
6913 68351
76358 3613
79873 38252
68259 34700
45382 29331
66165 42542
11297 56083
37839 75885
91376 69448
81141 45213
33756 24200
49450 27380
43112 50947
80330 29200
43733 94570
4380 12881
37667 61441
72620 62957
41432 2176
8639 79465
29146 39107
27164 77284
75953 20021
99007 39989
35086 32160
79498 18093
69269 99022
51723 72184
55920 61137
39312 85092
41970 5090
98815 95338
35834 64978
42902 29916
42881 33240
18366 39551
25269 63499
72613 1490
69460 60050
77057 9733
75549 97485
77637 74000
16671 72365
96791 31114
12467 77774
3092 64260
16104 35771
2620 65433
49989 16020
53628 47019
12390 32450
88195 99009
74810 21803
21041 11638
10181 1644
93409 32403
69407 64566
77033 15768
14640 44719
5110 69992
75526 34990
54779 36456
60156 41935
12607 58169
24722 86095
93591 86192
30252 31012
53342 36610
24292 23879
24354 93926
27342 35558
13772 88831
94826 45206
80511 61384
19832 94717
72017 5447
13006 71891
23602 1043
93917 42217
2788 45795
36451 23945
65161 1330
49167 64583
27080 23907
92114 9591
66453 1589
15142 72138
72158 38159
84682 68993
96415 23218
9547 34393
571 25543
74279 48557
88576 19183
40176 37237
87047 22596
80941 80929
69455 21720
42117 2213
60819 95730
36521 91385
31625 60323
74335 97511
34885 62952
89125 73641
71055 4015
596 25320
56746 27821
15890 45828
56257 52210
64019 27136
23204 15373
76061 46855
88528 94188
94383 50731
98379 22661
73428 84513
507 73627
82896 11033
79350 79461
36185 50509
18265 49582
86223 18762
46607 51417
27026 37229
4544 94240
60277 8790
31247 18891
84626 17530
74326 24162
44077 37414
19414 77267
53903 35817
78182 62514
65671 67311
70613 71401
6732 64462
47260 97594
6374 85362
36593 37744
7936 21295
80755 3729
12197 2770
92355 46781
14754 31290
48557 66790
98097 70522
52379 75279
35275 46342
80468 72733
34674 2553
53045 457
60747 48702
86215 1406
3266 46401
37982 87897
88771 95975
61562 56728
45163 44576
35271 42143
83861 9809
71975 57062
9436 4941
79505 26232
92825 9681
12174 22626
54348 76315
3421 90867
61820 29036
42233 75571
60661 48123
80506 88664
97586 83952
50963 90552
80738 32798
58542 79091
40061 37221
39611 96799
10502 49193
34783 25453
3296 2054
17935 91800
25942 18787
2874 22481
51467 33280
28926 23925
5737 30520
14327 6086
36338 10257
37751 78807
50583 45432
40014 61739
10641 41902
94842 91661
11739 63233
27971 73178
19457 50389
74073 4318
24976 4768
85196 87833
56447 12654
59947 44312
11300 82905
48579 12119
25487 7845
79293 364
32816 19133
26584 20953
12106 47727
76408 70416
10095 75488
35454 92695
56377 28409
11146 34974
49687 80275
3835 16829
38253 4977
79032 10401
13345 82889
66114 98797
67851 72867
993 60914
83056 24622
61121 11879
18388 14563
79188 85600
93862 64780
72355 45324
17616 38785
92445 34176
76927 72512
67482 87535
37899 94720
3948 25471
10241 4642
25433 48780
31081 59741
30656 11684
55537 89225
39759 6494
87546 46011
13293 1963
95168 48247
8168 53604
43836 38658
72436 96186
5823 23166
68358 47326
96776 14969
12645 83901
73807 59060
25857 76411
38464 73308
62470 47909
40212 59810
79049 89712
24342 30252
56619 33098
22384 73152
41864 78546
29979 59713
27462 46807
4169 56920
36604 91156
38059 12145
25545 71584
74100 34570
67268 50920
17774 53454
22988 56017
1984 15719
97106 81824
57502 68224
22795 48388
58798 21125
18615 44742
59112 84748
52123 2144
14972 10591
68994 5660
73997 8003
33744 90288
77165 86140
25631 24429
11801 89146
49306 12516
93758 68966
80252 61191
9642 73733
93291 25931
63186 95299
77456 97579
73681 86398
97322 33547
59543 77363
92781 64446
60379 56401
3492 41512
74367 86847
96907 69145
93265 45018
16611 85738
90022 54343
25234 75481
66714 91569
89867 17730
62835 10573
69380 29629
21764 51057
12063 34569
65449 21843
37324 67254
16599 95311
50563 58177
53064 11705
28909 36456
85180 10725
44793 2378
9294 32823
96561 75287
86111 15664
47710 81162
13102 78826
43982 52831
35280 70342
55153 87304
44570 74400
58330 49517
13329 36653
68816 93979
78975 19895
94094 32000
98209 80927
2402 5105
27423 17887
70925 66352
3889 52141
63262 94623
18412 52881
97471 92948
65634 73112
33503 13165
88356 54929
76061 84456
34204 60689
76714 61868
44895 47233
7483 73352
70598 1231
79791 70617
26073 52052
53961 67007
33349 32188
56050 23745
29393 96022
73994 348
85392 10957
1720 21097
86990 29191
73108 26269
73601 36755
19946 43614
31609 15308
5187 91774
35960 74018
84490 80331
38679 50629
62515 29508
47354 62254
99021 89031
60293 27810
72230 38431
88179 6209
12984 44928
19792 8744
50750 14419
645 94865
6177 33264
50456 72524
9764 7884
39414 96461
17489 87109
43581 9132
53476 84940
70506 80636
39926 16971
47131 91471
15707 88800
85467 87385
6553 83327
37921 8037
64504 83039
46766 89508
21584 60041
45388 18966
15814 72280
37536 65731
46834 58831
3276 95404
49884 97800
23259 80481
13221 76008
59442 35887
94772 74802
79829 70480
94260 37888
50203 30720
64473 73122
3807 2085
9487 80706
2002 94919
49706 25834
31701 16912
84281 78210
31043 77773
4938 28898
87193 68196
78789 45316
64873 6115
65229 795
46606 73330
35423 6474
78195 90068
32108 71573
63571 40200
50944 8837
72632 6905
15836 83032
61972 80185
43930 99223
49589 48014
77717 9731
661 91118
79301 54714
31196 7748
67064 19214
68261 62805
42930 67739
69130 81913
6807 13875
80122 49201
23066 14612
33125 54348
44079 56312
71833 16327
6876 97817
42566 84845
31118 93599
99130 26384
57872 67500
57001 72374
25066 91859
88448 19365
58984 34607
27115 41880
89193 2974
6093 69714
7417 60355
97575 95715
2847 82676
14757 71472
61490 96265
41652 12316
5755 14607
49316 61235
82313 16701
17365 76511
63482 58439
52990 46148
20027 7282
66799 40634
42814 82829
47212 34094
78903 3137
76333 55373
64800 51517
3365 9245
78199 61115
15733 51765
38711 49309
35404 78126
96777 73174
46564 1870
10939 23050
88457 30636
7532 61314
35041 79885
28275 37219
86835 23978
82374 11826
57299 68364
28751 35872
70419 91150
50085 5829
85549 14502
28326 42001
44417 21728
43016 50236
2497 29167
7757 23767
53157 26514
64757 36089
98312 21122
89151 40105
22997 884
48220 7199
24068 17726
93416 32841
12324 43377
18729 56495
41356 84320
23811 94365
90593 18845
48399 15428
43074 49251
24565 55577
83187 84127
18833 66122
35454 15799
95672 60322
32336 79978
24046 83507
46676 98569
54012 53873
98205 11358
86206 75444
44832 53595
17725 36990
16030 50499
89090 95169
40157 1712
36549 60402
64061 92039
79510 59265
78737 99171
45077 46838
86052 45004
82658 15758
22001 92264
40372 70432
18365 48704
2289 98827
85215 61247
14069 14668
37486 90382
65802 26523
21001 75009
93709 98057
89839 27269
92068 4016
43555 71242
9833 38969
97644 43441
52644 46640
83608 29206
22866 93250
53880 64000
16631 14757
22856 51070
23673 78124
84676 18470
64639 76729
61586 83734
29786 82210
31300 93886
46681 26942
66140 77741
22239 15944
24648 69146
31847 23021
14739 31835
83986 6480
94535 3063
95865 27750
87293 33542
5685 85855
60910 70107
41778 15209
52971 77091
69387 91287
72678 95939
14782 8685
65792 37407
75854 8208
1217 42788
46150 23734
88847 83089
70927 8563
7906 73866
96187 62981
12231 746
96450 82804
28949 72169
24752 17696
49537 17921
58500 78214
84383 54774
78847 61996
57126 21148
64489 14004
33332 66294
28728 87045
48005 3959
7695 43602
90457 55118
23486 82178
59689 28629
14559 73220
58194 83139
4315 49165
7974 96092
95012 65592
53459 57098
89956 55711
44531 96705
83556 71489
98168 35037
67844 17607
30477 43203
98993 97415
89753 92656
26352 70075
29135 86106
65149 98629
6417 84702
21429 45740
36751 66310
42771 65065
98867 88500
83490 75578
30637 40014
98213 17265
66395 33629
76778 81376
44637 85746
35940 32217
94387 31379
14797 84607
22358 20633
21290 74951
20605 90309
78668 59754
73101 67626
54972 13406
42607 83521
68606 89074
8124 6009
40458 21504
86380 22111
55214 78782
75564 18539
84381 66471
8102 77792
15731 34661
63980 53527
2418 78434
56475 78708
73880 38293
73315 98187
90908 7084
62890 77467
42987 95833
47122 79707
9558 68737
2308 95191
34621 81250
2472 2038
9970 35204
16426 17816
27986 64408
50219 12291
67140 72554
41536 67530
71731 1768
49482 398
83713 30333
80419 67454
19149 98656
8113 15295
11317 31319
80314 96192
56272 58067
13380 52393
93185 14773
68076 22789
87110 59853
42520 45577
76802 85771
69610 3333
31395 65049
66968 95091
26096 34765
85724 42333
8868 67377
85260 7409
3086 83928
4565 6735
89277 52997
10984 29321
11296 70240
56239 33178
21748 69334
53360 71332
84490 98631
55659 46337
28476 66863
19404 48920
65559 29908
83370 61861
69816 94985
42990 49501
13575 48686
97061 3630
16534 43968
92864 70785
13604 72772
80452 8903
76999 97938
3826 48143
58966 60661
68478 84272
8568 51125
69109 95106
4689 46010
90653 20550
12240 81254
71139 25371
8655 46290
74444 7475
88914 42354
78000 40691
45982 49790
33597 48835
75570 3995
43990 37937
39829 37566
39037 52276
68641 84518
51876 35119
79024 98559
6255 13916
54380 21641
71432 41262
38821 93453
47407 27435
108 80061
636 41748
97931 71984
97301 14662
85269 15552
93238 44139
54169 81622
55650 50141
52182 27066
91051 32828
94525 16993
84471 84862
43566 69126
19110 57062
9185 33770
74538 2238
44178 86363
28244 45523
39763 82729
63251 98051
56638 3949
20399 31615
10017 96043
14532 75183
3375 59563
95107 83790
1174 3708
19300 86704
83463 1714
40410 57707
67653 50229
78248 54098
29324 50046
87563 16748
96388 54439
5924 36005
2180 53450
19531 96264
76866 52202
81252 41845
90144 28070
68616 71079
6662 97182
52284 9410
66595 29478
82981 82227
38099 23712
42121 69001
7394 39424
2156 26826
46756 35899
90838 33217
4223 13310
32331 13258
66637 81917
31692 20855
26449 38761
83471 97151
7779 43678
95938 36028
80430 8394
77565 48173
11055 89820
93444 81348
47834 54376
23868 98836
67513 27671
93632 46875
59721 46608
92304 36234
24408 2412
49896 85061
548 22092
49375 94599
10878 50509
78953 91392
63400 85384
33642 17626
3478 29259
71192 88445
94307 43657
43765 4423
75033 31161
57431 81319
83826 3151
29430 71102
76607 91442
4862 52640
4673 57814
35913 26692
7939 78688
80583 35255
68419 15546
5606 74907
65107 26003
41689 85544
60502 75428
13096 1079
36510 22602
55163 58577
17819 98386
18028 20171
79462 37897
32193 7876
35096 37558
93491 21998
78457 50355
88618 17486
27280 83980
56795 37441
19648 50474
2746 30117
69417 18108
65398 88302
96869 42295
64817 23554
50483 81827
8950 1073
10878 7959
98975 7833
96556 23755
35233 59790
7932 77843
49839 11509
16289 98204
32844 24667
46021 73062
32868 47426
55332 75257
2764 91355
81453 7137
44040 63061
74882 80831
74974 90219
55179 37192
7485 62642
95935 72174
24255 89461
75328 8423
34749 97597
64593 28373
63835 37820
25135 54232
54939 83381
872 69358
20699 3412
42808 75863
97171 41949
39417 26886
53549 48709
79529 80556
52270 39236
48312 47596
79136 48316
26225 504
23725 31070
67226 5977
72100 5237
85427 15484
49579 74068
90795 67681
94042 67631
88115 79398
36108 34207
28204 22459
1834 28253
34235 81416
48178 76885
94126 30482
50624 43538
47039 19686
37542 80828
53566 67964
569 95468
98057 17680
95493 39371
74741 2815
61311 64793
55981 61237
9874 37660
89424 85693
40408 49164
77612 2865
88471 96392
72895 33538
4829 77135
15526 61508
93779 76925
34020 32162
5872 97857
92347 44054
68261 62556
29046 91583
41575 87069
30574 38189
54309 34958
30869 81908
76527 66254
40905 72951
31223 40032
50955 59233
20906 28001
91521 98026
64234 29812
62906 16017
19452 52455
12631 26590
74123 85840
7807 2197
66898 10809
38715 31140
76174 9977
10935 44011
23767 42945
56048 43052
26995 98990
9455 61875
39825 93650
4835 90266
65778 80068
79878 75521
20386 59920
24735 47695
20512 92984
35732 88431
48846 7265
88800 96041
65923 86471
30508 58213
58273 45219
41486 29013
88538 35358
71879 75297
83989 45465
5535 53177
88747 48943
81817 66219
24020 9230
11541 1258
43540 85932
53640 78222
57028 20697
88355 95667
8777 72876
88756 28239
8094 11261
72517 78829
67002 49213
37583 56321
37921 24300
54387 49459
61021 22544
6999 81368
54039 60561
30553 98993
84844 66866
21735 30164
89237 97344
69554 21109
58828 76837
48237 15814
67934 13329
20246 57778
19492 57804
70778 51412
23579 47528
92052 99155
55757 68862
13510 64158
57470 35930
34198 16971
4711 92390
6944 87043
72872 24480
18864 38125
40240 39836
60170 10986
53188 49269
1321 55615
54697 69003
53335 93009
95789 241
58898 84614
10821 49953
25968 65338
778 79845
17710 55987
3022 72149
80313 22830
11745 14767
41722 94354
42829 36473
33518 7402
28645 76260
83656 37363
41664 20871
29615 12897
41282 10337
37205 11394
40632 12443
57163 8684
81579 418
83886 43315
10746 35805
29388 38868
2364 79638
12307 46546
35848 26968
82734 65266
91690 4443
17151 39861
82271 79276
650 75956
61684 67145
51141 36112
37143 10613
95526 33697
44718 90308
35414 63199
28240 40185
83646 21331
45255 57975
24821 35469
95317 88355
97445 48017
1159 30584
65167 24503
41030 73282
39815 95056
70857 25746
97252 29579
13586 72452
96383 17008
84696 21279
73499 21250
88304 12173
57631 18267
25034 65926
65472 71057
83823 1769
31443 88319
11366 25780
76224 456
38192 84739
10389 43999
95691 2878
39108 39634
29601 10439
953 49393
55627 98096
59079 2191
34124 41670
83489 34030
26441 83518
73784 53825
75505 31334
16562 54084
997 29033
37086 28898
16279 18713
25115 58522
79880 18172
14060 70883
32482 71462
1692 77974
33562 57313
96875 91566
26523 91534
11741 57588
126 40565
76225 69701
2648 30928
70312 90522
46960 93262
94938 78602
53842 73242
91921 47357
38474 62584
14051 4351
13676 71953
66803 69782
83856 94243
64959 23384
89117 70500
23733 30746
39958 92208
28064 37799
77152 56454
26797 10401
9913 80730
78549 87237
89202 34828
83813 67175
43261 20588
19558 90762
92292 42644
4195 82663
54860 42447
9889 8063
69734 7981
34425 60952
38549 50824
96800 13150
26908 93414
46467 10950
41634 38001
57426 49889
97945 50744
53451 93065
78529 17964
89860 24611
36766 74894
27321 91903
25467 63998
6805 78484
824 73241
60479 5327
89694 13961
9437 38130
55454 95227
43363 73845
8013 87380
15591 71079
14997 85158
59586 65769
59724 95275
5685 32265
91781 17578
52585 41222
44677 456
60065 96736
49136 63422
42165 85127
13422 88088
56276 93241
91257 1972
59226 20995
59716 96444
97765 12101
60336 21772
24915 69806
45201 12224
64222 53550
36295 63513
13691 66116
72432 89662
76682 84103
6794 72952
5927 11516
722 53069
40527 89549
62633 4372
87625 60547
90388 59630
90479 61963
60897 60217
51538 32647
80365 55694
72486 61911
20542 80088
40260 27970
83953 87815
56665 74582
30689 93364
1416 8911
39913 14276
54970 41516
86435 61517
75107 14457
45640 93238
26616 15427
38903 18964
20465 44418
69605 61277
86704 66192
59229 4380
51616 63963
2240 8920
98547 49336
63530 31297
8113 7396
10809 8455
24410 23
3444 92757
58705 56021
94608 95360
55896 21544
54390 95830
16953 28106
47246 786
25136 50795
33099 7015
74503 18089
29239 54049
15785 24742
65971 58450
56506 17918
31969 80016
25978 34458
21480 6209
32570 47402
11699 90452
94765 9118
66736 6467
34632 77673
53426 35787
41045 92372
49113 88767
69496 87253
88913 44592
51573 37568
57678 65966
65917 73274
16223 73505
58101 4484
1301 78883
36111 59476
44255 29034
29658 84490
26359 10485
67149 45603
74072 42846
50227 31424
43592 56461
96672 84043
78575 50043
88049 71147
6704 94069
5912 3208
1702 17699
75849 68639
18724 71369
51623 58986
1355 96394
62046 59365
4331 42833
63662 51346
30176 47165
91015 21634
47010 86077
27915 8844
65316 26172
36639 28733
65292 24243
83300 34375
39895 77377
31973 47559
49179 35833
75500 78590
78626 25791
50092 51786
96908 13235
98377 15140
84592 37226
89422 23877
93397 54596
5890 17812
90426 99052
40456 81443
50562 12421
88867 9739
28498 83450
75828 47372
69564 75089
76505 70511
53018 11734
64520 94602
69558 83905
61339 35370
1346 68011
93745 5856
31448 43900
33570 28923
30596 50036
29924 60260
72613 56715
86986 71474
34763 156
10892 27406
72766 71940
96510 19739
35690 5390
14768 77256
68419 68706
73955 39267
17937 98655
19531 37250
59359 27139
57617 91312
43043 98191
55262 41729
42808 5706
30239 62994
294 98608
38910 30820
76120 42430
42688 5008
84630 13277
63977 72765
11970 38420
35981 57459
97788 52799
94983 72149
29661 35259
34367 57566
48683 57747
39396 94792
21473 3228
96562 89619
30378 57652
65267 28187
46844 78381
25245 78059
20491 75225
87652 49982
80845 11449
30410 55547
62364 60921
18677 17069
27213 8385
73497 30134
6453 85911
79888 95261
7857 3700
46028 31792
83657 15241
17395 40546
52700 23791
31006 71463
12752 25061
86109 79817
21234 56973
74466 25808
166 72088
65148 87181
98090 26681
5583 63639
75393 77351
78528 76831
30668 71481
78145 76770
10739 97257
34745 73844
48366 6738
90298 41646
73125 39256
80858 36075
77780 74578
11710 76641
5646 86676
7141 89802
8570 30013
56482 75123
18233 70274
29307 3629
80731 8313
98186 23598
27045 78346
18979 20227
95927 370
56146 46958
43632 92656
88640 14110
82932 71321
96733 11501
8298 59109
45157 67257
87584 30989
97868 59546
83009 17732
7561 32657
45141 98511
2659 18813
42294 75527
56288 55241
22646 26869
54333 95177
5904 14085
12545 86557
60070 35176
71679 43228
32487 52762
97654 41779
78061 97046
67613 62608
68682 80609
8559 91263
55250 11427
58144 47705
15609 90075
15363 42542
78093 41240
40362 4826
35037 10999
21002 91031
43398 57897
77252 93736
34800 95423
31290 48296
11484 83039
56066 26750
12227 73698
88680 34385
29966 61977
70459 73423
9236 49272
60143 35007
58719 10133
18776 46042
55112 26270
20981 94526
77705 79586
63171 44924
27799 83317
42073 80118
95479 61793
13735 79048
98149 12390
51863 34625
68832 93882
60257 71312
70419 14007
5920 41893
96890 76939
98641 45282
34833 7007
54628 82628
83130 28573
90990 8464
78589 23753
83124 58485
14834 69089
96334 23824
36667 1281
18636 67312
34410 22486
7585 24209
52909 38746
75427 97661
83594 70155
76479 29520
23232 2727
86102 65013
27664 34594
40204 6295
37716 86708
24667 35987
31280 79084
67052 13042
50401 60490
90143 87051
28420 85208
73434 87919
41209 14310
45457 89888
41819 98455
60718 83158
22493 23046
49001 38834
85273 23588
34297 67295
78930 75333
8412 932
86980 31377
70016 79119
29690 17532
95548 17249
16930 53412
66124 94414
18297 35792
85053 17411
14135 2739
96143 45314
7106 8601
61284 69969
57444 12084
30335 21713
59969 5862
73252 66061
8732 97796
47717 89918
83756 92406
55325 10218
26847 19112
7084 37192
66871 17958
40605 20951
51934 35136
52413 17320
49143 63695
30301 20156
23351 69991
20673 9165
90713 29984
11981 37789
4177 32129
73133 53779
90052 33658
64573 75059
67937 31729
14201 78115
58703 83684
92404 40690
6987 60169
66937 93092
60237 96564
11084 85364
69566 59866
12021 30748
15056 62535
65384 89917
30144 78508
61137 54605
44344 56112
90497 91176
83770 78946
99154 22823
90367 62958
40199 34259
72046 16381
90028 88109
82675 52786
92777 77660
62054 59501
93437 31811
38746 17695
18446 11485
64183 77896
33363 73885
85144 88898
56531 41230
12662 33130
13960 50429
29514 7320
76977 12482
24797 27642
41300 3930
27150 24871
58711 67440
32569 95315
80700 21342
96491 15595
27378 44104
59621 30104
69699 87832
90761 31289
27173 30988
96663 85177
16459 65630
50061 22896
9895 45285
46067 6194
38280 24536
1108 96616
43658 39773
6107 60593
38345 6622
95537 418
79360 37657
5523 7066
14952 89231
15299 46184
28794 96403
84888 56221
28054 63072
59857 3474
92448 74962
77361 50997
98515 97655
33272 48980
81406 94203
86339 46795
40544 2579
68761 89911
66077 73859
21676 66881
22609 89946
56443 62565
90174 8190
56988 47052
3007 91163
66252 34613
59299 31718
8346 37761
72735 32338
33314 90573
54931 44640
8365 1530
78541 23176
10566 60216
17020 5225
61703 82482
15673 60357
13961 43418
7567 13685
15019 197
50100 27828
76468 46016
10870 32640
96141 38744
90371 17469
9636 22644
79673 33137
2102 31259
65380 93370
64428 63876
87079 62257
37163 92654
11567 29656
57534 83963
16532 21864
74587 24666
29794 1134
47097 53326
85615 70939
82981 56694
54148 1587
72523 51554
82403 67455
87263 35784
4125 96304
41380 67269
68817 90690
86377 5826
57833 46594
25846 46641
18225 27102
36709 72690
58691 27865
16758 74999
17253 39020
21073 2322
76125 80927
18155 57258
24226 66824
70679 80983
94739 83433
78033 8048
97649 88659
34587 80554
50328 52355
98762 7696
58118 25128
38901 59475
29732 49035
88813 5695
70712 68449
55001 297
21469 28723
67662 47644
8684 1231
24256 55978
64606 67412
30670 87346
59640 68334
78411 71053
70702 49452
15326 26343
77906 665
64490 92083
93683 70339
76164 69756
75966 16558
66510 51165
29568 61183
35146 14516
25024 12816
61334 98034
61809 56973
70793 33890
585 23781
40752 44627
49248 43226
44567 7097
52577 23967
67794 29733
52576 15636
16995 3409
70055 6203
49151 98354
59949 16313
34740 61840
97866 14724
93462 67845
17494 87201
93369 58757
72051 52298
24168 37690
13280 45061
63683 36659
91434 24255
6870 47060
72380 62043
97725 65086
49481 16470
32730 712
47607 3670
73307 92123
84928 95836
85038 7025
70976 28345
16518 18601
35701 85101
73097 95669
69630 17650
60244 52996
94527 47658
93441 4349
43323 44145
2760 43715
31190 16616
2825 86477
13888 45832
83199 89402
79135 90950
3382 66100
95136 80546
9929 77352
20021 4490
54472 31954
15148 89038
59208 54369
59616 72099
3101 10544
204 24707
1936 71803
97030 36412
31415 98977
26410 4135
43262 64793
86904 52013
91752 98805
3315 63844
5847 52643
60423 62113
93615 4986
28739 30441
34723 64211
33782 93687
41080 21675
65750 14780
611 24549
25256 66091
59752 61275
60394 88594
7877 98241
48396 89482
37317 93673
21135 49025
14089 98169
9813 62614
47411 73811
34555 75486
40413 81790
88859 83265
29670 8561
79835 91902
36846 60695
7333 88621
58359 60196
24452 75169
65494 3432
36600 75164
1770 35781
42750 7718
69310 45095
7518 71260
21300 11427
88664 75869
23432 67017
1276 59947
42664 70848
15713 20754
22986 66930
33671 9895
4617 48161
92588 83322
11325 2176
74342 16954
16315 66350
33913 61564
48332 38303
53866 85837
96832 52321
15893 80886
43946 64646
15313 42404
63458 10474
28369 55046
62125 88364
54369 75053
82334 91396
93080 92923
91864 4013
54431 8317
13219 53484
24724 74018
18560 79685
87429 43124
33590 94256
90424 28715
24394 21832
91652 38896
96353 29826
98977 57124
90634 55091
87826 91240
40179 98271
10144 5130
86467 69171
40989 56382
2486 56864
41428 82093
83389 12841
33820 27067
9495 58348
87791 97261
67224 32118
62521 78756
43890 39342
75605 85081
3123 60050
89088 90923
465 40752
32362 18302
61909 41904
58359 5995
74600 40835
43026 73131
20185 60774
11397 41395
26005 35295
74887 14706
76439 79133
25719 14000
83479 75766
33912 46267
75551 19072
29037 61600
51262 50949
95460 85154
34335 40075
42905 22344
75279 19673
46871 4194
15434 18708
49346 98811
95630 6314
84367 75652
16285 51762
45922 81966
67965 40342
47383 47766
71894 82663
445 86785
17564 82001
44013 31157
38849 72482
48105 8918
60074 30374
66671 53313
45855 16247
82406 40989
98884 92051
65558 13405
60724 18684
33011 89932
21583 36814
39608 22912
43024 91086
23856 8127
81852 17704
86442 23850
82255 33141
94184 62597
24731 59251
53262 8075
79913 14574
47097 16523
90718 71540
90659 47218
37486 94239
41389 32501
88976 3690
77778 72376
90254 13813
86721 61306
45359 70285
55608 55730
26885 1020
36775 36066
1480 87740
68686 32210
32800 26288
33961 2413
82450 42431
63126 83778
17556 84498
19405 46731
64026 80773
2236 17628
38948 50195
73538 93767
14807 29097
15863 95801
28723 76111
66642 14545
70688 60457
59676 6729
41674 67533
15854 73996
71937 79971
42540 61497
71676 23004
25739 34547
91049 42272
10651 59635
88416 14696
22646 81265
11425 68599
1032 83146
541 87258
94448 86306
72294 71469
53471 96294
47184 51152
98763 90648
70880 38130
10368 15266
90928 63458
33558 15847
45102 40537
69513 82437
18431 35345
721 74599
901 1870
48100 57661
25193 40106
98281 76207
58706 22698
14947 62664
56093 10727
34248 89263
14732 34897
3925 97870
93138 98528
20814 17039
95918 51471
11770 82327
26651 12788
35134 29841
11332 5698
18439 56537
59017 71999
49394 59403
9815 41201
54801 74173
48398 46835
72381 40471
34094 19603
60752 22089
73353 67399
2718 30421
2217 19293
61950 38403
96383 15074
12047 21787
93095 10656
81246 77453
18579 74839
70452 83025
61885 39442
18147 2485
35188 94570
77320 50800
40798 74465
16217 71525
11601 17886
27667 73168
12212 7157
25844 35753
94727 57413
98999 25077
97524 29019
34442 56405
11729 48286
23003 29287
21593 72056
27992 99100
89250 81137
132 76515
8437 79976
18388 1217
2818 10612
19320 10353
13188 2763
61352 67305
38527 98084
67161 88242
84128 28942
88299 28459
22568 60045
36896 68948
22700 47140
97472 26748
59150 11935
37883 96598
96861 10500
5219 92525
35379 92033
51993 78180
39772 90431
8575 14258
94799 67757
66684 34558
96186 8991
66787 58859
47793 69637
78920 61727
62196 56689
55051 85411
56059 37909
22340 7856
91811 61766
3309 73857
26671 75484
79431 95019
82507 98699
84270 63144
25456 11766
57047 56456
90626 46801
96195 93161
97718 28806
65054 38733
231 88924
30231 74416
95499 82696
60288 28160
42004 93745
9597 7822
27024 68674
40092 29914
19045 80322
25892 55851
93622 56658
16748 92679
66996 79236
45605 95418
86500 8170
83545 57855
79601 26974
24679 96424
91843 55944
11527 33941
58718 93355
20868 61908
4334 41947
94744 61084
32568 48679
64069 13626
77827 89882
4267 3232
23207 43630
74753 42827
11815 92852
14611 61052
55664 35453
94605 4645
5511 2861
27281 1493
87542 45420
80213 24747
50033 13512
82649 71666
83541 83359
53424 47334
71290 96219
46594 4387
84634 35931
1497 1089
49589 32840
69405 59094
51259 30534
78166 10046
52862 65098
39187 65889
34234 93168
68232 63495
27645 38764
82138 63512
44531 20415
49815 78162
56583 56394
34978 186
43541 4171
34224 34921
98545 52749
27732 21097
24448 84570
48687 93704
41059 4963
93832 48640
5729 28306
16485 49503
5240 65002
74554 45595
78027 19928
33772 41270
72425 9241
48123 62871
73053 44007
55147 52060
84973 87909
49338 59877
60952 93937
70221 42959
31539 32364
9247 36545
5526 11600
14066 56743
598 69151
60455 55574
89063 78025
65327 55956
75647 2435
81109 46188
68032 95193
1050 92293
89957 15633
97018 51279
7449 76586
73641 70699
41148 60580
16439 92918
67514 4571
92876 65904
82391 93465
22103 93206
85156 25869
22176 28945
14987 19165
5720 47521
84482 94343
3813 38745
92317 12555
52969 15197
8948 96103
18896 19850
3358 40272
37276 22913
36121 38645
81973 42455
89207 17225
94241 58811
47383 48804
63310 38222
70153 17079
10748 90766
84054 61304
66915 11435
12493 18418
38680 56974
57557 63768
674 4490
80680 50588
97878 8190
54874 35257
66129 87400
56949 95561
50938 79593
37825 84581
56830 78836
27403 78950
116 83352
90388 31629
47386 92778
4423 63546
57934 75890
86621 73751
93311 89253
82314 62746
96391 2861
89517 259
12125 20893
12220 33962
15799 33833
22577 3893
94023 10319
62944 12756
40960 94624
89922 45691
67412 69651
60124 57906
36142 57739
31283 11283
63545 94344
30799 74889
59275 57328
27790 50446
69821 68623
1376 37740
12871 93019
26286 83902
6635 8703
2748 49777
41586 85465
81208 53335
61938 4623
63399 25592
56342 11501
14437 47851
82265 24872
31497 37791
83559 67349
27929 97277
40810 41981
36848 42988
19655 68239
79417 9018
16238 35828
39487 48653
69576 80415
42194 56472
28792 97278
17110 67140
75703 79417
13163 88198
70974 86173
23516 26186
17630 80129
9482 42091
9890 39930
94688 43636
88699 67091
24993 96599
4266 36422
48651 91687
67142 1734
39624 11865
33545 20905
58533 50506
63263 33772
51441 21640
636 24612
4367 69429
77250 41096
18490 45123
70240 65253
68333 30877
6962 28025
39844 38858
78301 61120
74519 25871
93361 51919
78750 2808
94732 86995
20577 31212
30546 18818
39201 26041
55372 70234
42545 25335
68556 23543
64767 71339
39625 68332
30186 19535
65852 47856
38137 36993
62949 2080
50997 88872
1323 50845
38114 87906
85106 78628
60330 88510
50700 41000
62034 64160
63708 27853
76825 26892
37513 54037
14606 57127
88861 92617
53283 31871
58547 7194
3171 94638
41130 80443
52432 8552
97309 21646
65024 64696
86610 67937
22366 86250
79813 23447
59559 47477
33093 25913
41865 49522
80164 71410
45294 14400
23875 45567
40459 20760
13967 88415
53837 47948
8061 88190
33018 2771
80410 97867
56264 70467
7568 5798
61985 92523
90745 73866
91553 40562
70383 1315
13903 87733
82143 62261
97836 66788
811 98442
42490 63183
38480 36149
65647 45157
89147 80747
20514 17090
96172 25838
71720 76003
7853 63300
24897 19267
30729 32752
85799 22543
10318 89787
96423 40588
96805 72181
71689 72344
45326 73455
75893 7299
80662 9475
86462 89962
80363 73918
55423 79905
15550 86072
66165 81727
73010 61640
78809 41471
36975 41137
7558 39687
72500 11324
90955 84696
51688 49319
84555 98983
42554 51409
32652 42101
37432 55726
18738 83735
80992 36424
86078 31137
19648 45460
59286 19010
82794 94583
28712 34909
15009 76578
96048 65627
57992 70999
7409 81419
17732 33602
22759 36073
16947 19268
77895 93172
13865 59049
93805 11037
31221 26356
12372 6196
9815 37985
21749 67068
51117 30618
25980 57554
405 13604
62382 5420
48663 25645
46554 31930
62831 92091
60665 35614
6595 35549
10634 33944
96809 30167
62868 85449
94402 96653
67125 23943
72182 97741
24046 78981
63189 86029
84994 35192
48654 29100
10616 4247
52612 61276
27776 89601
77975 10251
2975 19933
43350 89518
51942 17653
81636 91024
98170 91966
65762 1940
34533 83172
195 88574
74420 84228
44937 26612
72381 75296
49937 2828
93454 64662
60936 39244
24896 54547
84352 13336
38915 4749
69361 55767
16225 49487
23406 81751
24769 70428
93152 47183
50352 25822
37330 30669
16673 23461
21439 38171
39023 81974
10298 35068
54544 78581
49734 97278
32778 31581
57887 8518
90303 87064
52479 45955
79523 24304
20986 48523
17814 49686
43653 22941
12307 63732
93504 90523
66414 28256
81819 88488
50943 47685
83694 63956
67642 43217
20343 50766
7187 41569
3417 2173
21954 47099
59230 83643
66324 31049
44279 20585
35476 64388
43184 82088
75636 75661
43498 16987
60779 16200
17752 21184
49090 48957
46642 39332
15617 30974
68114 61884
27482 36508
66473 83092
12078 60865
86942 19767
65116 99040
84437 3946
69283 15912
56561 1308
67703 45172
25612 49612
51895 92831
67173 61158
64142 86941
18101 4052
9940 57646
57120 43272
73181 90074
43821 53237
47643 28249
30494 9449
41651 62252
18574 33669
99049 98261
787 85242
86534 22106
36926 71867
70550 90248
19738 17676
33178 32267
15339 20668
21366 24529
52648 76085
73299 57612
91880 42006
33662 13024
24024 30887
4672 60616
83545 46142
71803 49989
48861 8533
5087 12536
95668 81247
5978 81418
32538 45654
40605 52441
40873 57625
85580 4980
16479 98575
24835 36296
6226 68809
50460 82174
19524 85185
75671 11618
24759 81684
55527 49520
74395 75032
1697 23544
10508 25416
20156 40257
90255 9749
74734 44175
78094 92755
51560 30935
63212 14777
42581 913
32217 83115
41625 45313
91509 10948
55704 48291
86334 28729
90704 54056
93417 18084
72909 27709
98235 91371
65034 23603
22536 61388
19637 87290
53196 52322
84260 89655
23062 17525
80377 17319
44401 31102
22384 73920
58305 27663
74918 79408
84274 43136
91159 43093
67891 12727
76192 6132
76379 41421
55002 21028
65045 88369
30601 757
89485 59778
32455 43120
52886 18265
68665 64149
5632 6043
63066 41746
57831 81353
52349 48504
19674 29747
2140 39658
24894 70742
87837 45641
90837 51807
21631 70289
47501 31338
24875 84463
86929 7559
34556 46756
71367 55651
99239 43537
78533 19700
42395 27298
40568 85957
10826 90934
31258 33470
93910 81267
85451 14320
51277 43279
29000 94831
9480 37054
49791 3005
37231 79095
6438 67337
62103 53581
14844 75697
69580 72553
12385 97670
21163 53056
27948 53563
38060 51606
80164 567
56550 12692
34328 55253
5683 33711
52755 16320
61712 28045
81089 11326
50777 87571
46836 16277
76243 235
84239 61530
62567 96452
36628 31809
10933 56468
405 92024
92642 36223
13030 18012
11238 75534
58866 51191
64219 79496
50600 11885
36115 84780
61825 79842
96655 63797
69469 43930
19085 92238
50025 31777
16374 20618
8966 1638
10996 5088
21261 85337
5091 79690
46815 84124
23025 78236
52393 82948
30702 27454
84068 83474
41278 7595
41878 53411
75141 74516
40736 36359
86044 22807
80519 97630
6885 51907
10981 58713
77675 67333
6750 93332
71081 96572
21118 39258
31909 40262
46907 91539
25038 90161
48387 26585
37097 78033
60750 18066
15738 63696
72207 62796
33993 56965
30079 36055
83833 70788
38250 9422
49058 18014
48219 95244
87915 40920
10095 39385
54313 85317
97409 37278
13709 56741
60453 24538
18604 54892
12335 94508
55826 75372
27001 54091
25194 50915
10362 23756
14743 95056
43318 5528
5630 85154
54069 67671
63953 42401
76783 41262
17518 1208
28308 1115
88673 57177
62480 68791
89909 38845
80971 68194
10934 9177
29877 78139
59320 23884
46335 97287
97447 76779
43684 7813
59580 83595
18751 84177
61845 69569
4065 78720
59524 386
80874 93228
82326 47689
7879 16873
32228 22166
69966 33932
73787 5107
16236 67035
92088 96028
21150 69629
2817 35470
56261 33531
75064 7192
38764 85846
69702 30745
5239 87860
38086 39595
97562 98033
80301 33915
20823 60845
26644 48837
4981 58181
18922 11173
32096 45041
28141 66467
93669 54709
75298 59279
10960 31419
62978 21270
88444 60066
8678 21534
97045 60896
94128 39129
5421 21835
45207 68882
72766 85059
2075 35906
19194 42870
10934 64964
68446 78666
43483 52993
76125 78632
73441 74917
42731 14404
88780 37747
29239 1316
87275 50185
83774 44491
7978 62116
70198 80980
42112 29823
54304 57444
6087 57714
2184 31072
94069 29234
59304 44627
73273 26270
54835 22677
91417 41888
70612 55198
37134 65430
74854 66259
19746 63115
94757 83127
8017 34178
97252 51399
27444 12850
60322 52086
55954 16713
47175 16550
92205 33084
51070 91303
90312 44622
94785 94277
26106 94489
93111 64569
21533 2495
57718 34084
14692 94381
44789 19645
55416 38779
22514 25227
73084 55111
21805 50552
93762 42635
38220 41185
43476 40776
87531 14771
92169 97253
31513 6424
61556 88314
46439 15653
10744 81686
7025 63984
7835 60820
39272 76787
74512 5700
21628 37548
17215 51185
43229 30709
63820 72760
6445 66684
15583 22871
2373 65833
37681 92460
3889 73677
20563 32851
30235 89403
90755 37997
70675 48823
4829 42515
5075 85847
6110 87726
31587 2077
47901 11381
61708 60209
67121 11977
27467 90649
91204 79150
78239 2264
70132 14774
57319 50791
26735 49531
93882 3449
88328 73141
25747 42220
65768 61292
77845 55220
30135 19858
32191 92944
14321 95995
97244 6705
24498 42425
43394 88415
14157 92073
34547 65194
56308 41375
27722 54671
25263 49583
99238 49263
78248 2447
83528 2395
24482 89261
53609 57889
55435 27049
27489 70476
59139 793
84560 35157
71721 75137
52028 94774
37782 42637
82067 87347
80237 65986
48149 93042
56994 54080
14043 61826
34043 95071
26254 49338
17156 62190
97872 6034
79524 34680
57903 66615
90180 59847
2910 76226
10820 91172
66578 23980
44820 53466
48050 93571
57137 33497
74748 10708
30452 19739
84810 48234
73405 17960
1265 32522
28034 63886
26506 98032
75798 76587
40170 69240
28149 20038
35383 66192
63007 20499
66647 44058
92742 95894
7911 54104
28816 45576
58975 17798
70556 56636
10358 59303
62611 74163
12248 69869
75368 77878
24107 32541
55195 51801
5700 66730
35077 9640
64190 53201
40002 47267
87338 12724
48053 80124
23194 81377
7114 23679
60516 82574
38583 56631
54403 35104
46631 71770
13227 27240
34589 42373
71450 88538
55750 66790
23514 34376
38729 43220
74137 83748
67448 72591
98388 85537
90372 61682
90193 62205
31489 37494
15569 63018
56000 69193
89083 15277
6950 83718
32042 44244
97389 11729
43707 92121
86883 93124
19321 18494
92946 96679
92420 39185
50217 42889
67788 18227
82917 46511
49838 90683
21062 99129
43321 10555
77635 78166
83055 52982
77382 54308
73969 33680
83330 39860
74978 84353
98476 97653
64306 64961
75791 19350
57749 16511
97004 81635
54938 28647
81233 79605
42743 46283
33081 17480
20963 92720
36007 26878
75036 36305
74408 32572
12019 81873
2960 52316
45390 95085
71309 12750
41729 67939
48108 53980
36675 51257
18495 44778
86879 50576
9885 87993
10122 46286
10906 66518
52420 58805
39001 17212
52126 26544
96428 91866
41538 84865
89522 64358
47977 64090
79221 56765
48584 87170
50983 66543
73499 49046
20456 25924
1265 11019
88990 36325
80421 53005
91957 83964
21819 89109
5602 26518
12416 7118
47369 83990
71512 71916
57923 27926
29947 84508
84546 49373
63794 5647
76576 79150
82248 68968
96625 12728
31321 82059
12796 91861
38392 29252
80426 93484
37392 72185
78520 44020
62754 3488
66731 92603
83590 34524
3758 86270
72718 17582
77199 31140
87975 40157
43896 87352
51588 15230
94130 73516
1493 9933
91683 67499
20458 26518
48535 44866
3975 49421
59385 25805
57631 72440
16057 97815
78902 32286
22730 59945
15089 48570
14918 62752
78906 69036
49011 48070
67553 42564
32036 8926
34244 55988
76865 4007
56501 56953
44868 84650
98068 542
17556 38485
43266 24916
22489 55321
23619 91732
19075 7902
82074 76748
53675 10579
53824 29132
93895 5422
72172 80686
44837 54280
20698 56640
33503 797
39194 27111
86384 45404
97765 91536
57939 72151
51912 8883
91096 97741
32514 87020
69302 68658
56775 60938
23046 63186
88571 94019
99140 51819
83885 13977
98666 58581
86401 75973
22080 28280
17947 33377
23653 13246
10668 86420
26826 16630
60919 98013
78683 39222
2492 92306
99014 88553
75480 3128
65607 8585
27865 92149
82587 12502
74204 53481
13010 16519
52777 8650
94896 97570
64826 31755
38589 22129
73984 39333
77605 14355
34606 90556
90010 56609
55360 70784
27893 92517
80787 4727
37701 62270
48561 15109
57981 87426
32956 24695
72515 74998
31117 8698
4971 47714
78549 94296
81609 37494
77086 86729
57414 60668
69966 43306
42319 53552
94929 11787
38702 41496
82035 31600
85350 30001
50715 64944
14813 16418
95486 9345
32278 30206
39240 8718
88801 11112
32790 67507
33380 23952
26090 43100
90251 16387
27075 51079
77211 17689
81829 12526
26576 13165
16572 18398
99166 10035
51189 56367
33003 35319
85269 56039
17258 54953
33324 15668
88808 23529
96964 36252
90430 18028
89761 13503
69403 70364
10872 35782
68369 57312
71677 3470
56535 30079
94671 17008
55336 68830
83339 48568
39312 85602
60284 35959
16684 13983
78497 11555
2518 13783
2438 97252
44882 66549
92344 22777
73811 37148
52458 51636
24729 9613
10984 14802
96052 24519
9869 36285
82091 48365
54209 1145
13766 66825
692 77403
2839 68606
82480 69465
46886 66869
70156 99230
21339 78860
775 72863
23566 93212
78247 91593
61094 63023
46491 16476
13102 87318
29364 27034
96261 31516
17798 68785
26314 44365
79070 8841
14013 6635
29402 6092
41744 74368
69271 88112
13572 2728
34416 51375
68473 77222
36008 15938
71756 24141
32137 6510
96477 51412
30885 88297
36829 18302
37118 11494
50058 59276
20077 15905
22781 50221
90326 32818
9483 38985
26830 74739
50592 44284
8763 4364
73051 35261
2066 19367
57654 15042
39433 93973
51349 88707
60396 75772
19316 14019
4883 16407
98477 81195
60525 73149
38687 33443
81631 82583
76282 64785
86658 20729
97451 91537
5244 71861
91047 1221
74431 89502
93844 3537
82126 48388
26077 74720
76290 75054
17953 14216
26781 36148
62489 65826
48346 92405
17460 98391
51227 50769
27187 95243
96227 45503
84457 31575
31870 3337
24588 74347
12665 58376
26531 23797
64319 6596
63367 50472
64227 15638
42318 67586
25013 52245
73448 96642
87621 1002
25828 45224
21615 340
55069 18044
82535 69981
24678 27944
65823 73584
70802 7367
62516 51137
37675 39225
88008 55425
24467 49574
84766 86623
2631 8251
54018 32493
59484 66832
78749 77485
8326 69208
83111 20233
14540 35254
37681 35714
18977 35708
78946 60508
82787 68781
72896 10879
97124 25974
4594 81001
11912 89390
34788 24133
60459 4486
7412 30678
52931 85872
69107 24501
56790 35287
35559 86396
80077 8474
24963 57752
40640 74349
16988 36904
38045 15443
29281 34099
49427 30952
78445 6992
79539 45466
89714 42037
33917 52146
81778 60350
56893 54488
56363 16352
4138 28423
64966 86461
4937 77529
6046 52821
50601 63649
92506 76466
90491 77313
48491 43402
98389 57230
25645 87893
94004 73181
73513 73819
46589 47307
98515 14709
98244 62181
54803 88264
52073 56524
46550 86656
47176 93534
79519 47685
27944 28310
20852 66721
13270 96314
14340 70106
29792 42033
87758 64499
75745 48635
8646 69013
50418 16306
56742 15435
98759 77283
67107 21471
3769 61763
18946 16947
8613 39910
91126 80294
52952 22332
80783 89966
44786 72199
63842 15007
24664 58182
94247 11313
44473 73136
58782 9851
89889 56414
32617 43111
82280 67595
65967 27402
46801 19660
83070 68165
86791 71876
93202 74222
8804 4701
6208 57931
96124 86103
64454 38114
23930 40793
28110 61822
50305 62175
75141 18537
93036 64188
28828 3900
15003 37699
57168 11782
5125 49164
63047 62993
68415 58853
99134 80690
62930 77640
4205 27243
79809 57154
26792 20435
5519 17425
84134 35675
98202 40184
31562 76914
46147 18371
15773 28999
34895 35668
96251 59594
49034 74123
64678 11925
34908 8667
68590 54373
10927 6015
47885 31633
87650 84256
9243 87125
8227 14047
29024 48390
94347 13037
96104 71975
17359 12298
73845 55661
4469 29638
5199 54064
44912 72754
83383 98923
94630 89095
39174 84945
67006 48586
99125 76924
84692 95591
89798 92205
32393 27109
78511 1119
54307 7255
23293 54181
23756 47755
35184 93962
58497 68636
56796 5052
28111 33618
54988 28069
91379 1898
92721 37505
34643 60023
94801 47377
63375 75370
6594 39000
60557 22872
3424 18359
63933 52966
39668 33788
91404 68572
82710 18761
14574 88421
8159 22119
75687 42454
83175 4302
77014 12455
31384 41151
10422 9252
80912 49784
81888 10143
44337 73825
22017 19880
60936 83298
64782 71499
37234 25387
40667 51585
26162 47489
23765 43508
69489 33089
36739 10482
73594 51207
95297 9182
11472 83065
26831 92213
98909 86572
2704 51994
91192 30556
88329 96008
54417 34335
3485 97067
94363 54953
22556 69984
62429 91107
82663 52906
96237 78343
97602 96864
76614 33421
22030 37565
75865 55668
62738 18613
66472 39821
23459 32874
25292 55701
80045 20481
63257 11486
4141 53556
46630 97952
46559 50716
66997 60472
8101 75521
55205 69682
59204 58162
33349 89477
49256 47984
60472 7810
71621 55127
89860 26171
6532 7333
73180 2251
28966 47824
73364 78182
42789 67320
73812 29525
84470 22042
79156 46575
87394 2505
26434 685
81653 26062
24815 57832
22623 85811
60752 58323
62158 3246
92227 34652
87608 47467
4042 48436
30233 91312
10368 30642
97610 63479
89317 8121
62972 35142
87783 94652
84264 21398
85162 26749
3250 18032
68010 61571
4425 78537
70119 55700
64995 87527
61335 87438
64441 16200
17715 27583
69672 81254
5522 44060
85302 47000
58860 82756
20845 13069
78989 62932
1526 11713
50556 1868
75717 46444
89426 12965
59442 87578
77388 13286
39128 72307
41914 22621
70128 95655
4006 55935
79327 24202
27422 38429
53189 87016
27590 6751
93312 80206
77878 45580
57473 21146
8810 55890
8625 150
34415 60735
366 67731
19566 64376
23040 94813
39575 82165
83370 72300
86456 54397
1216 90882
45551 64783
53691 9036
82606 97689
10291 29458
31837 18519
54054 77506
49527 37414
42640 28982
83003 95524
29752 37993
68037 10227
75812 4865
14344 89679
8202 35321
42756 95185
87071 94283
39383 10156
64753 31457
92819 33357
84730 5348
8310 61053
47380 66576
3192 60874
28599 35290
75058 63227
67954 91196
21671 668
7755 67826
71146 32564
89817 42744
30376 9698
15755 35713
79773 65352
7064 84187
76013 55728
22987 74129
18062 4688
94596 6425
90616 81980
74976 66433
60902 57154
49769 38185
33641 22884
63037 91579
65573 58943
90242 27472
5008 57652
15521 58419
64526 14515
82256 30072
79370 62329
7245 68383
11777 88817
39000 56780
60585 83474
7785 18231
6817 34055
14376 88896
48553 83317
40883 68474
40137 11758
88970 75449
6456 76049
74358 53928
43140 42960
95420 30596
52574 64931
85089 37161
45406 64888
4094 88425
58583 1188
86465 16594
48255 32079
86104 64321
76101 91885
34969 895
32495 36129
87411 61734
85639 15468
29818 98819
11529 79107
46168 72125
26316 66859
29880 42579
87066 47443
27738 11497
13526 88752
17903 15233
2790 92464
68785 1581
38444 46092
23988 34496
7214 81315
69443 4412
49507 62723
66376 80422
89015 2161
60510 82107
11533 38299
79888 68242
12252 22710
96965 84658
3897 51885
87733 21208
3174 67742
79540 19385
30959 24855
97868 90703
49105 95644
24402 60513
69519 7803
97485 47258
46087 8039
53572 74514
58479 36273
65412 53977
26835 92417
1393 81039
8896 70980
91467 10349
24766 27848
86601 60147
9109 29101
46000 25453
95716 81843
10193 38520
72302 3165
42717 56290
28395 15418
16033 47924
14317 51511
38538 74066
65478 83849
3391 75394
95427 84571
92138 61269
89818 67371
13914 4216
80351 70069
38597 11075
26013 80658
52011 71986
65931 5213
57438 87637
13760 53441
85200 43608
10119 89323
79761 81988
11644 23580
82837 79841
86050 53577
81131 43176
97051 6052
55546 25599
20916 47367
6331 31197
79113 6195
31652 24528
4169 89822
54927 54264
6299 70010
92986 15834
47268 24792
91661 4030
22428 82917
48036 23846
21808 40606
79028 46781
2805 2303
4280 67301
65426 52773
50665 97467
81380 32229
10797 6701
97716 55063
58680 29418
67930 94908
74059 4213
21465 29744
79808 22396
6269 21556
88275 1009
18364 46800
62765 989
78703 99133
55019 98431
8357 86084
78018 3443
70130 52766
92284 55296
94509 83077
26220 97030
91043 10881
86829 90699
85677 56421
68673 75946
81251 58785
68111 17627
57261 62931
44982 46682
1674 66205
373 16555
53645 53729
1405 3641
16682 81660
96273 35386
45729 85691
69392 5538
94485 87163
88317 29369
56894 63295
8603 73937
8226 42459
35350 52588
28647 35575
41805 31003
6456 27272
43791 10503
44424 57893
45605 83009
98609 71908
7438 42241
37262 70581
52558 14116
99023 23374
1354 87531
53532 36953
92112 25579
83317 57488
19739 27138
87175 29979
67141 57917
49520 98448
4610 34438
12671 75934
48631 28851
56822 67165
10647 15080
73339 11079
82317 21399
34066 77779
96506 89476
59717 73695
59393 38845
35501 29792
12543 75991
9693 82867
53257 46008
96863 13118
28745 51533
84276 59506
81301 95441
38914 73724
67976 70745
82948 72543
4617 68052
96651 34294
9747 87654
16219 56439
43156 31013
12284 84933
51450 54472
6239 75770
93348 73517
46914 23164
19123 41124
89350 62035
48988 38469
81110 20567
30650 22985
60297 63558
34686 62022
8982 99168
44986 60493
28910 39168
97690 10900
19376 17195
69076 68457
3927 84183
20067 57679
68708 31780
49099 43911
12606 40206
14027 79304
67241 69733
65374 26613
69017 49689
56310 2640
53249 32910
97760 73496
93553 17544
8765 13102
38923 75731
33910 18780
37854 91503
67832 72281
91919 7880
49419 12115
750 67982
65732 78120
59250 10633
64736 23710
53604 55890
81453 98961
23173 95223
30798 65448
96941 13390
947 33743
912 17655
94755 25615
90803 69152
67485 24184
51916 93322
62336 81093
96765 26760
58020 12662
21224 46183
45342 10933
33178 74686
33106 73763
91678 20454
90890 14746
53928 30299
36942 149
78529 58508
20332 94432
42694 60216
29768 37444
72349 68368
86503 10393
40544 58098
74471 92237
18831 9675
93302 86568
40792 74829
24978 79131
54650 59637
13564 22242
56496 78727
55240 32792
47162 15229
30300 60996
79261 20469
1933 67102
36074 62583
46349 76310
8655 21725
80396 46004
88731 13817
13468 76265
327 36602
9123 18918
76497 32141
88355 361
57931 59655
58384 47034
39177 21827
61365 7615
46489 8265
24057 93915
5781 18478
76963 87382
68905 33059
35480 53963
14700 29423
69517 96110
11857 96281
31323 18544
33669 96307
36730 88897
92010 69409
72575 45247
87486 96047
8355 53071
82703 31570
58554 4424
22708 90933
80927 38260
59463 61023
24308 91308
29779 90787
59158 68267
50604 85942
97020 88168
95889 10673
90923 13810
33907 9882
56661 53502
38597 4366
39227 85716
46663 60886
37695 12263
61379 75001
45045 7624
22425 31453
16019 35372
58776 13531
99196 7762
24993 32512
35337 32073
50940 46277
70902 87595
55345 52606
46853 21359
44581 75238
78055 54950
96230 73853
57046 98029
82532 28644
34603 36292
61421 7468
22626 75779
78070 58641
82510 70212
50337 23329
60553 3753
61273 79627
49306 7542
60101 3592
22140 72250
81082 13260
72333 43299
62461 60995
18386 5020
73652 50629
83110 12419
70767 66078
74824 69509
72594 34214
77910 76681
32992 89893
4820 95824
37209 86345
33573 59781
67742 22298
88443 34945
83356 35577
91385 42338
69786 48957
65311 25795
525 50241
16434 71574
83978 36499
54567 19588
71211 31049
69943 38179
88233 14961
60623 7864
89402 68067
71741 13198
44471 89190
60307 76009
30826 10101
82887 4752
97696 75018
9186 72531
11004 39881
67310 82788
84564 46701
58597 37424
36098 40080
27233 97786
3332 65824
46317 14800
60292 38329
55023 88757
27738 9770
46275 81528
82332 26464
88484 70893
83573 36584
52293 57956
56585 37118
85671 35479
99030 25070
97330 16062
50718 43008
54156 71765
64397 22152
34 46701
10541 11759
89676 95952
76254 7567
76288 75337
347 33992
9912 274
4249 90439
90954 83444
994 39926
87415 89243
83986 87101
80158 64245
27519 59000
58383 11561
92240 93980
7276 29151
62824 87692
14376 27491
68533 7967
89790 54043
33041 28508
81714 25973
4613 36728
64135 3159
57299 39281
73583 24799
39635 41498
27139 73021
82253 54251
7942 84423
53089 12896
64067 72638
33510 55229
42883 98195
14183 95339
36985 73244
13575 94702
37964 52102
11733 66393
33228 23207
6032 82438
60699 7551
76289 39684
16009 94485
83459 11022
24522 84097
3991 63459
75825 73444
47549 99209
70346 24274
59100 26073
1381 91571
47539 4856
50354 72332
82899 23271
34140 61128
89709 56036
2300 62686
48655 39827
72846 44009
82453 11749
92098 41524
52813 19339
32975 11002
40682 30544
32265 61056
3175 62926
69790 25173
51019 88425
64939 34447
35736 25409
89425 90750
87667 66525
76625 13443
59955 76413
34385 38957
33160 79291
9632 4234
57021 37474
65823 74252
16853 14942
4303 86058
83180 46628
29802 81351
31883 53541
30101 437
46550 34812
65806 72218
23091 34420
92058 40273
98214 79748
42093 22779
88411 49020
71801 81496
10207 33000
20956 83322
65636 32523
57567 34708
87470 78388
7494 52060
88506 41043
21752 48853
53188 62932
34891 23623
86613 43425
86798 53270
48927 22703
73503 84790
18238 6306
88493 45251
47392 85856
77674 62844
71233 88878
74169 73660
30904 41811
79207 20303
6204 53149
45640 33166
78553 66990
1769 60648
11838 84298
25750 57823
43174 12991
9031 68849
83545 62391
39921 31198
76670 77122
87038 96224
60649 84780
19816 37914
2283 68695
71630 4846
84823 55023
71236 61552
16824 64793
29265 95858
52173 54002
79513 148
2502 16953
32937 74494
23134 54346
98575 23432
64754 93863
82281 15009
60925 21349
69489 27407
24631 89911
10645 26071
11320 21056
41842 80286
62684 20734
65651 37340
88747 95212
10400 25745
66676 47835
42816 59968
65701 23053
85090 56144
15929 38411
94770 1539
75872 61532
94900 38509
59870 19740
55525 95399
58760 15445
565 54411
62728 31865
3809 62206
70437 49790
37513 15282
1097 60873
6108 65026
83198 28549
49423 87543
5556 65223
23149 93570
83607 21779
24462 60933
70609 62217
39831 66568
62167 74471
15963 19699
21121 13992
4601 38585
46140 3050
61362 81133
53661 65772
74694 87294
13361 68869
2544 87289
35931 11419
26380 95481
84402 25904
67591 92281
57445 22489
14496 68861
61429 40317
66511 84078
80577 74285
55692 68194
52449 30944
21910 29575
89688 46934
25262 25377
22455 70961
82130 21944
27772 58925
22911 53713
67877 74958
58335 16944
11319 41814
94135 75258
55190 97501
95711 62508
14692 75057
39245 18565
65034 87263
24314 34861
81482 13519
3841 51879
55346 57158
36903 56227
13575 43523
54869 2855
88038 5114
76260 89053
80764 32608
88703 30350
66733 28166
59800 83832
2418 58613
88985 54091
26124 73074
68212 76250
74664 36984
22160 50128
61956 9712
48763 84169
84786 16726
51285 70065
3355 62993
69352 13069
60115 71132
70795 85137
19873 80327
19305 1777
80238 33679
87843 94594
5311 70183
11556 64589
63688 54727
12288 73556
19709 61213
54510 44467
4295 89349
967 10442
51204 51026
20265 29122
60846 80116
35145 6485
82279 67543
39462 38365
62159 92327
86212 14278
3232 97638
67847 3387
4018 82517
22798 45126
16935 81525
43476 43533
16664 9318
12610 93326
83388 80368
57043 61346
12205 53613
6857 45610
12086 32495
30080 44153
6396 76891
16780 14754
34050 93601
37492 71775
93153 55389
55528 37121
98787 3369
83818 74458
22662 31601
33376 74035
52619 72134
45264 73662
86773 65605
24951 7352
47169 38685
54872 18363
80342 83696
3399 53158
54043 43650
61201 95178
22649 74076
80196 594
75494 67348
56821 16411
5190 47651
86266 4044
25870 41930
6225 98727
88454 72590
59244 6916
15360 12508
52153 33592
39078 78765
1409 83314
27816 10633
14797 98681
97201 44060
86067 6436
25825 92495
72651 33529
17060 19614
9988 23709
83610 59515
94864 72294
54318 81896
46433 15221
22344 44234
54059 42947
88379 4657
2304 95025
98276 1957
7398 76501
9844 49570
79844 77672
67309 51146
69776 60784
53636 98319
70876 14268
39342 67574
75190 60143
25494 28544
17070 24866
25748 73686
11725 1296
11889 46252
16989 45064
23051 89492
16258 4548
93442 10568
10751 13225
63678 42551
12246 64057
93988 31157
61094 70716
25355 43085
27442 48301
54155 54924
31501 91671
17157 42675
802 87950
95410 92478
75226 82272
62300 33607
77584 26595
70221 47510
21568 416
80746 15103
42946 8094
6975 87741
86711 94876
48483 57619
19657 77319
65796 76756
45396 12544
54788 70735
22179 64154
7038 51701
36298 49232
80588 6128
11412 85549
33530 15695
18516 18101
23698 40337
33630 60895
53973 35890
86266 87039
24932 49020
23842 17606
55426 62108
79654 30702
29956 10775
49097 95065
65358 16126
60358 89602
20135 60718
97606 43117
78537 78382
51303 6308
43701 56217
6231 63901
91530 64883
89001 61271
34578 37262
56105 11815
76294 52129
65581 13781
90878 30662
23597 56742
48789 94252
29702 77741
87962 20639
34245 49251
82277 26048
35223 49872
94292 78845
60728 8810
77773 24520
13622 40846
25890 34076
31035 49075
66004 46694
24891 66994
3890 97920
53257 82513
81820 11435
32093 57798
761 36111
34019 83970
78466 1186
71428 52369
81516 77345
56503 60711
67114 93864
47215 96400
1762 64945
87789 10494
49878 4435
14173 30116
60880 20440
52096 87153
36462 51907
8558 44592
5485 35669
90814 1067
59572 31325
61075 1818
5174 23884
69481 8071
81110 54039
98234 37319
97310 20167
43584 49777
22870 84897
26940 41995
83350 57484
52710 47954
42980 43368
39842 24894
73372 23870
28476 22548
62077 87025
65093 35778
96562 27376
48698 8055
76833 40903
10776 21580
18224 55420
18251 59983
58772 20789
83922 44302
96540 90784
17845 72770
44821 53725
79194 5913
90441 84768
53644 31219
12801 70362
35793 58456
17342 29260
79691 14303
26828 53636
1748 24446
85306 98420
13396 98922
26976 58122
3391 3994
5235 54943
70662 36946
73082 52134
26590 59254
64852 45356
80345 43298
87682 52720
12928 88213
48643 62762
56226 42604
32916 71419
74102 85303
71550 46510
83114 40856
91993 56418
97748 17749
81616 3726
8191 60032
81042 92285
90803 3374
36816 8528
83158 75544
29577 4552
84481 5193
48825 59103
74124 10537
88452 72128
12382 73006
49747 83699
68860 41795
71451 4931
78161 43531
88822 74290
45654 93298
92995 59853
17016 57880
12280 33186
24921 75451
52868 70570
1812 89438
55794 13953
86250 87876
48678 45820
52634 58739
86631 13151
93200 52041
5293 49783
17502 3449
2721 31986
36869 21505
46338 423
24151 40083
49204 25985
6705 64107
67139 35787
85367 91972
63387 67637
97993 96924
34052 79354
69345 94524
40065 72700
12967 49684
16659 9337
67208 55377
35799 93631
14415 58296
7285 58508
44203 20254
25713 9560
49325 53470
7231 49762
10639 57214
27347 63476
93402 43062
50058 98583
27552 79157
15813 91115
86530 37796
69436 52143
22565 69295
23803 40271
17606 50191
52094 46948
56755 7254
91226 84877
97952 25434
75388 97867
54502 89870
6032 44432
11275 63975
4141 31234
83751 98502
46208 23441
11968 37487
34511 34056
76182 67940
18418 25357
92309 67969
60710 76823
13348 72238
64552 54702
41569 34348
2078 71879
41207 68412
55261 94486
60215 33137
62358 20986
80275 74798
55918 84398
92554 30216
7663 64182
44649 9847
48843 62302
91804 65366
72937 96830
74724 1030
65542 94758
21735 33579
26205 38088
41771 31728
95598 6142
3468 49237
79894 87133
69310 12271
28524 68163
66839 28262
20989 18311
79387 37731
68581 94247
82921 28814
4051 76282
69244 16202
31816 78005
40482 3645
2596 18059
30843 5068
91797 97217
29034 51767
23653 25386
64390 2520
87445 91882
14864 35317
42148 2802
51461 43960
73949 38442
79103 9692
49607 13382
44541 30167
88031 43869
91783 24972
71353 98990
76150 94620
22692 82102
48760 47862
4962 12315
48855 14622
2858 26006
61348 23781
51476 70524
83151 85868
97505 93215
41070 41977
313 92420
53838 16511
68661 81262
73777 24176
73658 55975
74307 37173
48042 37018
86631 65852
74106 90258
20787 2499
845 13289
83229 11384
67136 24148
95304 50757
30357 59528
15715 82259
12065 40750
97395 24012
2334 73846
5044 19671
89869 29859
77402 97775
23771 40777
17966 69237
71370 45763
34107 54972
56543 47803
22737 37753
80449 96324
80845 30767
62303 88217
49149 54735
26375 55466
40842 44031
38283 40954
73571 89294
10183 35390
82538 85263
54696 95270
68233 22609
76794 75237
89680 45397
84140 41617
54461 18061
91995 24133
19023 75577
8522 39852
31861 13495
73261 14836
40465 6901
67221 4031
74423 3429
80525 52238
60247 24647
37058 75151
23417 42076
50070 44447
60247 63493
30722 67236
98429 95386
34224 43209
63703 64950
68691 1973
82380 69239
57074 57722
75834 81220
24583 47713
18897 16266
98246 92124
27244 33953
48315 29100
17185 9880
38445 70291
14268 15497
10900 17243
33136 94902
93179 73113
78414 8074
37372 82736
91839 61940
72245 79075
65699 57350
36918 32958
38909 89619
5053 86659
56317 36414
27473 56770
62079 77426
93019 79260
66038 91582
22007 68602
12457 42255
30129 63247
17184 69051
32977 59930
62648 17287
6694 76202
71247 4458
83648 99170
16281 73276
13272 16817
76453 54112
97403 2724
66779 25484
87665 56112
34152 79387
54941 14310
53124 27156
64290 41054
43546 98697
39815 29236
61955 71724
42933 57823
90011 6477
95206 20839
93644 5645
90791 9032
69972 8178
97973 30180
35715 8580
48462 94103
93837 12375
16543 45824
57459 68515
54946 33097
81891 79441
95626 80623
45483 91379
1184 83631
5065 62670
9282 61889
35185 43531
6938 12199
18089 9345
7390 95529
95677 57297
18516 58616
80982 45227
42531 34464
55899 49179
79080 81791
76967 41648
7744 68528
5454 34616
42799 69045
46724 80399
17358 29784
90166 45600
45697 39656
35129 79048
85607 49357
21027 73908
4056 44295
4073 6557
88811 74426
39 83273

