40730 6255
1997 27248
39622 27059
24758 23811
4794 40181
33382 18852
4650 15061
27305 4287
5027 37679
39445 29762
10651 27537
28695 22343
6721 38470
1023 8181
38089 16134
10576 4274
7009 29717
5270 14927
1306 1070
10772 13719
11107 22340
29997 27491
20381 13585
35312 40686
813 27740
10800 28949
22708 18904
36684 25396
30908 18865
36859 30352
12396 15619
2984 3206
9059 1631
36768 12679
21301 736
17679 5598
18090 9141
16522 4224
33964 4560
29637 36960
8652 13937
1930 19865
38785 3957
26018 1180
25987 3853
9460 14110
15913 27979
5375 37449
29929 5762
26796 33941
30172 11347
32513 26242
23603 27582
4904 21733
37589 26131
27254 13292
20036 10688
29611 5308
26408 4906
21407 13684
25096 16719
36439 24881
36325 36150
20398 3806
40185 37761
35513 39884
19164 40156
13924 26051
5581 12684
35955 33355
886 14823
38168 34711
24016 34638
192 8521
35956 6869
30806 3015
34226 7552
4761 2715
13314 4026
6702 31491
6065 38747
19219 33302
20425 26203
36136 15057
32886 38258
2885 21252
13920 28803
6752 16157
9311 1181
38646 16525
37401 38753
18972 19933
35755 29752
27035 27244
8070 6229
18193 25564
39244 16861
19312 3264
7767 29088
30525 17732
38994 34362
28285 40072
40453 29429
24194 12147
24270 128
2005 4183
26677 25442
32824 33606
17972 34613
33534 2211
39120 21413
24210 35661
18057 7488
33437 8815
3495 36298
35638 35192
16828 7406
7963 20237
6744 15245
9608 23536
19876 27239
12973 25922
16565 25089
4455 13722
10237 8367
21736 38047
1776 22594
17445 12949
21961 8300
14720 8910
37292 3736
18963 28194
36234 27443
13626 8235
17739 29274
32551 32066
8510 14582
28035 33453
40238 11507
3328 11715
2660 25256
23092 7190
36394 37123
27140 14036
38577 33416
775 7342
34552 30920
18779 39461
4816 3366
11093 28084
19737 27793
27327 17016
20377 19788
18027 3087
1124 18988
7869 5113
32366 10570
4845 19760
5894 5736
16737 29598
28379 13735
27341 4883
26253 18161
27510 25071
20333 29638
33957 5648
21103 29290
38311 11258
24741 7928
32060 39668
11765 14611
31015 38993
11594 25346
15968 34577
17411 5985
24634 339
33051 24915
13044 15574
670 2471
39918 20573
12635 7418
36223 24139
9062 23284
107 4694
40473 33334
6365 16072
25014 3081
4667 28344
36274 28012
1936 26998
4790 1390
7809 9784
32519 16288
1397 9458
28942 31887
17298 13934
25524 14564
23354 17715
29752 36078
9985 37272
19661 4654
7312 17622
1313 31987
19384 10617
29471 21398
31380 23804
10720 31840
6217 13275
14306 1162
32471 12702
40526 20418
31992 10489
16477 40199
1647 2533
28397 33655
33945 4041
37322 23174
29462 26287
24728 39344
15854 30478
17981 2784
35390 28570
39121 3464
24078 9141
19772 31801
20278 35056
629 30607
14820 31840
29443 22867
15827 11928
27031 25704
37768 4551
14454 38283
31261 26094
33147 15270
31772 9765
16985 13382
31685 6090
26782 24101
20147 20549
39486 26987
7166 37771
28707 14437
21260 10778
17547 6891
4065 35165
416 25143
36626 10480
1322 32533
38006 29804
33875 21728
34008 26458
15116 10388
93 142
5917 36929
2094 33399
33139 11901
10925 39158
3859 19124
1463 31317
33715 14922
40675 36701
32031 39695
26817 7304
36265 1331
29772 39741
34588 17826
14229 37373
21817 19316
30142 31323
20041 2887
32919 15294
38133 32867
11921 22776
9460 31642
22784 20687
13239 3803
20294 3188
25133 39085
31902 13526
20998 12056
16567 17311
4153 15359
28172 7457
9183 10931
11049 18888
9152 21151
11127 23682
5388 1757
18312 12560
12613 29432
34796 28462
1046 38989
39279 28066
3203 30126
9345 37946
14426 35513
37400 26182
5688 1093
6967 26286
4181 18817
5041 2450
17455 2379
5394 35291
17467 1221
16958 26190
19827 39255
35662 12869
15439 33509
10656 23521
35971 13624
29862 34799
26404 23554
33150 26385
2564 7521
23987 38125
9659 12980
21599 14487
21706 39688
25002 33380
8577 33068
24849 23716
11206 36123
21565 37470
16938 2395
796 21161
28846 28530
15760 12747
1602 37769
19534 25918
16305 12052
16045 27145
224 32720
2738 22697
19677 25445
15103 35751
22420 6614
18083 31910
23895 25532
36435 3649
35170 40420
40622 6143
34858 32197
20037 28582
8557 32429
6203 37220
35928 25954
19756 23644
17657 23292
24840 6647
20434 11141
38468 30334
2557 16771
17192 10811
26696 19780
31834 27192
14417 19975
29815 1465
39810 34615
30783 8043
15283 23802
11133 19914
6238 5026
14582 19261
39735 14964
7461 10137
18758 12706
23225 5684
31609 7489
11893 32555
30712 9681
39713 21971
25679 28077
25524 30418
5487 6676
35724 30459
29089 25924
20610 25050
13131 18204
14866 35770
32150 16824
30434 13241
25465 8496
39584 37439
12456 30574
20832 11284
3614 32277
16854 16255
16304 38971
18021 32051
17496 38353
26673 37808
4506 18077
23613 8142
20942 20433
15902 12546
29295 34673
26102 27109
34553 22259
8668 28327
1320 9627
9935 8406
16162 24864
23538 1969
18508 10046
12418 27033
22035 28480
4159 1996
34258 18261
13082 29413
14930 33566
18515 8894
17551 19993
30988 15065
21699 35297
31536 4024
39346 32618
17090 4736
20742 10828
519 4895
22509 4025
25431 25318
39934 9110
7110 25050
1916 9341
23589 227
11925 22912
25957 31965
2176 3037
13543 13542
23827 40113
30089 15770
24211 17364
18026 8450
19369 1585
34148 16049
35193 33656
40083 22307
32947 33291
25950 25896
30737 15846
16339 7675
16960 2589
20275 29512
26557 23046
14906 33427
21931 37659
8567 3401
5811 27366
39586 12173
30740 9068
7261 37596
28473 22903
32801 36448
14458 29746
24504 5292
22235 33576
38220 24396
25812 38218
21208 29693
29384 22881
21962 33050
37609 24629
1144 23201
8135 11570
23420 24179
19405 37189
11485 3768
31363 40056
8043 11981
35091 40545
39093 19837
37150 22250
17824 22167
12722 39029
5887 11280
35784 39196
40432 17468
3528 30222
362 27487
32121 36823
17564 36472
21015 31462
18876 23087
21666 6317
30617 28171
35146 11447
34869 26859
31928 10656
35914 36286
11782 5586
21312 7374
2372 36374
28505 5003
8741 30587
1576 38160
17002 6880
17011 55
35904 13088
5383 5172
8324 36341
1531 20603
35200 32570
12661 14428
31298 19133
24765 19564
10072 37109
21126 7261
17918 17590
38605 37657
9864 30636
30819 19485
30262 9768
25224 17755
1185 25456
30246 9006
25768 34592
23376 36913
18852 36719
33000 35855
38889 3831
30948 23692
658 29029
448 25018
15021 29551
24140 34922
25546 1015
31392 37295
8045 29533
7881 38470
6452 9842
13871 607
18831 34808
297 1450
28744 25259
34140 14499
1492 11188
24805 10708
40122 28948
20572 598
21549 39985
21424 32140
27348 19587
23101 18210
12143 6183
26263 6947
25010 7326
13845 37306
34199 153
18236 12246
34379 7210
14695 9634
3200 2061
18220 14224
37510 15027
33782 24603
27517 19601
18842 5761
38016 3235
18282 2391
37865 558
26878 18567
22592 10883
35454 29698
3627 33144
38645 10734
9144 28834
22907 22679
38531 3923
1874 6526
10763 20066
12386 34947
10416 35234
33342 38021
14807 29422
5103 10485
2371 5467
4482 2409
36705 38267
24698 14075
23918 18579
15353 7085
32092 10940
2463 30841
8632 7502
33424 35996
22850 15971
23224 10964
4677 13588
25183 6546
16315 39374
5208 11009
8782 737
6318 32458
20638 34559
12944 24341
34745 30136
16449 24034
2415 34304
3932 28787
9857 39282
9316 10591
20714 26825
1381 34727
15529 39754
35471 16657
23696 30907
35028 18531
9922 34200
402 37789
15951 23878
39236 15486
8928 6695
6799 12853
37833 12363
21979 26429
39326 20075
22872 18833
40300 6954
28699 16927
8973 36387
6482 26651
18771 32742
14068 10211
26504 27346
19371 1889
2386 25857
14562 28166
27899 36886
1717 37520
11452 2062
25753 1935
592 22327
27356 15440
37532 33847
38819 27868
1237 18601
19208 23711
30376 21440
36424 31288
40455 39685
13278 38068
3621 20226
24174 2679
31281 28083
451 39892
31337 18566
3984 39647
21493 20523
12873 26126
18122 29168
40427 31342
19762 12232
8898 14362
27556 40064
29080 2766
19605 32176
11891 30351
26435 23566
27151 28351
34453 16353
4581 28094
14040 10525
39477 1291
24883 32364
13273 13241
29899 8588
3605 34608
4164 10665
12752 38092
19777 4646
36903 3019
12236 11380
9961 32036
34936 5452
24998 40056
36066 16522
38255 8954
9097 32870
7069 7818
7922 5290
26624 10353
14904 13730
25717 523
40510 27165
22504 30436
33784 15389
30632 15999
4497 36222
30994 25248
6041 12112
20957 40625
19832 31656
34455 16267
35697 13255
34264 6348
2286 35814
26383 14734
613 31635
32048 23612
11865 30553
3854 22880
29810 36428
19179 38271
32124 21163
11723 3035
831 8301
36988 22822
34874 6923
10728 14232
9559 22418
27035 17935
28681 23903
23863 40524
34460 36101
4380 9232
22573 18619
7801 30209
40309 36923
29093 21632
11373 16858
12393 10535
26989 3940
17116 34472
17507 25726
12827 23824
38778 25694
32735 35559
5388 37695
33526 32116
6105 30139
33764 911
26133 36570
34643 28880
25641 352
33461 31354
8856 3440
33754 23470
14345 40651
19001 36305
1069 31123
17589 2854
5245 10568
31985 3287
32653 11825
24610 25811
36027 34676
32693 29159
33083 27853
39473 35738
18628 31714
17684 26661
24781 32984
25872 29308
39445 1152
7712 7266
10811 38055
40175 6330
7713 35195
20465 17921
12716 17832
7192 8812
253 38097
23883 38785
38595 56
29382 18849
35883 38845
34724 11798
26557 18807
37317 7666
20771 22407
31624 22074
24654 19535
24364 3746
26465 36187
38630 21597
17399 33042
6925 16927
36028 20365
33827 28404
25402 2432
11420 6971
18378 36517
28211 10198
7293 34477
21562 12440
179 37114
20666 27844
417 16526
24090 25212
5244 20104
7005 6087
40458 37418
25861 26866
26154 12630
29035 14674
26104 20622
5105 32898
7911 31385
20140 30780
19825 7993
7750 1050
13483 40422
31128 24377
36538 11566
26553 17307
10830 20485
9285 11122
29435 1789
10339 16986
36367 27670
20043 874
11851 6924
8575 20007
14780 5481
40209 23979
51 16687
976 12278
18620 22426
28579 5372
3488 2855
37591 39664
2524 36814
26403 3911
39568 18563
35230 27419
5313 12851
1962 951
16273 36480
3827 28456
16413 22490
11884 23679
32270 5955
26914 38250
12248 29325
1492 37138
11195 18209
39279 28609
23634 24796
18774 1793
9776 24712
37366 11680
23015 37061
21770 8254
15030 38193
8690 14587
40605 6908
37624 17694
7681 14279
26618 35461
15509 10433
36770 36249
7295 18121
3959 7805
10902 26456
38602 2221
30762 23440
19373 24702
16771 23766
35688 1693
15747 23443
27289 1226
33752 14056
15878 17217
37937 11751
37878 25171
13794 32163
29944 14712
28412 31477
18595 19833
31034 29389
3449 29933
10050 38496
38584 32917
15134 20304
15750 1059
29373 788
15526 30627
31867 14730
6002 1263
19656 9956
37327 22681
33023 15586
10220 27953
40060 39763
11191 29847
1330 28417
341 19043
13210 31859
17375 3598
9998 17674
29288 24893
20630 19853
37704 34803
38131 19564
33539 22942
10084 15876
22490 12194
23670 19446
2783 30206
16346 34314
2648 36434
28515 20597
12192 38534
129 1615
27938 18263
27286 14136
12918 36130
11159 38135
2221 4667
36637 35291
35801 26159
8683 6655
27018 33690
5480 34132
36440 18912
10584 40728
35301 22574
20240 9858
8498 31492
36022 26508
22521 13893
19283 40329
21318 5462
4030 34088
24411 18006
5791 40302
23828 29965
29309 23450
10346 30360
13126 38243
9551 19280
35076 21530
36414 27382
40219 25381
12816 9192
2697 5548
39530 27788
8997 12722
11608 14646
19788 665
22752 16771
38318 4490
28239 12030
25207 29186
30603 29797
31108 37109
28305 31228
17473 5017
28001 27555
7737 4817
34380 1545
38869 34929
8621 20261
35837 9977
32648 20356
12456 13184
1800 32461
27374 38774
10887 3878
374 17865
10530 13928
9831 20343
33171 2990
40244 33277
3428 6251
37195 20739
5936 2829
1239 38436
22058 32645
25494 14266
3011 16701
32758 12098
38262 6799
7617 37838
29419 18975
4057 32732
18990 14122
2083 32008
19796 21052
4291 9342
16830 20334
31183 3135
34220 30565
17098 28864
25726 36213
36305 38566
11306 18898
28119 15054
38115 19796
22572 8383
24557 7135
35850 4630
6129 2311
7235 31454
4309 4269
9150 22600
40626 23209
18760 11054
33969 30286
31398 13357
24362 17634
6876 16245
38457 37818
5894 12657
36640 16167
16910 26611
11625 36384
37760 32413
11705 392
19925 26669
22607 23629
10428 38092
39048 38178
3391 19513
31608 30213
25909 1005
2416 1820
40262 25914
21082 32301
20632 12130
22300 11212
25536 20543
27422 7504
38195 826
13292 17578
16693 32224
21613 2553
34562 21256
38864 1335
4960 28657
36316 7280
16036 3937
24342 24067
5871 31439
9356 33890
15910 13102
19942 4462
37949 13844
4150 13404
38662 19644
21685 20576
27591 1324
21906 7743
913 7231
38282 3144
9350 13817
31675 40321
1003 22171
14483 29516
23649 8167
27447 27064
15172 29216
14090 16874
22 31761
15315 11737
18257 11317
16988 23766
35138 32517
28943 16765
19594 30530
34113 8668
26192 28013
20401 14263
38106 32500
5371 18684
40687 22009
11179 32980
1881 30266
30591 3
13274 26945
6673 1349
13581 30071
30462 17565
24201 14254
12893 16636
9633 26546
11507 4822
16984 20856
28634 16666
6664 13250
10187 14007
35202 13977
169 37018
10216 4801
14062 28694
39724 37860
39621 21409
15050 38634
11804 14965
35951 6080
12813 34147
1904 39015
32463 40218
37444 4141
11192 21039
39901 18430
18636 26615
8036 12081
30990 24729
26462 8615
9286 34035
16910 29928
1423 22059
27110 21604
22067 22831
20034 34359
32815 35250
28873 22909
30358 19389
37635 22381
11633 34987
813 9604
27983 22064
29456 39889
14990 10838
24070 33809
802 37940
27531 38872
19101 9587
28601 27711
14070 26329
24692 32516
13784 7478
14954 4886
8854 14244
3296 26891
33372 12405
40183 30412
5495 2978
30737 35384
6453 28759
1395 8481
30741 9196
32214 2212
19959 28657
19459 31754
30616 27631
17461 11977
25880 9124
2663 25793
9793 4643
33889 15418
1020 25428
27988 24693
28873 28533
20192 4813
34404 28026
14467 1482
7118 8975
2761 16394
24938 2841
24172 7243
5242 24358
21629 9331
8906 27077
14854 21526
17072 17399
37024 13972
16383 24465
31367 29269
29801 27431
15399 28415
35226 11747
913 33192
28785 21078
4592 5940
5140 38239
22074 17423
13792 33342
33973 18138
1765 30146
13955 36783
22305 26889
15230 16686
26791 5099
15843 176
34222 2371
22490 25888
5127 27804
36523 17086
16072 21583
25412 28872
33737 19187
45 6270
33669 26371
18159 317
10613 21525
24540 35480
36790 37967
31379 21735
29414 28553
16830 3303
23869 25863
40639 31017
1604 27703
23520 37235
10930 12951
14279 38024
13223 16286
39297 12076
5466 34278
172 38138
13786 13430
22332 8403
25443 36277
32561 21718
17149 18372
24233 21427
33504 3807
28475 34474
15920 33337
2180 10843
4472 249
31804 20170
19959 35933
3003 25405
30033 20852
30187 39749
17456 25591
9153 7156
3496 31838
29634 15858
10874 20653
31226 37576
40192 32152
4522 2177
36199 40225
11411 30391
38104 20820
21610 14029
38297 23615
13139 14211
19167 31809
20356 20828
33223 10711
882 28983
3710 40061
3807 12115
34615 23215
21818 3068
29919 17316
4787 9254
36218 37713
179 31549
22865 30705
25201 32690
34437 29305
33243 14049
17510 6942
9549 810
6302 25477
20953 7181
27194 36443
33080 29748
11301 12085
29469 34476
7551 19650
37326 1826
36589 32529
33555 149
3387 27878
40275 16311
21256 36387
39623 39245
30201 32826
33188 27416
22652 24652
3134 7137
12231 32492
6288 31971
4505 37783
10788 3663
28001 25639
35792 14061
7546 24244
28884 33799
2803 1789
17615 6604
3991 31267
30899 17420
10284 16036
27929 4946
33874 35341
33268 22699
1675 14335
9714 32135
27612 25426
19880 7746
39897 5239
15411 14429
24101 7084
19249 3449
3254 27338
29589 26919
23283 6344
26572 3753
39420 34711
9353 10292
15199 8894
24190 24697
31111 34699
10335 186
11405 2840
10662 25656
9155 20520
32515 11979
35911 15664
9017 1567
8757 22847
37714 13924
21018 22948
19441 10169
31234 29642
15766 16831
15006 38542
10147 33440
22807 31624
25193 33955
16366 37508
35262 5698
5271 2764
16917 37796
18434 12122
11244 30454
35558 14327
40466 8216
19436 23128
28326 4325
1755 6682
1418 39342
5919 13888
3568 11780
4074 5990
12611 15207
33948 4875
38430 32133
13873 9400
25093 37642
7584 4041
3586 15971
34106 3219
18692 33570
14437 27643
9065 12601
25705 6385
768 13875
26417 5315
40490 17338
9795 12302
36684 10779
10420 34756
17739 35234
10716 23006
16934 20019
37102 38353
6319 27054
30091 9853
33024 23199
20728 38043
14469 30348
32487 17517
20167 24356
14764 13906
11920 11451
34944 18974
13229 11418
8925 19858
9203 34132
14432 16816
3652 28473
4071 38256
4538 19706
25415 4700
1462 20806
28789 29537
22004 7567
20217 5760
9892 30799
21148 34414
27970 14572
38553 14415
23443 33328
25012 32431
21207 13265
24797 15281
6352 7070
37082 37202
10522 5423
24176 20266
6664 5844
24527 10172
3307 9240
23395 224
40232 3190
9076 15960
28549 24613
16759 30715
11757 35915
27175 33333
21490 29172
16120 28284
11204 31013
7925 21985
34719 25298
12610 9938
26229 30543
24966 34893
39151 32376
12854 28886
7236 12849
14624 8731
29662 2481
14887 11585
38229 3727
2299 37628
5881 40012
26099 1278
842 14563
29537 21441
5080 20486
40469 35401
26556 39811
6686 5629
38245 35054
25210 11854
2406 39309
1592 7039
36619 19323
9205 23684
3486 14277
26277 2573
18425 36543
34205 10635
21469 15610
19503 9371
7348 22205
11675 25497
22960 6364
6762 8754
20558 22455
33235 28685
9029 10905
7053 23721
14628 21415
10761 32108
12603 8446
9114 39730
1061 38476
40159 38877
13530 26512
17917 32787
28172 11631
12830 14760
7227 18774
38926 23858
13219 19416
24641 25656
32640 11371
23103 12576
27629 19461
29417 21082
34940 37461
21093 17793
40335 22837
22811 21156
24782 28641
3942 24961
2569 33640
6062 13092
18318 835
1613 16455
5576 17484
25093 1334
312 32335
8313 20338
8725 29142
38225 23127
36008 37049
27310 29641
39864 17078
11727 18829
35398 33104
7174 7354
38146 7972
18338 6388
14228 30946
7992 6000
33523 22065
11499 34399
32048 7513
33412 12371
4513 7649
31311 31608
16975 18128
11419 24432
34941 22140
13130 1519
24544 10638
6149 7452
32353 4069
17866 36500
7189 19797
4756 32374
1140 2756
9900 16182
36185 36062
26930 3476
9923 34744
138 26516
39347 13953
18963 40088
28437 23285
4616 5804
37661 6536
23348 32475
24498 15379
9812 10942
10285 33268
30928 33896
32373 20397
38100 59
19936 39668
12075 15687
38225 993
35033 36213
10791 16753
19031 9202
23743 12305
35453 19537
18951 15366
2073 35488
19346 26741
10356 9362
18050 24269
11519 5791
327 2228
25995 27424
38820 23955
33165 4653
27721 39508
31971 35935
8548 6715
33281 39473
24301 6863
33821 1022
19296 38116
3953 39300
25965 19264
18275 31419
33858 9427
9193 22587
4460 1611
39449 8971
36734 4186
21880 165
34331 33675
24509 4654
25842 1760
24438 28802
13811 40701
9136 31973
10184 22036
24166 4665
23838 25279
31897 40550
35649 14069
28987 1029
20847 3041
6848 11612
19040 12660
28746 4057
39950 2032
756 10739
31349 24358
29742 11377
8898 31929
26519 13275
1019 34238
20311 38120
17067 6913
1104 310
12662 30799
29958 4212
10031 30852
16506 16150
11943 14079
14284 33929
5408 24529
18129 26106
23226 4470
12090 8127
10895 21737
571 37875
3122 8257
21242 31166
26767 23297
38822 2648
33039 1362
12787 29868
33376 7548
2468 29317
11234 6277
22875 15853
12049 18238
27737 11612
31020 34345
6803 24741
24540 35834
26329 24360
24190 27090
19035 17267
2743 7685
39190 7258
11259 23195
30489 34830
8739 39065
2925 16966
18894 1426
16288 26907
24725 39155
11845 21454
29255 36619
25700 38539
33847 28057
12846 32676
35073 35159
39238 35420
12340 24816
24714 33260
26639 4937
1584 34615
27074 38305
16692 24674
11044 7297
20695 24607
1832 15883
40317 33319
7148 16013
34770 5414
36166 31421
6213 4364
20230 17044
31416 29460
6981 16021
20866 8331
2676 11027
24795 24594
35252 26018
2762 28477
14069 38968
15728 21978
36709 16774
17535 5714
2948 22682
26448 38041
40558 39137
10115 11398
40435 38922
29207 20359
27853 12513
16129 11304
34635 8356
5328 17166
28269 33810
31269 6270
32981 26821
33724 26111
34827 3049
23228 40681
7389 11190
8153 5170
32332 9823
9263 22162
21368 36797
32915 33943
1149 24833
1109 33836
19168 38012
26007 39048
8441 17250
24429 16447
18873 18321
36107 5445
22121 11528
11527 21389
19008 17499
6951 2346
39460 1563
21561 32250
21111 22659
31906 18709
1658 6522
18132 15061
20869 9247
17634 3938
4463 38032
5036 22618
16768 20712
12992 27588
40641 36370
20072 16443
22522 9899
1750 34232
18814 10291
36354 11687
29290 22022
7354 17207
27053 9170
31040 14757
33843 9563
6445 37775
21527 37984
32798 1718
13320 4506
29920 618
35310 5356
12337 38186
6639 20500
16657 33891
18863 23752
6688 24593
22471 39371
23763 9149
19028 141
13833 14072
5004 23931
19919 29625
28548 12767
19234 27307
33385 39987
24617 30120
22595 25787
32031 17094
21056 27795
9912 16773
34807 26706
18467 20382
30298 33465
4296 29600
13819 14416
12259 29096
7729 14370
14474 2683
16725 27255
36970 6145
29798 23622
36279 9903
1890 39462
28529 8192
26531 35219
29151 5731
6365 10572
32226 16915
30355 31245
38905 3211
22401 6807
29402 65
23518 19786
15630 38076
8511 6138
11092 4278
4453 26419
19068 11701
798 22739
26193 31295
8793 16589
24315 29865
31685 7677
18001 13896
31958 20146
7049 18128
9040 10804
11994 1053
17933 8248
30470 3854
7665 6467
12340 36106
30412 11726
5632 18520
37363 9593
1172 22283
13653 24666
29438 7319
21120 21366
29741 21357
31948 331
25586 12170
6088 24169
10533 27416
34728 11109
5758 23705
2292 26865
2090 6005
19698 11063
2149 15445
40248 2078
31354 2194
3310 12804
11760 32390
11867 19455
29088 12467
12077 14017
16757 5827
36736 4489
10613 32606
31820 9433
32692 24934
32813 39453
37669 27288
22063 34020
21577 39496
20682 31181
20498 13573
32754 34793
25525 7184
27695 16047
18334 32461
27428 38563
4734 39088
11472 22322
27169 9292
32592 11238
757 37077
11292 22620
19458 8704
29035 37665
12736 22711
28771 34586
32435 35319
3419 36199
26207 1862
40131 7410
19716 17980
23962 9535
29099 3018
2808 18490
32673 15606
36894 29762
21953 18683
8844 7575
2016 9815
29281 29682
486 19190
40616 32836
8431 23328
33944 17122
994 37124
7196 30140
8665 28110
15418 31883
22055 21151
3135 28926
3871 37662
8147 10629
9484 16256
33816 23595
19340 39182
19007 34808
10590 8660
20275 708
14403 17100
23391 26970
33582 10717
31826 36405
29656 37570
21200 18664
38438 23923
8453 37773
34939 32797
7897 23003
34080 37533
23162 17469
8243 6149
9987 21808
37381 32993
20962 11558
24166 10091
30847 8326
29935 15414
28304 20277
19482 40123
39580 38773
168 12575
15762 127
8455 2598
36945 17887
7396 14857
36918 38429
1793 9974
34448 36895
20236 32341
31412 3651
11739 39741
32975 17757
15853 22472
36116 24865
22444 28398
18680 9270
16633 35681
22126 26776
17618 9365
11015 10720
28893 14619
3549 8014
23090 21985
18182 28776
7418 34779
12874 17920
876 29240
4146 38448
36719 12834
20131 8623
35427 38360
30038 35015
29389 3078
32968 29071
4891 33842
38417 17945
32397 29255
3816 40680
35557 913
13985 22682
7011 36239
4729 14074
9671 28256
31682 26011
9191 14033
31145 8810
20863 35202
33139 38644
8998 27574
4388 5271
7524 16465
21044 17722
11466 27234
3794 1499
30481 37934
23542 30736
38712 35259
37456 2644
17581 39997
32068 9966
3816 38828
18602 29324
31500 3214
5629 13647
31317 37243
9310 2683
21017 34756
30614 35551
27124 7092
17294 24519
17599 7368
37318 11812
25315 27898
17989 20062
25819 26613
7529 32111
23867 24739
6344 13117
17554 34255
36994 8022
17413 28654
21252 5296
12765 28165
38960 37565
32084 37105
15192 12777
13889 22424
11517 34257
39284 11998
5736 35720
38202 17857
14763 36133
25481 39813
14294 25748
27851 7410
30951 8330
24978 32547
2589 39047
17873 10572
13856 39522
29788 2452
27468 14704
27475 36062
33526 33901
3634 37591
30177 37875
33083 27181
12226 28250
22841 8383
21721 35184
753 13791
29178 15890
33343 32100
28905 684
16778 2734
11252 21978
5879 39057
34714 20049
36482 36102
18022 30535
22466 15164
14447 5415
29159 16671
27679 3273
36654 29123
22835 6107
1233 31639
6749 21247
10751 3279
26823 37704
2514 5651
9118 33696
9908 20266
38313 19232
1832 4799
27219 22068
9777 37718
22375 15813
12671 1794
18522 11357
24281 29962
29461 39357
4568 32210
3938 19211
32388 14456
15859 39458
23873 40461
10976 31747
32085 35100
7360 22545
2520 22640
33537 14141
38144 6870
33410 27097
16157 39502
19566 31112
15701 40454
13484 28712
25972 31808
13394 36137
21803 10645
10092 26344
12643 927
24114 30966
4445 20223
24995 9023
39868 25337
1668 17189
17483 29061
17132 19678
18860 7514
4708 15614
3581 4024
9134 22295
29430 12262
22030 35739
21279 16623
27684 33942
5111 5387
12047 35174
13840 27606
10903 19739
18403 14630
28410 6958
33701 30184
19337 6577
7802 8502
8938 38571
14935 30697
31745 7371
40000 13455
36091 8690
17201 37053
9461 72
40423 35896
19078 29334
8280 8140
27367 17215
27846 40635
31074 29955
9624 12723
16449 20802
25535 7795
27882 37259
6101 37980
32208 28083
7413 15092
917 30866
13999 11252
23680 2363
31999 24647
8725 20625
19272 12180
8294 12747
30157 20201
31654 30247
15374 24691
37819 22738
34241 34288
27520 39135
9275 39909
32194 22792
24267 20711
14861 5632
9076 21269
18967 5249
15328 3526
23668 38058
23015 23678
20285 2555
28079 35342
18534 19919
28291 24904
37715 21984
33686 23984
16621 14223
11165 22451
23452 6804
10483 32445
33346 25084
15551 37169
29273 26812
16140 19548
24138 35361
2274 8986
27795 3395
3285 8027
2394 36866
13901 30678
33944 7138
32211 13525
31319 13358
33436 22883
1197 1081
11691 25247
29896 14494
24839 11622
9169 18827
34801 235
31042 29709
38598 6745
34224 5327
1849 31158
20553 39300
39935 24911
36014 36307
19197 39443
7619 11227
39058 16421
30726 35488
15015 33536
15041 26355
10614 19449
21282 19070
12410 21914
8274 39801
2590 22013
3801 30564
7887 26331
39495 7619
4666 17887
30577 28023
20530 32132
18971 38820
32177 1751
2013 18339
827 28571
14933 7523
31277 35200
464 9500
15851 11540
19777 10287
2133 28957
14357 5148
27675 6685
34698 21424
28410 31980
23755 38685
11800 37580
3050 12040
7808 22200
29120 34772
36284 3848
3696 817
27564 37557
22118 34873
11550 29417
13297 15088
24550 35105
20290 26390
14900 17976
21952 24260
37578 27794
20016 21428
15265 28425
17905 40435
30105 4669
28907 3752
20443 4876
36668 6066
39831 26519
11270 9778
19157 9508
22945 20399
24732 34479
1096 24857
2924 48
27717 27461
8846 18876
18700 9979
3276 16422
21594 24794
30540 32947
26834 27787
27654 3205
23881 34959
19279 14466
14410 6690
408 36426
16808 19352
34326 2788
19716 38266
13406 310
4399 29825
7397 10052
18847 11961
12822 39923
24742 23516
3036 5163
10336 11549
40143 39720
24722 19602
18715 29188
197 20004
10474 35053
13101 33043
9193 39763
37709 12704
30206 3249
8933 24119
1784 16882
25170 13497
24384 33728
29856 19351
35804 16540
23420 31500
15928 26607
19807 8569
11492 39129
1240 8538
16170 1294
36444 24979
31428 22108
7572 5572
26249 33768
14544 18020
18731 29145
2204 5962
38078 40362
22225 18850
19692 28594
35247 34648
7127 3357
5588 16440
18084 24086
7941 9468
39593 19092
19283 30947
32461 20692
3743 25430
18208 11411
8918 17448
2172 35299
16643 16887
17361 29181
22602 25754
12172 25601
7519 38354
36944 5922
1946 26032
16803 9827
3441 39186
31593 4229
16993 13105
24684 34625
31379 4162
37440 19456
815 38041
20380 20619
27600 36138
27830 11488
21596 8051
27125 72
17131 12867
9692 34467
9170 33604
13712 38016
1615 28160
19104 31015
39063 17196
8467 2599
10719 37424
37004 38645
14525 19285
19459 23780
5926 31858
1222 32780
5036 38705
1030 9161
34750 2663
16507 22206
3067 20154
31875 1309
36514 30500
39608 19591
22393 16450
39636 17852
24335 12617
25118 9616
34569 28787
11513 30357
9536 30934
32708 37123
12174 12575
32600 21082
29387 8887
5266 14563
34318 6695
16961 1744
26397 24579
29473 16474
9451 5613
11810 38578
39765 13135
36323 23563
22985 25235
9979 32564
5603 2026
5628 16083
40498 28447
16655 590
1317 14721
5629 33691
37147 17035
33749 8056
7010 22880
25490 33529
38459 9837
13397 3147
29254 3904
11047 21414
1245 11556
504 37185
36247 7366
39971 22931
36902 127
27105 23595
35325 33334
25867 29436
39653 12907
29276 16616
7128 17809
16283 9857
7579 5667
8366 26426
7780 38905
37074 39201
14360 6469
39073 33916
34355 39141
29712 11935
7671 12022
32340 24379
38078 28174
34296 24682
24206 36786
12605 15497
39290 3591
10716 34883
18836 27267
30447 4921
2731 23964
3687 35672
26562 23144
9992 36774
23933 4584
6367 27752
6812 7228
18627 3371
18384 6353
13691 8602
32347 34460
15172 31243
24772 33504
15140 29453
51 17227
3876 387
7982 25631
11352 5272
19237 39867
21773 7268
2287 7950
27997 35506
16281 10187
5729 32554
31428 17170
6084 11319
33897 7670
28457 35090
1779 30417
29382 25497
24615 9101
20692 237
18222 26545
38133 6084
25584 17301
37662 7667
13686 38836
28818 25805
37495 12105
33229 25304
15499 5024
35733 38207
26011 12800
39309 17428
19077 7474
29499 13307
40041 8157
22646 2951
29196 10825
38472 25040
18050 19621
35399 5500
16280 2512
15951 10675
1710 25311
32642 23120
24285 14019
27068 25849
33986 2628
30764 6643
1900 38425
20598 26107
21823 18432
31953 1970
39222 7057
28370 12422
12937 29928
1663 10983
6933 10701
39968 4366
36519 24388
16401 39382
27066 3306
36641 29454
23551 18588
19280 22812
17755 33578
22381 10105
29404 3122
17702 15258
24580 28825
18781 33156
27059 30364
16480 132
2865 29082
31592 8097
34384 19481
26168 29109
23414 9615
22062 38325
23884 39823
13070 5853
8806 17664
22733 19016
2307 39785
40618 17441
35279 3071
1324 18562
3431 38245
20900 15787
18638 38634
1544 34551
30269 13456
13965 31901
5288 7428
19438 23347
19471 17108
24415 36318
1040 10293
18216 21090
33824 39802
29859 12282
15461 21107
14673 2567
21638 332
7808 18511
19936 10913
29583 13286
30615 17634
33061 29842
23530 12368
6694 4416
40257 6831
32551 26064
12958 5746
26082 2344
19291 20681
27744 18644
5121 25169
5876 22335
14299 7358
26239 10814
8430 14599
32848 515
2334 14021
976 29101
34694 19790
35089 37581
3704 19532
10865 18404
20476 25284
19805 12513
31661 23246
27618 25082
661 40730
7763 1317
543 4494
10637 39572
23417 36360
3832 26254
19088 12764
1494 33241
4325 8107
35181 20150
8395 9262
22286 19359
5035 24189
33761 36042
13738 5294
27512 17021
19508 7055
40102 15146
15411 40442
27036 7643
9044 37119
9808 18792
35902 17035
13036 36930
2121 18827
14721 27025
22661 5478
8287 12940
10144 29974
36161 29983
31689 17147
16171 13604
8021 174
31465 7805
38231 7087
35127 11646
29222 40693
40323 33292
16692 925
37456 1577
10677 38731
11537 3897
31358 28509
9874 14958
31167 18849
17780 35383
5844 40411
13263 27766
35779 13679
6280 36548
3212 34614
4253 34086
25117 9756
7494 3868
3510 22378
1774 17914
37545 8573
14966 16898
22443 15481
17121 16327
23159 34118
39777 6192
38777 7209
28667 38094
26 28005
8266 7659
18418 23723
1950 33200
9313 4408
26877 38470
14760 9451
35697 2898
20898 2748
12789 32410
33725 18802
27967 34313
33421 33623
14190 22288
36094 34735
32660 21861
32530 39013
3485 28346
4331 27845
20584 21634
33517 25575
4437 1853
10853 23468
24652 19710
32347 37737
11933 19899
3361 18080
28791 17289
29385 39905
40700 25899
22585 6515
40304 33281
32256 3849
31146 26871
31359 25932
36081 6405
24404 11135
12625 3803
30229 26418
25961 17519
39463 38421
40147 10006
37851 25621
27841 20981
4131 27423
2774 12927
1266 18907
24520 38263
19239 7619
8389 36708
20783 8880
16127 40058
33926 28617
8828 17049
27508 19586
2800 2605
3773 18158
20277 3945
22082 35570
14243 34568
18305 38343
31531 33003
27672 23400
24560 6376
7656 31501
15762 8940
10733 28502
21610 4
11849 4699
5965 18822
37984 18929
30929 30804
27234 7309
22099 28461
18614 14080
38400 19746
26945 37421
8108 36334
31308 27575
38329 5987
12645 17973
673 20863
38106 9133
21127 18623
12891 8351
2138 37144
20817 16825
33933 18029
27879 39140
37893 15377
2402 22291
13102 13085
16107 27014
24866 15827
30967 23875
15896 2069
16026 18394
23996 7084
35000 26168
33107 30351
3258 9565
17984 17309
18249 37471
20416 8910
14564 18370
7037 33670
35380 21141
28137 6429
10169 32327
5621 4486
33007 14844
28057 37402
17970 15546
36029 26690
39304 4751
2717 19427
22787 26838
33282 20381
38685 14801
31304 3094
14650 515
15948 24230
34724 26061
14129 15530
10046 14850
39013 17232
11904 30796
34266 31518
12200 23210
24399 18296
11331 28948
22431 5632
1577 2542
19941 19661
164 32208
14940 35343
17194 21717
21276 24949
14873 30105
5495 32323
6803 20805
16984 11034
19977 27841
37032 9301
1120 22803
33707 23431
22803 37008
30165 38610
30355 15093
8610 19672
5917 12431
5525 36753
33855 17115
26766 29931
12047 8348
5249 32159
18452 2218
3218 21590
12705 32376
6014 39317
18325 26178
36697 2090
26900 16173
9668 21282
3899 19894
8263 3591
22853 13689
24012 15109
34146 24245
26808 8182
29746 15227
33085 29224
37751 27781
12971 33821
29063 2365
3275 8137
31063 26123
18454 13123
29488 7203
25968 39174
17998 3983
4094 36698
10884 16675
9229 8938
19144 21413
7480 26900
37000 39523
15360 8463
28732 11542
29944 14020
29721 30981
37943 8366
11962 7031
38000 23129
30521 36928
29703 28833
2820 36738
32705 16305
32045 10782
32838 28848
15050 2248
28600 10029
19803 32709
10564 20776
9014 9083
21743 34199
12423 25576
19225 40545
12056 9015
11291 27642
1008 4413
14398 20873
26490 23969
32150 689
30376 1891
15712 18639
38665 38296
6833 38540
33522 36138
18840 28437
12327 33987
15087 8909
13359 16872
35993 18053
35452 36388
2681 15745
4545 18637
12827 38181
9447 13529
24920 10883
2493 32663
25501 17281
37010 16121
30271 2898
1780 31707
34389 12432
35194 15340
27288 33990
20413 21926
28921 24972
7357 17060
5084 20793
32504 32196
7172 29617
14968 21352
14217 24342
2109 18040
39744 28890
35561 35405
33979 9945
26901 22856
16609 3483
8205 7893
27796 21722
7231 5472
2912 33037
21633 40594
37656 7126
28741 21900
12577 25830
38448 7291
16859 27430
30126 24077
5518 17062
39749 10780
27963 36249
31095 28490
35481 30699
28107 7102
27570 5177
15828 26774
34611 33031
11311 31989
10227 18591
15207 37458
30002 27545
38055 30462
24007 18203
21304 28475
16509 16447
22470 4944
7360 35935
11208 7967
9291 36410
27762 30206
30871 34881
31187 28213
29560 7440
20137 35027
34552 31767
22164 33776
34233 10322
9126 10534
23085 9246
26350 18110
35217 32157
815 39752
14150 22570
15578 14086
38241 11538
30200 18740
21000 37243
17750 22729
32221 37831
16097 7188
8042 17902
14713 11248
26457 23726
25181 1756
18504 21656
16845 32193
13656 7109
35921 22716
751 14261
6531 20911
35472 15390
31204 25776
23212 24495
12302 2602
28128 22705
33760 35607
33479 39795
32931 17066
32839 30309
36606 9061
2600 9274
6658 14283
12749 904
17546 37622
11607 22991
13886 31346
33753 262
7329 13670
4257 29027
38962 37419
29450 28037
16318 38408
39741 24059
35986 30792
29110 1056
16640 19211
12787 24177
35197 29814
24043 7524
4076 31059
5682 28997
14101 16759
28894 25496
1803 35960
24609 25584
5603 29872
18072 22338
6430 25894
34505 9413
7709 38750
10768 1200
2791 4923
37901 38210
7814 12385
30642 25180
2297 18388
4762 34810
34175 35552
36769 40276
36986 30182
1018 17317
3351 19785
30015 4558
3724 15866
15882 33811
40376 26919
24453 38374
34428 35853
5500 26266
24911 36219
39296 12179
38735 1000
21869 20230
25398 39986
3476 5793
38215 23107
6555 16453
29215 16640
28322 7203
19261 16968
33685 33944
5776 20135
29362 15118
29422 19562
30187 23566
38114 2760
13880 39003
33537 37385
19865 25642
33392 21691
24418 9238
11008 39869
16202 2853
23294 1891
17586 25588
26298 35789
10886 10078
34316 14576
16360 31439
1866 17373
4316 16225
24788 29574
27914 24279
11356 38192
23433 27165
39128 28126
4328 10048
8259 12882
12805 1952
2370 36275
2637 20818
40359 14109
8189 39884
12542 2252
9778 27561
39761 35478
8258 15747
8264 16730
33154 39380
30956 17852
27940 29354
35787 38353
2015 11443
9417 3059
21118 39747
20684 9950
40002 23913
21859 9651
38083 28632
14643 37150
6005 7916
30705 22592
239 40010
36449 23169
26 15285
13015 11466
16373 35770
18918 7835
25048 7135
39310 3367
30086 34345
37681 21926
18227 3901
17584 22225
2969 19947
4843 10991
34533 9301
32050 10272
24302 35695
7545 28265
16406 28497
15696 5181
2326 16700
37228 15541
1708 13618
955 26886
29435 23222
5218 19805
33217 6712
20056 2355
40015 23999
31827 16656
24727 10826
6426 24500
21289 13065
36690 5635
23574 39665
20189 12454
25770 5389
31886 20390
11466 16064
8025 16837
27327 26591
16266 13160
7329 14101
7472 20825
23129 16539
25315 19748
39869 25988
27500 23809
26586 24112
35650 17799
39923 26224
39944 38819
26580 10748
3766 20711
34694 7030
37316 3185
39837 40184
25966 25343
5717 3637
27880 2752
39004 16505
26493 1596
32302 24977
15200 13900
7177 27535
8897 20391
1802 410
6556 34543
99 25170
23735 14726
30907 34698
11039 7988
35923 18055
40138 18137
20726 21774
30467 6547
23840 15193
31761 20694
22138 18449
13655 19826
2715 27330
36106 30456
19283 22177
7426 34668
35688 25449
17263 25767
19453 34373
37516 12654
14015 38720
21468 6209
18039 2081
6195 27868
19180 35877
27072 30
17972 41
5869 31724
38352 19692
18509 3134
36424 22642
608 3718
24002 10774
40034 7597
28246 14297
27132 26095
24895 38641
29157 19816
36794 12497
35462 14273
23501 36506
21884 27038
29936 33288
17184 37501
14606 7875
36261 28892
27831 15142
35972 11756
4830 8017
32819 21563
29403 17899
17391 29055
11919 25187
23467 36750
17382 23987
9966 28043
2769 3325
25840 3046
35174 38436
12413 24611
11940 484
29579 29213
27669 31537
39896 563
34447 24457
10777 25639
22218 4831
8941 15575
15350 17552
20555 36574
20691 33954
24184 18590
16943 35442
10663 27688
147 26623
8183 36541
35018 9118
30022 36212
34112 37605
12494 4547
5390 3994
28183 11355
21049 20951
34836 1126
14779 5025
38874 18544
27439 17209
30279 23157
24902 6280
21298 28229
15308 535
18039 5035
32330 8421
10059 876
27135 18151
34775 2957
2629 38474
22038 7707
17442 16830
36324 2118
16907 2671
2380 5461
30165 252
33006 17685
5038 19245
22020 16442
10909 32429
25849 14502
16170 8915
37815 13288
15695 9359
23689 3590
31049 3840
32649 4471
759 23470
16106 31790
8599 18695
14108 30214
5288 37678
24123 31
18818 1716
30840 16619
22720 19539
38279 12466
10855 10743
28669 10951
23993 13103
15236 30715
38466 11282
29711 12230
27281 20675
32755 34681
34592 14876
2031 28715
23339 11532
28602 18481
19009 37807
2934 9500
26156 23683
12999 5445
28654 36283
34180 15992
17451 39886
27006 24240
36293 32686
7875 7888
18482 12518
15410 25926
16281 10169
40178 2799
39949 14081
40655 20888
39459 9235
19556 30045
18581 17600
5445 31730
451 37020
22008 37345
17725 8984
29696 18701
32004 37391
24756 1367
20891 6242
2555 34713
35083 17728
8159 27137
2849 28478
32587 23338
3676 22514
22393 13922
24034 15345
14695 4494
27384 10778
16634 5345
3435 37620
15246 16382
8895 38667
11915 16468
36229 7400
17238 27309
9721 13526
39454 33871
26343 13305
24988 11650
15639 25186
11088 19971
38165 11558
6075 4273
29660 19033
15423 35360
9074 14186
36329 7994
11260 14685
13004 33239
32434 10519
33079 36564
10716 10771
4460 34636
30981 28220
36489 20936
35942 16108
28549 109
10432 10194
19141 34649
32668 20606
34980 13337
35661 17936
12329 21557
40724 5283
30519 30912
26502 8039
37412 33352
480 21723
27008 14034
2541 12886
29980 24339
14023 17487
12843 8020
24663 10630
40600 23431
20998 18074
7065 15187
27630 17585
11519 4668
5754 25653
21515 28365
9233 24125
39329 32508
10567 13791
18991 2651
20634 25354
19572 24739
12503 22194
29586 10546
39014 16258
30603 32292
18722 35041
10340 17104
23957 9434
19571 4744
35820 39768
6700 24312
22613 23924
26456 6192
5712 4960
16633 27722
34739 15758
31564 12678
2538 38736
2982 31314
11077 31518
34336 15755
24130 7002
1717 23173
2662 9351
25631 23354
7088 38020
5995 2171
14442 13794
14782 23513
9118 17977
37819 6617
6610 26768
11938 34304
31106 34215
27320 33987
31058 13987
2649 21961
1689 17718
36010 31597
3572 24861
3421 9416
3764 33433
28284 12981
39560 8321
10835 8670
18233 38488
29086 29295
11794 5225
23586 25853
40044 5108
3812 40132
35137 30288
4187 24733
6232 5106
11501 9820
3314 11747
37611 30665
21794 9335
27432 5773
40122 29729
26391 30652
37408 10536
35462 6262
30907 2325
23782 895
36967 39840
24225 8820
38743 12626
11609 24706
20207 33344
33270 20887
36360 13949
60 34051
24263 20308
36501 37687
10533 26788
29426 6344
20557 20746
32447 26862
16508 17435
23123 8900
26324 33055
35373 17537
16857 35753
20324 33986
11484 9721
21978 24273
715 31070
12582 23239
17707 35142
18297 33924
29526 29677
3032 33752
6588 39116
34784 37679
12647 30888
5898 1930
28031 34845
16921 28288
30793 6844
12544 32759
7517 20196
32493 6403
4515 25180
9745 27980
37175 10566
25693 27135
34019 27501
32951 39940
31082 2409
22013 39411
570 2449
739 22378
14393 33020
27821 9650
7700 20438
13567 20146
32879 15864
3781 30675
16329 39006
30582 31483
32705 32192
26780 38666
19198 17547
36978 10294
15274 28231
4053 39886
29534 12265
1618 1678
13340 4009
36259 21389
11114 22312
28103 18236
945 12660
32703 12238
14609 25976
37942 18564
39728 16433
18031 20302
17523 8232
30366 28983
8877 39675
15224 5082
26941 2639
38199 26972
10639 17481
1897 6583
7967 4930
26108 18099
35513 32953
29046 11521
37314 26700
30706 37840
23670 6654
10687 35844
969 28343
18987 21928
39901 6575
6237 18337
2617 7030
23605 31519
39029 36861
25771 16356
5056 26634
24272 13259
38347 14546
31058 29223
27070 16995
37767 34616
4068 24729
31188 2622
14212 33240
23373 10056
4824 7709
38922 37758
7956 2431
26893 31749
40149 6101
37294 15565
37750 32060
27480 10985
26677 16296
20571 5689
32814 15599
39132 3165
21773 33079
6587 20920
11359 22613
38509 16893
4473 39141
30513 13958
38097 9257
29774 18988
14432 31657
635 20966
33295 16703
40606 6703
20257 25477
20058 2673
38036 37247
35456 11187
20071 360
15207 30606
3756 40109
14969 226
16335 37402
31592 12766
1657 38976
30184 38871
19742 1245
20706 21408
37863 19360
31826 4194
21380 35618
40526 37689
26998 15374
36358 11301
22415 6908
21803 28258
18007 38188
31365 722
1691 19389
14182 20999
28992 26145
17088 5838
33368 40175
20265 16575
21257 32141
14049 19342
25563 31294
14840 36581
12496 25552
9618 35793
13692 38639
36458 10434
3572 20541
18947 327
37686 2828
39069 3498
2861 1992
3206 15990
15453 14005
21759 56
12369 6650
12292 29815
22988 40381
30818 4888
762 27654
7349 9258
7769 30260
10925 1018
35304 32790
12564 5549
7601 10418
13335 8284
4937 28458
32898 17621
18740 19194
34242 6928
31258 16019
2451 19453
39474 30742
31802 9437
19922 28855
23522 15603
16804 22670
18319 26906
3098 31988
21147 25152
21073 26923
10787 22614
4149 27718
29548 31061
28767 7047
38920 32906
37530 26635
21607 3152
14375 2562
39357 20371
39966 17446
19097 13065
39223 40262
28774 2512
39191 10216
20549 737
3858 16292
36740 293
26643 27441
7561 34134
38309 34041
32106 31940
7711 37047
13033 22174
22373 40080
22490 32034
32942 4067
19712 3515
22330 11336
8675 14055
1524 18271
19387 16937
17263 1222
25695 11140
15629 30771
38219 39530
11752 23780
19580 3224
20580 3833
801 9137
1400 38772
25161 26374
32297 40465
21403 27174
21454 36790
10969 26673
941 36622
23865 21808
27198 4011
4999 36235
23173 36978
15734 12232
29755 12724
2146 14897
22416 16246
40513 6677
5617 19436
7280 40354
20762 27248
21020 21356
19930 18464
39711 34174
20585 24811
25447 18584
27724 2498
14977 13205
40229 5174
24371 25426
26057 28083
25909 25704
5095 21030
12668 5846
4734 36034
30292 16510
39972 41
7498 34524
36742 6181
20164 8845
24898 12003
15462 18444
10847 25073
32646 35252
22914 3007
5991 25867
37457 12993
18552 28475
10671 4845
39102 32322
15115 38752
40182 35206
22366 19353
8323 7438
19511 5405
16308 17081
28809 33931
4851 12015
37238 33752
23882 34781
21363 13612
11641 33053
30800 19373
33443 16176
36860 26077
24003 5916
37785 32285
9843 22463
30961 27585
12698 37350
14023 34632
27111 29062
1960 14184
5189 19944
36776 17159
24384 11098
32839 3472
7626 8398
13087 4449
5513 3947
32309 39349
23092 18544
2829 11492
6686 10176
823 17232
21570 16254
35215 14281
7523 35896
14665 37495
916 34163
5007 998
26981 11703
11214 1528
28921 27008
16062 38706
4830 18977
23110 35459
22657 38860
16200 33688
18438 3610
28246 7069
40004 15015
3624 39295
15891 34515
28438 16809
31169 32155
13756 31510
5687 8812
1843 39639
3591 24192
40497 36882
10168 2893
16580 8551
18771 22492
5497 3174
17344 12855
39722 37236
19991 18674
6634 23036
37411 20153
34081 24406
12133 26670
24475 6758
31239 29608
19627 23473
2769 8821
12623 33593
33959 20215
29334 17229
24222 35295
27582 26003
17135 18356
2333 8375
40232 2531
40408 16757
9196 1928
673 25103
10798 26283
33038 24571
3528 24391
1063 17273
12258 36891
19260 2495
1332 29512
17380 4402
2173 23446
40365 8321
18665 35008
33407 30682
35918 11730
907 35082
35903 39449
40472 8797
4384 20942
767 26148
11745 6104
8715 5694
24616 2522
25865 6639
15691 3288
37216 10491
33981 5411
332 39173
33331 19558
26657 14388
15516 9299
13399 22405
18363 38591
24981 6942
32374 17720
38451 39640
33076 14730
29129 35751
6641 25764
1232 5966
34273 21811
40566 32244
1448 37755
16249 39671
8285 31844
2557 33426
10760 5614
24448 12871
5073 27421
37273 23402
5419 40072
40342 24218
18988 12211
25254 40446
21262 4421
2670 21595
13286 10998
25115 10045
13508 40094
19721 317
16179 11066
31782 22530
40634 16755
19115 1675
21584 1560
10548 31462
6010 22473
27502 11298
5889 22183
13488 38287
25042 32174
6029 7476
38248 6180
22872 20773
5601 19272
17211 20904
1629 19857
7739 5471
1010 35569
32122 1229
16958 40322
33781 10842
12563 24737
26167 21006
21292 28462
7126 17150
37977 17973
37224 208
36846 14814
4975 16793
29621 39083
7319 29744
21663 36632
10809 33064
23402 16935
11714 16403
513 19665
32289 29877
23391 1729
18604 34410
1477 34351
2661 28688
5208 2829
11815 39759
28653 20696
19208 15047
40480 34865
12024 13158
37269 19188
15388 16524
29701 35618
28957 34154
22799 25077
9466 34263
37225 33761
37271 11542
37751 330
34441 37278
25953 27694
23003 17444
19619 37905
375 14213
6305 27038
7900 25147
3885 8615
40345 15563
21011 19820
10413 22069
35297 17089
1041 37836
25343 11792
3260 1100
28282 5210
25747 36233
26042 11012
642 28678
31284 19033
28622 11142
22024 33846
33757 3532
33057 34154
4223 38946
13738 20195
140 25663
5319 23573
24313 32457
1541 39973
6401 866
1596 31012
10219 24697
22684 35703
30844 9241
25133 8023
26688 34814
39263 2308
4573 30936
32594 32420
34366 36541
26350 34940
24913 19926
18714 15278
5336 25216
12298 7929
39019 38313
4029 30957
12058 5961
14670 32956
16987 956
5158 38392
30471 6757
15839 34340
36620 32458
8142 26039
16146 30555
15047 16583
3158 8891
12247 24034
22415 30014
25447 15258
19781 11339
18606 8403
30538 12530
1766 12575
10864 17887
20756 38521
11088 26677
16411 28207
24866 21813
5222 23895
909 7935
7503 28159
17319 23134
23585 8066
37467 27203
32428 16535
6537 4099
34454 9434
39474 18840
16475 14794
31803 15665
26629 16409
20762 30930
33110 31737
5685 7158
25847 36789
23746 27208
23934 13444
13363 26938
15920 1420
39901 3614
30977 3787
32453 6863
15332 16189
29559 24478
2967 25995
4689 26360
37521 29034
38620 80
25972 23332
26860 36303
18943 9569
14789 23201
7544 5676
20274 13984
32924 22713
3025 12134
22159 19860
2586 40545
27123 31815
5524 4957
23511 6813
26769 40335
20008 16736
37957 21821
35335 2446
6949 22189
4990 5144
30182 23958
2993 12653
16279 9313
35737 29443
40463 7894
8626 13133
32239 1803
34977 22521
37218 5280
7775 9062
5094 20140
15949 20405
3346 7708
17556 40711
25947 2296
25519 36006
40657 24510
34731 28588
32531 1803
10692 35794
11367 14241
23950 12178
34247 9183
14819 28825
4168 16955
8543 21190
18177 37099
28049 12758
4590 27157
14638 1958
5962 5680
3466 15986
6330 32615
23114 29302
38171 21079
38313 40676
37002 30726
21264 33892
32376 26091
2265 8274
23494 33909
29851 35696
35155 19227
369 5285
29386 7488
17168 2775
23484 4524
13675 33122
18576 5158
21146 32156
7709 11420
26582 16136
20394 23661
33050 40156
2488 35915
18085 36304
34138 32018
11403 7750
19459 27705
32239 19804
10587 5851
4700 18508
11362 12529
31826 19113
13148 34786
31757 24611
30038 17347
29464 37491
14241 16863
21912 18732
2835 3663
34701 19770
26092 33116
11446 2212
14799 5527
23198 29268
32471 10489
18368 18710
16481 6385
34772 9635
31382 16052
37817 14295
20766 14231
36276 34623
13309 5683
19464 37874
9497 25431
24461 20464
17428 26436
1756 7968
12570 37774
19668 15652
38142 6070
898 740
9176 33603
30982 3407
21990 211
24852 25691
30599 9496
9870 988
39881 13434
18597 31728
18523 7347
40443 39215
17305 29641
15203 12776
501 5426
14810 22415
1694 16781
33334 28640
36078 34126
24953 19182
36815 40512
14560 29299
24114 27014
19804 23137
22897 31517
38014 30515
20222 10818
1240 10545
17791 34085
10563 31776
37677 25874
20210 21317
15479 4615
33874 34633
12060 32962
28352 20290
2266 24648
2971 557
1158 19487
22327 8625
57 40151
28452 1431
37970 39574
14065 10351
3128 32907
10992 1162
34781 28490
31197 15857
14772 15841
38874 5722
5745 16825
18492 21579
17572 14025
25123 22208
23504 18063
21267 38688
31486 2791
28305 25826
29585 27795
15527 35988
22728 29563
1177 1470
425 35312
17099 12879
4390 34724
37089 15113
34583 24731
37976 18814
663 30646
500 11929
11431 175
21739 31570
5152 3906
20483 21852
2277 15118
36848 3508
14397 26126
8228 5142
10161 3704
34814 26936
16911 18025
7240 8650
27715 29127
38328 8662
1411 21477
523 20520
15403 6285
27566 30990
36227 32329
6791 3310
5733 31255
19545 27961
30082 19286
19105 37983
12480 15965
17228 36283
9158 39061
30981 12673
24269 8672
30703 35848
18492 24170
23934 29098
31750 38784
35258 1097
38421 28343
33156 33924
7175 26210
34081 30747
1612 17050
3332 3490
26878 3733
38395 11065
14237 34609
34715 9048
3480 12369
15157 25840
9676 6691
8845 22978
31641 34774
6979 16448
29689 5839
136 40257
25262 2316
2419 17011
22310 2728
14349 21708
31013 15849
32572 17913
7357 12176
10385 22147
30209 14519
13642 32584
37555 3466
18876 7395
10205 20351
16471 19539
2220 35739
37288 2075
20901 29116
25419 33925
36720 23202
29213 27857
615 33680
15071 30458
5389 28801
18372 28887
25703 38824
33141 32083
8177 17297
9072 14500
27018 2584
39814 29905
17260 38058
33420 26250
2340 8571
11627 21218
17111 31253
9069 26216
16016 34958
22907 10786
16018 7943
4859 181
15945 904
22638 6060
11119 28638
2796 38369
13521 23100
40626 3149
13372 117
17303 13006
30453 208
24759 34134
11700 35975
28241 28474
3266 17996
17363 5301
9273 14745
32005 17252
12377 38001
25879 4192
14185 30741
12017 28569
829 38186
24128 19341
10503 2755
40393 416
28871 19084
2669 34342
13691 13321
39753 25575
27926 22962
13236 6217
13170 18466
2356 18461
15244 25369
2911 12533
30315 4249
2372 17917
25333 7149
30087 39067
32787 26016
28219 40045
33773 35092
9202 18611
526 28978
27309 7286
3515 38203
2535 11091
33756 34401
36231 4007
864 13697
1784 18770
5727 1427
29695 13414
14498 40087
13584 16712
14661 26495
2929 256
12518 37333
36819 5466
34606 8247
35735 27989
21599 17832
37159 138
8658 38122
4010 6896
10756 39003
20432 19567
10946 789
3950 4199
12504 1948
26449 4697
40102 17595
39666 38612
9634 21125
30869 27815
5164 9153
18233 14941
13257 38035
1411 27532
1824 16330
29654 19266
15495 22186
1988 29270
35406 8555
34386 14097
25685 40649
10573 23043
31711 37906
15500 19389
39374 34252
19587 35531
27642 36831
17946 24659
14503 16432
23518 34807
33413 33081
36043 8186
2555 9853
21988 23766
36235 250
26641 34398
21088 8728
2036 12671
19369 6419
13807 20785
39626 4271
36317 7378
8713 27416
15254 7332
37586 24915
10010 29480
5179 22713
37801 30438
16173 14139
5766 32723
2155 19021
8024 4280
34943 16340
9232 21807
8982 29509
14070 24820
4463 29430
28327 5927
29029 30520
40338 22132
13346 39220
13899 26106
6660 25594
7486 21206
21421 22742
26641 16452
5236 11044
13391 5112
37901 30924
1073 8799
26006 4987
40215 5271
36926 32708
37760 27952
36837 33390
38396 23403
30138 4024
31506 35611
36188 11023
5884 26783
19582 8192
37150 6910
26025 368
36863 7405
6541 7835
22575 32812
14961 7836
33264 8464
958 19146
36644 18069
129 27666
30916 10791
21228 36710
30364 32946
6815 6539
14650 10051
36179 25324
1627 5133
37100 38472
19979 27116
1692 34538
12758 33303
36797 19186
38362 36600
15130 22409
16572 16038
28189 22288
32646 31288
40125 35690
40538 30904
37777 6792
25025 28001
9913 22702
22117 16634
40583 25170
36323 21639
187 12573
9513 28595
13700 4028
3801 38294
29216 21202
8447 15968
7588 27349
14376 37495
2425 31140
40203 35623
25626 2338
32438 6920
39314 36656
39888 10621
4612 30292
2540 34244
39270 36586
25012 7255
21445 34684
29935 449
11179 23150
25125 1655
15184 9129
17847 21860
6744 27091
39845 30643
16125 32462
10593 30758
28504 32848
28607 40668
16514 14258
3614 24952
16257 29356
23818 10671
15742 30896
15840 23820
36142 40397
35539 24148
20476 6956
1003 36395
16063 32873
32664 34579
27160 22091
28658 31342
13234 29191
39643 2828
9389 33486
32551 15575
1847 22090
39217 20857
22842 26324
26614 36682
32009 8058
36782 27157
1872 13408
32495 1535
16816 26973
24324 32305
52 10872
22907 23541
20640 35656
21764 22331
26126 4181
4380 28803
22653 15030
11484 27895
24373 18732
10554 35343
31736 29604
19849 3528
32813 18153
34446 20166
1200 7595
17086 5118
37939 29648
2539 14086
11561 22786
26542 9586
10284 14406
18687 8576
30686 7280
35656 23473
9646 21999
38787 19542
35176 15437
10907 8154
3428 24168
33490 18903
26979 21079
14629 3644
11820 13224
35091 37179
28595 35691
8053 35869
35309 27724
6734 8833
17343 19925
21555 28599
18203 25923
10235 21064
19807 10017
7298 21599
6356 4578
13820 39668
27060 30062
6114 3769
22921 29450
3347 31776
37605 36968
11947 24245
8360 6699
7112 18039
27925 22525
12747 36837
1751 6502
9382 4128
16859 5946
9110 37146
27136 84
13056 5054
5037 13735
29328 5767
27829 5151
17394 7946
9718 13095
39136 17591
557 10615
387 26648
258 28749
36683 5609
23925 32931
11900 24146
23322 6065
19205 32862
9680 29957
32419 13633
12815 13865
157 1461
30853 11566
1184 30311
21964 27975
19833 37470
27267 10379
2398 38756
10868 38349
39938 10644
1781 28207
9857 36800
25807 19032
37561 34376
27715 568
27839 38770
31031 13800
15791 31435
5234 38182
10458 15567
34047 15251
37408 37409
7183 20510
18808 22679
36293 36675
12400 25505
23668 24219
39472 10598
4356 13454
34207 29617
33603 577
27187 39500
6984 6192
18330 22236
21869 21806
24750 2451
19824 32802
8241 39180
16053 23083
36421 24967
1765 21163
24460 7536
22220 3081
36006 24725
1066 31513
2685 22597
11161 4706
20597 31705
30488 3442
35027 24818
9300 40140
35652 7608
31615 16429
8498 28606
38592 40326
15129 19850
8830 13803
10373 3320
27828 4901
39957 15958
9927 36976
226 31105
36697 21172
4085 23934
22126 27302
23003 35748
35380 38276
11318 14465
14175 35400
24609 3858
40328 7391
25848 38778
36533 28015
17481 18638
10000 22299
21129 6854
11000 31310
31841 7750
24460 33684
39357 28249
34610 11014
11975 36026
5784 39641
18620 21018
22539 24744
34718 39365
19703 19706
37477 8464
26314 37093
25585 11320
10781 17508
37941 29509
9636 12694
32323 22140
32774 11459
16107 2754
18561 30358
21459 38004
23870 10298
5497 33023
30909 3811
19965 20470
30749 32869
20879 5120
32126 21158
10073 27607
29472 36274
336 36860
28796 20715
10987 26486
36109 11993
21171 20810
26819 6632
22118 13450
34033 34377
25251 32977
26046 22631
31355 25458
3016 9584
12524 19463
17971 30397
35797 3369
38454 30807
16199 4813
33761 36025
33955 37059
12918 24197
37928 30468
1251 37788
38465 33827
40121 31586
7545 36028
8742 2765
13996 39399
15357 2632
380 5371
1780 13821
39655 26989
418 1812
10264 32129
30772 16088
26894 6472
19710 18233
3412 30336
37992 26386
19469 8493
30648 26117
29195 29818
2396 33745
29524 40610
2539 11873
2893 16535
8830 19227
15806 24735
5228 14619
30193 22396
5407 6219
8909 33520
24893 28168
31131 1216
22917 28152
36421 1586
29517 2784
28844 18233
6940 15585
6880 13090
15936 29517
12651 32981
33065 5678
39743 35695
6784 30011
32035 11175
6630 2833
14025 1643
20187 22210
25832 14635
21356 18161
23314 16322
26528 14109
37041 31909
33771 34190
19941 38140
31722 35416
14167 23805
26032 20294
25206 2990
12275 38951
36373 27141
143 22870
5170 14761
4471 23125
16724 29293
15438 40341
32994 19114
2962 31391
23608 3684
15659 1090
33522 39878
19733 39399
14709 32732
16818 36246
20697 31720
39047 35163
23994 14229
5582 3980
30026 37130
30345 11771
23146 778
7402 10249
26446 27881
24912 1149
22846 30287
36026 13460
25164 13973
22441 962
17773 22452
8407 4328
30828 3001
14543 36240
35740 4731
6085 12535
30624 15737
130 10499
6265 13139
15975 35045
32421 10274
21988 29623
11043 36783
16444 27387
21557 35035
31016 6849
30811 7383
6520 10921
21672 22449
11783 837
14556 3577
39107 28222
14899 34424
25184 12467
21574 8264
38232 23565
29946 6531
4676 40522
39461 38549
38280 32092
22377 24308
28594 6150
33764 23451
26225 11801
2359 10119
28246 23833
23872 31046
16800 11463
15619 17609
790 2533
31839 13988
1162 29991
2817 32581
23797 17703
6457 3765
1225 27199
14093 38366
29385 20103
5534 25603
24939 11198
40269 11472
17508 5820
23216 36208
27882 38737
6182 14914
22809 5238
12303 4861
31365 12482
12366 11067
2931 29030
6436 21102
30829 5039
12892 31270
631 38753
40602 26705
35159 32657
14590 17951
16457 39608
35747 40677
38951 35790
18539 14386
32222 21794
39829 18797
32169 27825
33996 19316
7467 2459
18284 10834
6567 35908
7041 9935
34392 24685
8715 35627
33364 16780
24284 23122
11343 13547
13254 23233
10075 8959
27897 34389
24287 36373
2788 35760
26003 5661
33103 15140
15736 36791
12467 2329
23123 2916
26317 21699
5346 21434
19141 9835
25121 24238
36261 16307
17518 19019
17286 11048
26995 12313
23662 10899
2338 10812
17706 31269
36912 2883
16372 28505
32400 5961
20060 37997
37693 8588
910 17202
17658 18396
7537 22785
37826 17977
26181 26446
24209 20988
34243 25985
16181 11419
37410 39232
9857 17851
17526 40319
28000 17066
1188 24730
6813 244
36319 34691
23701 14775
13499 23669
15132 23053
33341 5589
6157 17057
17 34718
10478 33632
15348 39566
26063 10518
21223 1228
34634 19282
23609 30125
9150 39435
8523 2827
21026 14125
40562 35895
30454 24267
29811 4159
9053 22240
12687 39080
31792 39689
18783 21349
32840 16166
13461 27362
31229 23482
38132 24984
1188 22878
20265 33517
17808 31471
22152 2687
10842 12607
16993 11845
8242 6348
35575 4048
34194 22672
7483 34818
24644 29765
9952 17212
458 12866
34990 2082
22200 10204
15859 37637
38356 21551
28834 32944
10893 32143
31611 8513
34723 21336
20727 5066
20003 31544
5452 35926
14270 9141
13976 6708
1351 26975
19702 25136
8355 13297
4684 36993
8494 7979
2311 37570
28455 33419
35284 23187
6870 35018
4501 18038
4094 21097
8092 31798
35392 38706
30013 4750
19537 14603
23354 34826
20265 524
16168 8311
36050 24302
12382 20915
12476 23960
12546 35804
18979 23586
22037 1649
31518 12849
26622 36498
10796 17297
28270 12970
21592 13986
28887 18042
36919 3409
293 35355
18584 26332
3304 17507
3626 40418
28520 11280
4318 11635
33226 38017
2306 35374
18124 10253
35300 4017
21487 8513
15690 913
9776 9495
31269 23125
32081 12423
31089 29839
20944 6315
3586 14466
34861 39968
23126 12263
23241 13970
34975 18378
245 2988
277 7666
17032 32928
8184 1898
40166 7105
15546 7930
20743 23156
31507 21088
27191 6550
31555 19523
22850 21790
4733 33824
1332 16734
22189 11427
29981 30289
15228 6614
13579 17839
22623 3438
4219 16462
8170 39654
13972 6695
39988 9906
23887 22294
20365 21910
3006 3529
25835 32764
19788 12709
9052 36716
30723 5541
22409 6232
29265 11638
31668 20995
37827 35666
9406 8840
11170 2557
2955 18237
40411 31300
23816 28133
4660 5601
26251 11172
26561 32531
35997 6842
34704 25313
16760 20831
6268 16188
31428 7171
24469 37938
14694 2613
16436 16691
39147 35088
28564 9618
33627 11221
34097 7760
35918 10053
24118 14447
10455 6200
28051 4788
38888 25644
31600 11950
35814 38225
32112 15508
20964 15893
14934 15669
7550 14244
32451 28156
14028 11625
29766 1851
30709 33740
25293 21890
31945 25436
24964 23233
530 17832
10735 7435
15083 30263
31210 28895
6520 15166
13657 10648
11443 17442
189 17165
15600 5010
26495 31506
39662 33399
10178 30498
5660 22242
24966 34690
14719 6429
34020 3944
35838 15388
285 38457
27079 36337
27657 25468
33201 19827
14841 7294
2128 40280
28667 12041
20241 20893
38105 33259
5673 39106
22948 12433
38483 8709
15201 14403
21706 16088
40263 39523
18630 5433
32829 25738
26139 32867
2335 19268
35402 34082
5998 34328
10800 19648
35336 32910
3626 27896
7870 4129
29364 37057
18470 15401
11625 14025
26531 30516
15003 37584
38277 27542
39147 24163
28517 24245
15828 18678
32720 20560
5242 30615
6911 29693
21178 31931
7315 16685
21815 26072
23925 11795
40373 24068
26126 19705
9635 5335
23675 36200
20930 1479
2049 25195
32449 34447
5414 25595
39699 17563
20684 24054
25681 13814
7485 24801
9207 20736
11290 40062
37294 14697
160 20344
40008 25673
18172 28673
34515 36729
40504 442
21070 9716
24794 25510
2816 8684
28150 1052
3703 22248
19059 17327
3312 9531
1731 8647
34439 3378
10386 22515
22832 15751
19883 17215
26792 6683
35883 4408
26407 9501
8182 4740
24036 22956
15927 5097
12941 18508
36413 12157
25931 16338
37370 1873
28250 16922
4157 13800
997 18464
22107 4743
35703 40290
12510 5116
32465 17421
9512 26057
25 224
15363 9956
13641 32222
9797 36254
12739 105
1391 31169
32756 24659
24680 27851
18059 36571
38167 33132
13699 18284
26309 17142
10108 26697
32166 15933
33548 40285
24598 26240
8988 21418
29499 13296
18387 13109
35885 13569
24408 16438
31668 19453
36952 16891
1759 15851
7632 26930
2352 30136
15243 10254
29360 40548
9778 7062
7347 24667
39753 6753
36212 3912
420 36993
26493 38560
32753 4493
3406 10457
29582 26260
37426 18221
39731 17180
982 1391
14766 12328
37180 40530
28147 34152
27886 25251
20905 28939
29892 11789
31703 30656
13876 33404
24841 40482
26677 29349
29745 12264
36990 20929
33900 14806
8265 1313
28809 26808
5123 1150
6846 21136
10945 25998
12804 35228
9404 29586
23830 13912
8979 15824
29915 10581
4391 35122
24663 18316
36500 30985
31617 26280
36728 4542
2157 34582
189 30778
15525 7189
21304 8541
26818 10871
18886 9870
30986 15042
38367 27503
12425 36484
22610 28818
16007 11026
25529 1353
14576 14745
23410 39461
15266 28963
40275 2515
37626 10135
13129 31739
18582 15363
38978 5039
34665 7280
7658 36582
4043 32035
2486 33952
5142 3633
30756 16700
39723 19314
19873 32780
33988 477
40559 2287
19421 3868
6972 30484
39552 25932
12480 5534
2796 7480
34385 18620
36237 18011
16194 19630
16293 34619
30517 29613
38885 10728
912 1576
37779 22646
33001 17203
6620 12487
20359 6729
13773 32446
9819 27938
2388 11684
38412 8939
15820 39660
23576 40664
40695 40310
25125 14390
29180 14779
5002 15720
5414 39342
10698 28149
12456 30157
27839 227
8407 19905
5447 794
18083 25682
14330 26863
36706 16903
4482 5252
26073 10823
14118 18578
11604 1954
36760 31139
40416 32277
29670 15932
33174 24849
11885 22060
22660 7578
1884 32701
25855 36614
36100 13538
34585 26749
35038 24479
30681 21052
26395 11116
7744 11202
10053 28774
16838 2486
3856 34789
12555 28018
18385 38690
30247 24099
31436 15333
20284 37964
7620 8813
7683 15514
28791 9560
31978 23200
9298 4641
27005 28135
12785 5741
10605 30576
10125 21308
19170 12730
29824 38346
15738 27552
16152 25849
15661 28500
27848 15884
24863 7303
32906 11518
34208 21877
31492 19119
2316 24965
8952 28153
7066 28360
1920 7474
29277 1330
5439 8526
32335 4239
6394 14842
21243 39164
5931 39432
6612 32182
8629 14708
9654 24301
34456 15051
29209 33481
34941 14342
7601 4854
6840 18756
11148 40199
38291 60
6030 3611
21395 33411
14268 1878
21696 15323
11152 20612
416 3494
17681 4426
5998 7419
15908 39478
7995 34326
21710 11178
27516 12633
11900 8060
35000 2332
15564 15209
23149 23878
19926 4579
19668 39747
33992 28492
38361 13765
9863 12356
2858 11516
39003 25017
28463 15193
22304 11112
28379 20154
36635 4246
35651 30908
33817 15026
26903 35013
14842 13480
5906 34796
33380 28005
1482 21974
14981 24111
7710 20412
28318 39284
14089 13098
11460 11534
20217 28153
26801 23752
34640 16123
19404 26064
9101 8784
16345 26875
31117 3207
39245 28175
20148 32870
17777 31342
26147 4424
15424 33325
36624 39240
9051 18173
3327 14838
2411 16034
14735 23839
26865 37750
19454 7175
32262 9724
25245 13718
31363 24150
9013 15329
27680 39619
29839 37770
33261 34311
18657 22063
25579 16748
2199 3854
27063 38115
16575 15915
27094 31049
36660 32265
13998 24606
2648 31946
5730 1964
11861 31317
25191 5618
10414 11909
13206 16648
12053 20641
37075 17847
5915 4080
34467 27188
9185 16028
31537 11898
11685 28738
35985 14662
18778 2071
36036 18828
22674 16696
34177 19370
25976 21133
5715 35819
38961 35558
2572 10851
14720 30323
25687 26894
8263 18735
24349 1794
409 31425
27178 7849
27600 36360
11163 3271
2561 23938
14256 768
4198 27871
26637 37215
18692 39924
28289 597
2878 3350
3311 9096
38829 6220
26475 4844
13964 12381
421 17785
16006 9718
11049 10460
7768 30110
38377 28461
28810 38391
32917 30797
5995 33900
11426 25844
15276 29736
37156 38820
3437 4603
35553 35639
15126 15280
36741 27624
32852 21525
28806 39157
36621 38553
5501 32587
14228 17284
28684 40628
33499 11658
11161 31709
6503 24
7913 27858
24959 11484
10407 15907
31738 28721
24510 16990
19389 14628
23300 7388
21244 30569
35083 17579
14585 28380
25695 20570
4376 15165
16315 8863
19868 35163
12687 7006
30346 25090
37733 15674
4421 7179
11672 29659
33720 1403
33953 11962
29866 22423
38167 31592
39539 4783
25176 18261
13684 16621
9132 5105
38203 30468
14462 6860
25577 111
3437 899
5308 11186
11419 4609
1909 31783
31265 3681
25504 9287
27832 2817
13720 35125
5001 9349
21024 9321
34248 12539
25595 15225
1849 18792
2044 39447
2071 28704
28618 22277
35186 5588
37651 14813
7533 29531
8445 26149
2969 23559
868 24595
10654 17183
30409 31938
39261 16549
34866 4199
4982 22531
12665 5758
5818 11920
39366 29259
39206 33996
2197 32441
1536 31941
13181 30376
38140 10789
13161 3602
18570 39356
17180 1005
38525 17918
13257 2263
15849 1464
6559 35057
15600 8344
38301 29931
30484 35104
17246 32513
25866 23234
37940 2110
1349 28681
25595 34031
10946 20320
23610 9349
25056 31767
32921 18152
16385 2090
25707 34208
12019 6949
729 38506
26566 5794
28369 7050
12012 24171
11077 25879
30894 30895
35474 27197
13988 4646
31627 12464
17590 6487
23792 14550
4621 13883
30690 31021
12846 13645
7936 5831
16951 5453
7607 40301
38244 21947
28652 2019
32412 15255
29052 9308
11447 31582
15706 13011
20998 20395
15023 2889
25405 40649
33342 31377
33948 35122
34120 25780
10577 18601
32057 8089
17952 40622
7363 39015
15615 39166
27114 22766
34871 35218
8425 40236
24520 14484
7276 26443
25525 3682
28682 7351
13787 589
32084 27332
27001 36071
39204 2754
11137 16844
6021 331
25569 10555
2340 1580
30138 40441
14028 10450
27693 3760
18310 10064
3919 2835
36422 34021
524 33000
24265 8838
30030 21138
17712 23620
23647 34574
16075 25514
19175 32621
6063 17832
14136 9387
35701 5106
22293 33558
34332 22535
14243 4265
28857 8799
19793 15408
29659 32835
26203 9622
8589 29861
8072 35529
229 4772
25804 2450
22916 27427
9434 17013
25012 22785
27831 40459
21937 19680
6254 21991
22918 34828
34926 32268
3769 10205
12664 15912
37663 30396
14674 17912
644 1994
22239 25885
24519 14463
7837 40455
5262 23407
23065 2249
13357 6053
29321 25861
32709 12726
31856 35899
2818 28655
12200 37109
26001 8551
16409 34932
38369 18907
27470 6292
25648 556
39653 1104
8362 5348
17012 23073
24020 19488
11534 6144
38171 11688
39931 10359
23701 33213
683 28363
5810 30018
6173 12808
11122 22270
12791 16393
23139 38290
24524 39787
25086 5296
39858 10904
15967 27888
17984 11168
29252 35960
483 8195
30184 25848
16578 38780
27352 6663
28428 27296
39425 23975
4286 23989
33300 13126
30981 14757
9326 5000
31643 38490
27261 28883
449 4467
1537 24208
21400 2013
12979 2807
3402 4879
26325 3948
22385 1819
21421 14904
31819 27991
40318 28056
31777 17148
21882 23048
14546 29985
30397 36118
12404 18417
7723 37753
15748 30580
5268 18555
31218 11155
32563 4888
14159 15697
33026 23308
1056 16943
36177 1599
28587 12147
8052 3670
38046 6821
32881 215
23782 8035
4927 20369
12617 14108
9123 19650
10397 25746
12715 32292
300 17202
34686 40070
30213 28093
25028 30139
29220 6411
31122 22427
6307 34596
7956 27020
26949 22167
21301 4073
35856 335
33134 4959
12039 15807
18816 17951
9379 6528
25904 31099
2304 35952
28886 12550
33644 39706
18964 32869
2698 9690
20220 23110
32423 40303
6924 34807
24772 7272
21912 30133
12631 27588
33414 19363
29884 35865
6763 594
1615 21447
35364 30468
19470 11133
10856 17948
32455 38915
18471 39887
17750 22599
38562 7464
20106 28434
8420 10484
11678 20392
13590 33649
14905 14442
20572 15782
22111 18426
18241 16807
7893 28387
17614 31692
19389 3839
32621 17232
32888 39453
7521 7052
21302 19721
14586 26861
39998 3836
14875 18104
25490 18882
19539 7166
27337 15980
5326 32188
30600 17335
20180 16732
7889 30725
22259 32381
16313 21009
23539 27446
5403 22794
30578 18744
19195 30108
21357 5633
28215 4504
13307 22878
10443 39433
3480 35850
39674 15766
38168 21378
3272 2609
6338 2484
18411 28427
13698 33996
29117 12125
21650 34380
19003 2180
24298 16480
35496 29428
20509 9602
13795 10924
11587 16035
23220 13184
26278 35570
29902 22904
8474 16573
4894 15696
3058 22399
23731 3951
26728 14572
38062 35517
25887 32652
5842 32882
32473 35265
11219 33251
19948 15806
3055 22101
9788 19220
23438 4079
4096 24468
39477 12461
30394 26116
8533 37919
22827 9294
20344 9511
35108 9145
24902 29934
20089 34067
34314 38560
29317 15811
8777 37498
27593 11357
20817 12296
39974 8140
12666 18872
16061 4168
15059 12760
20749 35695
8603 1811
29532 39949
23062 19791
24575 37015
24410 34467
34506 28530
12957 510
31601 4171
10100 40638
3129 25796
10058 3902
16601 37895
20232 773
20661 23810
14219 25857
36904 32453
36681 15671
28009 11928
28830 27612
3361 3794
22746 39166
9988 33994
26036 29364
36120 26076
15642 2103
25018 12055
26993 14815
20843 7585
14866 34541
19045 24608
38651 24745
16891 12986
13266 34812
33199 13881
38990 14762
27581 4260
704 38102
31694 21098
29893 30468
21983 33235
30743 15857
2387 38246
22643 35725
9735 26364
24644 28594
28240 11665
33132 34886
37833 23601
24150 37104
20732 7501
28376 11711
4094 3698
6216 26399
8844 28492
31105 7699
35149 29133
52 13343
29830 8999
9868 1121
29965 14556
31735 9973
10275 26964
13546 37336
36222 6434
28735 24839
1158 17882
27168 14963
14858 13630
5076 10803
7839 8691
7294 1657
11438 15859
1533 35593
1526 38586
27132 12623
6176 38596
8896 37797
35937 29727
11154 6651
32991 25689
40198 27188
39408 20616
29817 27974
38094 4541
17467 24088
21657 7898
39809 32974
17858 33772
36270 30960
13457 13269
15897 32344
8966 33180
25181 19093
15655 273
32754 4434
36982 40672
11276 21142
36553 33621
22264 20216
24200 1622
18702 18713
39735 36300
18840 1156
34205 24348
23583 28943
4054 37428
10039 35098
23950 32830
15168 31430
26067 36168
32554 33554
1123 15389
2340 38886
1544 12120
1169 6352
9647 16386
31711 14970
24456 37108
36796 23273
23361 34892
24991 8112
3510 34200
20161 35956
7256 36692
15589 28174
40472 13399
22410 13062
30003 5441
3832 21769
12061 24683
9822 34645
39562 38963
19222 15678
18202 39677
6635 27835
6398 15356
4581 5534
28549 29858
4885 8160
1106 19491
23438 30658
4771 35873
26332 26289
34274 7232
26436 19930
23469 31405
12662 21237
26335 38308
6784 18401
13656 9788
28871 4137
30648 9393
21438 376
21054 34910
10354 27083
34321 37973
15855 12441
26799 25058
26106 36391
20943 20032
19153 11804
37988 4416
24024 28028
19328 30989
11464 13715
6403 24428
40083 8180
3135 10836
39673 9221
31379 28055
12572 1964
5572 17976
8519 24841
17169 6837
34589 5428
39219 30598
23300 32898
19187 4985
17862 28119
3755 23093
25474 33545
31995 23160
30368 40331
25258 34149
18549 27221
28864 15464
26003 13365
5226 2534
9564 9627
36141 18540
34612 4755
29461 35173
25882 38456
35592 18254
40526 34790
8851 5153
1102 10955
4735 29371
19520 31306
3819 30567
41 7303
37524 39976
40216 40576
4582 20646
19638 4358
12845 1452
10506 8029
25257 36017
5489 34798
21872 35113
38912 23849
3468 22473
23810 37927
27548 13763
37992 33153
10430 463
30460 16618
10578 21272
27563 17454
5011 23253
8430 8906
11703 35381
24674 39614
218 15206
32566 17767
38393 23526
39788 8220
26332 15498
26804 22892
34305 35684
9780 2286
6821 34324
27715 37981
24937 20079
245 22785
14321 19830
22745 11134
6361 34568
20181 12180
21328 14788
17948 17234
11320 18071
26199 19412
3992 29824
13675 37038
20725 19635
29251 24721
40642 2335
20965 14103
34770 27395
20490 13581
17383 19303
13809 20944
10463 5968
16497 31453
20352 4198
39116 31050
23507 25699
7985 30853
23679 4491
39643 24336
39862 10868
12437 26182
20679 38191
37616 29458
39961 26833
20494 467
15426 24238
33214 8730
14651 2513
5884 8332
19848 706
17491 1816
7335 24412
3790 34927
214 12
40011 19083
4980 26507
18027 12534
40481 33490
38972 40588
4774 33986
38257 26993
9878 18365
3942 14622
34827 305
4467 38121
38856 20118
1282 12927
38481 10149
21076 26590
9373 9454
33812 13509
33869 3426
6860 11485
35728 3042
24759 36906
5027 40336
25490 25047
34356 12037
16301 26706
20844 34955
24761 11022
2398 29323
24688 9497
10237 15049
18524 642
36998 35154
19645 12121
976 29048
34043 4006
14387 76
33893 7445
25239 27922
6238 7250
40332 4346
14973 26968
15539 23215
19803 787
1828 11773
29577 10583
6444 33598
39232 33950
36260 37911
27587 22683
30040 2881
4605 26188
7066 2275
37948 19969
9431 20496
33225 3616
3214 7843
13258 26885
3071 7565
25365 11307
40037 23918
37689 34617

