8232 8910
783 4695
6688 4695
521 4695
125 4695
6030 4695
655 4695
259 4695
6164 4695
6426 4695
4031 4695
4165 4695
3769 4695
734 4695
338 4695
6243 4695
5847 4695
472 4695
148 5766
4244 4695
4378 4695
3982 4695
551 4695
6456 4695
6060 4695
4457 4695
4061 4695
4195 4695
3799 4695
764 4695
3933 4695
4670 4695
7443 4695
8190 2000
4408 4695
4012 4695
4146 4695
3750 4695
1751 4695
7656 4695
4225 4695
3829 4695
3963 4695
7735 4695
1964 4695
7869 4695
7473 4695
4438 4695
4042 4695
4176 4695
2043 4695
7948 4695
2177 4695
1781 4695
7686 4695
8082 4695
1915 4695
7424 4695
8161 4695
2390 4695
1994 4695
7899 4695
7503 4695
2128 4695
1732 4695
7637 4695
7241 4695
6240 6830
7938 3640
7094 740
2207 4695
1811 4695
7716 4695
8112 4695
1945 4695
1549 4695
7454 4695
7850 4695
5455 4695
2420 4695
5193 4695
7929 4695
2158 4695
1762 4695
7667 4695
7271 4695
1896 4695
5668 4695
5406 4695
8142 4695
1975 4695
1579 4695
7484 4695
2109 4695
7880 4695
5881 4695
5485 4695
110 4695
5619 4695
5223 4695
2188 4695
1792 4695
7697 4695
189 4695
6094 4695
5698 4695
5832 4695
5436 4695
5174 4695
7910 4695
4267 1281
402 4695
3175 4695
5911 4695
140 4695
5649 4695
5253 4695
5387 4695
3388 4695
6124 4695
5862 4695
5466 4695
91 4695
5600 4695
5204 4695
3467 4695
1953 3084
3601 4695
3205 4695
170 4695
5679 4695
3680 4695
3814 4695
3418 4695
3156 4695
5892 4695
3893 4695
3631 4695
3235 4695
3369 4695
1724 2335
4106 4695
6879 4695
3844 4695
3448 4695
3582 4695
3186 4695
1187 4695
7092 4695
3661 4695
3399 4695
3813 5732
7171 4695
1400 4695
7305 4695
6909 4695
1138 4695
3874 4695
3612 4695
3216 4695
7384 4695
1613 4695
1217 4695
7122 4695
7518 4695
1351 4695
7256 4695
6860 4695
3429 4695
6765 5626
1826 4695
1430 4695
7335 4695
6939 4695
1564 4695
1168 4695
7073 4695
6677 4695
5631 6599
906 4695
3642 4695
7486 4046
1643 4695
7548 4695
7152 4695
1381 4695
7286 4695
6890 4695
1119 4695
6924 7726
6628 4695
4891 4695
1856 4695
4629 4695
1594 4695
1198 4695
7103 4695
6707 4695
1332 4695
936 4695
6841 4695
7237 4695
5104 4695
5238 4695
4842 4695
1411 4695
7316 4695
6920 4695
1545 4695
1149 4695
5652 3746
5317 4695
4921 4695
5055 4695
4659 4695
1624 4695
7133 4695
1362 4695
5530 4695
5134 4695
5268 4695
4872 4695
4610 4695
1575 4695
2611 4695
5085 4695
4689 4695
5219 4695
4823 4695
8045 616
2824 4695
6062 7306
5298 4695
4902 4695
5036 4695
4640 4695
3037 4695
2641 4695
5115 4695
4853 4695
3116 4695
3250 4695
2854 4695
2592 4695
5066 4695
3067 4695
2671 4695
3201 4695
2805 4695
1492 3037
4680 3841
2644 7487
6315 4695
3280 4695
2884 4695
3018 4695
2622 4695
2360 4695
623 4695
6528 4695
3097 4695
6266 4695
2835 4695
2969 4695
2573 4695
836 4695
6741 4695
6345 4695
970 4695
574 4695
6479 4695
4001 8225
3048 4695
2652 4695
2786 4695
5570 3652
1049 4695
653 4695
6558 4695
6954 4695
787 4695
6692 4695
6296 4695
2865 4695
2999 4695
1262 4695
866 4695
6771 4695
6375 4695
1000 4695
604 4695
6509 4695
342 4695
6247 4695
1079 4695
4248 4695
6984 4695
817 4695
6722 4695
6326 4695
951 4695
555 4695
6460 4695
6064 4695
4461 4695
1030 4695
634 4695
6539 4695
6143 4695
768 4695
372 4695
6277 4695
6673 4695
4674 4695
4278 4695
4944 355
847 4695
6752 4695
981 4695
585 4695
6490 4695
4753 4695
4491 4695
4095 4695
4229 4695
277 1280
798 4695
6703 4695
4966 4695
7739 4695
4704 4695
4308 4695
4442 4695
4046 4695
1011 4695
2047 4695
7952 4695
4521 4695
4125 4695
4655 4695
4259 4695
2260 4695
8165 4695
7769 4695
4734 4695
4472 4695
4076 4695
4210 4695
2503 1191
2473 4695
2077 4695
7982 4695
2211 4695
7720 4695
4685 4695
4289 4695
4423 4695
2686 4695
2290 4695
8195 4695
7799 4695
2424 4695
2028 4695
7933 4695
4502 4695
2503 4695
2107 4695
8012 4695
2637 4695
2241 4695
8146 4695
7750 4695
1979 4695
7488 4695
2716 4695
8225 4695
2454 4695
2058 4695
7963 4695
2192 4695
1796 4695
7701 4695
193 4695
5702 4695
2271 4695
8176 4695
7780 4695
2405 4695
2009 4695
7914 4695
5781 4695
406 4695
10 4695
5915 4695
4172 3490
2484 4695
2088 4695
7993 4695
2222 4695
8127 4695
2277 4365
89 4695
5994 4695
6390 4695
223 4695
6128 4695
5732 4695
5470 4695
8206 4695
2435 4695
6207 4695
436 4695
40 4695
5945 4695
174 4695
5683 4695
2648 494
5204 6683
3684 4695
6420 4695
253 4695
6158 4695
5762 4695
387 4695
5896 4695
5500 4695
7157 6651
3897 4695
466 4695
70 4695
5975 4695
204 4695
6109 4695
5713 4695
4110 4695
3714 4695
3452 4695
6188 4695
417 4695
21 4695
5926 4695
155 4695
3927 4695
3531 4695
3665 4695
234 4695
6139 4695
4578 720
4140 4695
3744 4695
3878 4695
3482 4695
447 4695
3220 4695
3957 4695
4091 4695
3695 4695
3433 4695
1437 7999
7205 4695
1434 4695
4170 4695
3908 4695
3512 4695
3646 4695
1513 4695
7418 4695
1647 4695
7552 4695
7156 4695
4121 4695
3725 4695
3859 4695
1726 4695
7631 4695
7235 4695
1860 4695
1464 4695
7369 4695
7765 4695
1202 4695
3938 4695
1939 4695
7844 4695
7448 4695
2073 4695
1677 4695
7582 4695
7186 4695
1415 4695
7320 4695
6924 4695
2152 4695
1890 4695
1494 4695
7399 4695
1628 4695
1232 4695
7137 4695
7533 4695
5534 4695
5138 4695
1707 4695
7612 4695
7216 4695
1841 4695
1445 4695
7350 4695
5217 4695
5351 4695
1373 4297
1920 4695
7429 4695
1658 4695
7563 4695
2114 2723
5430 4695
5564 4695
5168 4695
5302 4695
4906 4695
1871 4695
5381 4695
5515 4695
5119 4695
5594 4695
5198 4695
5332 4695
4936 4695
3766 2628
5411 4695
5545 4695
5149 4695
5283 4695
3150 4695
3284 4695
2888 4695
5362 4695
7516 6932
3363 4695
3497 4695
3101 4695
5575 4695
3576 4695
3180 4695
3314 4695
2918 4695
2656 4695
7826 7215
6562 4695
3527 4695
3131 4695
3265 4695
2869 4695
6641 4695
1266 4695
870 4695
6775 4695
3344 4695
2948 4695
3313 7331
3082 4695
949 4695
6854 4695
1479 4695
1083 4695
6988 4695
6592 4695
3557 4695
3161 4695
3295 4695
1162 4695
7067 4695
1296 4695
900 4695
6805 4695
7201 4695
638 4695
6543 4695
7280 4695
1509 4695
1113 4695
7018 4695
6622 4695
1247 4695
851 4695
6756 4695
6360 4695
3341 6854
1326 4695
930 4695
6835 4695
1064 4695
668 4695
6573 4695
6969 4695
1239 3235
2607 1116
4574 4695
1539 4695
1143 4695
4312 4695
7048 4695
1277 4695
881 4695
6786 4695
1015 4695
4787 4695
4525 4695
1094 4695
698 4695
6999 4695
5000 4695
4604 4695
4738 4695
4342 4695
1307 4695
911 4695
4817 4695
4951 4695
4555 4695
1124 4695
4293 4695
2294 4695
5030 4695
4768 4695
4372 4695
4506 4695
2507 4695
8016 4695
4981 4695
4585 4695
4719 4695
2586 4695
2720 4695
2324 4695
8229 4695
4798 4695
2799 4695
2933 4695
2537 4695
2458 4402
8046 4695
1780 2272
2275 4695
5011 4695
7784 4695
3012 4695
2750 4695
2354 4695
2488 4695
2092 4695
7997 4695
5998 4695
2963 4695
2567 4695
8076 4695
2701 4695
2305 4695
8210 4695
7814 4695
6077 4695
306 4695
6211 4695
2780 4695
2518 4695
2122 4695
8027 4695
385 4695
6290 4695
519 4695
6424 4695
6028 4695
257 4695
2993 4695
5766 4695
2731 4695
2335 4695
6503 4695
732 4695
336 4695
6241 4695
6637 4695
470 4695
74 4695
5979 4695
2548 4695
945 4695
549 4695
6454 4695
6058 4695
683 4695
287 4695
6192 4695
5796 4695
2761 4695
762 4695
6667 4695
6271 4695
500 4695
104 4695
6009 4695
6405 4695
238 4695
4010 4695
975 4695
3748 4695
6484 4695
713 4695
317 4695
6222 4695
5826 4695
451 4695
573 1911
4223 4695
4357 4695
3961 4695
530 4695
134 4695
6039 4695
6435 4695
4436 4695
4040 4695
4174 4695
3778 4695
743 4695
3516 4695
6252 4695
4253 4695
4387 4695
3991 4695
3729 4695
6465 4695
1730 4695
4466 4695
7635 4695
4204 4695
3808 4695
3942 4695
3546 4695
7714 4695
1943 4695
7848 4695
7452 4695
4417 4695
4021 4695
4155 4695
3759 4695
2022 4695
7927 4695
2156 4695
1760 4695
7665 4695
8061 4695
1498 4695
4234 4695
3972 4695
2235 4695
8140 4695
7744 4695
2369 4695
1973 4695
7878 4695
7482 4695
1711 4695
7616 4695
7220 4695
4185 4695
2448 4695
2186 4695
1790 4695
7695 4695
8091 4695
1924 4695
1528 4695
7433 4695
7829 4695
5434 4695
2399 4695
2003 4695
7908 4695
7512 4695
2137 4695
1741 4695
7646 4695
7250 4695
7081 3196
5647 4695
2216 4695
8121 4695
1954 4695
1558 4695
7463 4695
7859 4695
7223 283
5860 4695
5464 4695
5598 4695
5202 4695
2167 4695
1771 4695
7676 4695
386 5147
4666 3668
168 4695
6073 4695
5677 4695
5811 4695
5415 4695
1984 4695
7889 4695
381 4695
5890 4695
5494 4695
119 4695
5628 4695
5232 4695
2197 4695
198 4695
6103 4695
5841 4695
5445 4695
5579 4695
5183 4695
4914 6227
3446 4695
3580 4695
3184 4695
149 4695
4929 119
5658 4695
5262 4695
5396 4695
3659 4695
882 6680
3793 4695
3397 4695
5871 4695
5475 4695
5609 4695
3872 4695
3476 4695
3610 4695
3214 4695
179 4695
3348 4695
6858 4695
3823 4695
3427 4695
3561 4695
3165 4695
1166 4695
7071 4695
3640 4695
3244 4695
3378 4695
2982 4695
1379 4695
7284 4695
6888 4695
5842 2664
3853 4695
3457 4695
6626 4695
3591 4695
3195 4695
1592 4695
1196 4695
7101 4695
7497 4695
1330 4695
934 4695
6839 4695
3408 4695
7576 4695
1805 4695
1409 4695
7314 4695
6918 4695
1543 4695
1147 4695
7052 4695
6656 4695
3621 4695
1505 5342
1622 4695
1226 4695
7131 4695
7527 4695
1360 4695
964 4695
6869 4695
7265 4695
6607 4695
4870 4695
1835 4695
1439 4695
4608 4695
7344 4695
1573 4695
1177 4695
7082 4695
6686 4695
1311 4695
915 4695
6820 4695
5083 4695
6571 4893
4821 4695
7557 4695
1390 4695
994 4695
6899 4695
1524 4695
1128 4695
7033 4695
7295 4695
7135 4706
5296 4695
4900 4695
5034 4695
4638 4695
1603 4695
1207 4695
7112 4695
1341 4695
5509 4695
5113 4695
5247 4695
4851 4695
4589 4695
7325 4695
7791 967
2590 4695
5326 4695
5064 4695
4668 4695
4802 4695
2803 4695
5539 4695
2476 2351
5277 4695
4881 4695
5015 4695
4619 4695
3016 4695
2620 4695
5094 4695
4832 4695
3229 4695
2833 4695
2571 4695
5307 4695
5045 4695
3046 4695
2650 4695
2784 4695
6294 4695
3259 4695
2863 4695
2997 4695
2601 4695
8110 4695
2339 4695
6507 4695
3076 4695
2814 4695
2418 4695
2552 4695
815 4695
6720 4695
6324 4695
553 4695
3289 4695
6062 4695
3027 4695
2631 4695
2765 4695
1028 4695
632 4695
6537 4695
6933 4695
766 4695
370 4695
6275 4695
6671 4695
5761 6460
2844 4695
2978 4695
1241 4695
845 4695
6750 4695
6354 4695
979 4695
583 4695
6488 4695
6092 4695
321 4695
3057 4695
5977 7108
1058 4695
6963 4695
6567 4695
796 4695
400 4695
6305 4695
6701 4695
534 4695
6043 4695
1271 4695
4113 6552
4044 4695
1009 4695
613 4695
6518 4695
6122 4695
747 4695
351 4695
6256 4695
6652 4695
4662 4744
4653 4695
4257 4695
826 4695
430 4695
6335 4695
960 4695
564 4695
6469 4695
6731 4695
114 2917
4336 4695
4470 4695
4074 4695
1039 4695
6548 4695
6966 2468
777 4695
4549 4695
4683 4695
4287 4695
4025 4695
7931 4695
4500 4695
4104 4695
4238 4695
2241 5559
8144 4695
7748 4695
4713 4695
4317 4695
4451 4695
4055 4695
5252 3926
2452 4695
2056 4695
7961 4695
4530 4695
4268 4695
4402 4695
2665 4695
2269 4695
8174 4695
7778 4695
2007 4695
7912 4695
4481 4695
7430 979
2482 4695
2086 4695
7991 4695
2220 4695
8125 4695
7729 4695
2695 4695
2299 4695
8204 4695
7808 4695
2433 4695
2037 4695
7942 4695
7546 4695
1775 4695
7680 4695
2512 4695
5681 4695
2250 4695
1854 4695
7759 4695
2384 4695
1988 4695
7893 4695
8155 4695
5760 4695
5894 4695
5498 4695
2463 4695
2067 4695
7972 4695
2201 4695
8106 4695
68 4695
5973 4695
202 4695
6107 4695
5711 4695
2280 4695
8185 4695
2414 4695
5043 1792
4965 152
281 4695
6186 4695
5790 4695
415 4695
19 4695
5924 4695
5528 4695
2493 4695
5662 4695
494 4695
6399 4695
7039 1349
232 4695
6137 4695
5741 4695
366 4695
5875 4695
5479 4695
3480 4695
445 4695
49 4695
5954 4695
5558 4695
183 4695
6088 4695
5692 4695
4089 4695
3693 4695
2697 795
262 4695
6167 4695
396 4695
5905 4695
2836 6508
3772 4695
3906 4695
3510 4695
475 4695
3644 4695
213 4695
5032 7924
765 2956
4119 4695
3723 4695
3857 4695
3461 4695
426 4695
5235 1049
3936 4695
3540 4695
4070 4695
3674 4695
7184 4695
4149 4695
3887 4695
3491 4695
3625 4695
1624 1239
1492 4695
7397 4695
1626 4695
7135 4695
3704 4695
3838 4695
1705 4695
7610 4695
7214 4695
1839 4695
1443 4695
7348 4695
3917 4695
3521 4695
1918 4695
1522 4695
7427 4695
7823 4695
1656 4695
7561 4695
7165 4695
6903 4695
2131 4695
7640 4695
1869 4695
1473 4695
7378 4695
1607 4695
1211 4695
7116 4695
3846 1085
5109 2885
5117 4695
7853 4695
1686 4695
7591 4695
7195 4695
1820 4695
1424 4695
7329 4695
3972 443
4755 1606
5196 4695
5330 4695
3948 7633
1899 4695
1503 4695
7408 4695
4899 7892
1637 4695
7542 4695
6348 514
3029 7134
2506 943
5409 4695
5543 4695
5147 4695
4885 4695
7621 4695
1850 4695
5622 4695
5360 4695
4964 4695
5098 4695
5835 4695
5573 4695
5177 4695
5311 4695
4915 4695
2916 4695
5390 4695
5524 4695
5128 4695
3129 4695
2867 4695
5603 4695
5341 4695
4945 4695
790 8074
3342 4695
2946 4695
3080 4695
5554 4695
5158 4695
3555 4695
3159 4695
3293 4695
2897 4695
2635 4695
5371 4695
3610 5799
3372 4695
3506 4695
3110 4695
5049 3597
2848 4695
6620 4695
849 4695
3585 4695
3323 4695
2927 4695
3061 4695
928 4695
6833 4695
1062 4695
6967 4695
6571 4695
3140 4695
3274 4695
1141 4695
7046 4695
6650 4695
1275 4695
879 4695
6784 4695
617 4695
3353 4695
1354 4695
7259 4695
6863 4695
1092 4695
6997 4695
6601 4695
830 4695
6735 4695
6339 4695
1567 4695
1305 4695
909 4695
6814 4695
1919 6315
1043 4695
647 4695
6552 4695
6948 4695
6977 3935
4553 4695
2115 2699
1122 4695
7027 4695
6631 4695
1256 4695
860 4695
6765 4695
6369 4695
2912 6655
4632 4695
4766 4695
1335 4695
6844 4695
1073 4695
677 4695
6582 4695
6978 4695
4845 4695
4979 4695
4583 4695
4717 4695
4321 4695
1286 4695
890 4695
6795 4695
17 6527
4796 4695
4400 4695
4930 4695
4534 4695
1103 4695
7008 4695
8044 4695
5009 4695
4613 4695
4747 4695
4351 4695
1316 4695
2352 4695
6256 4952
4826 4695
7995 4695
4960 4695
4564 4695
4698 4695
2565 4695
8074 4695
2699 4695
2303 4695
8208 4695
4333 7162
4777 4695
4381 4695
2778 4695
2382 4695
2912 4695
2516 4695
8025 4695
4990 4695
4594 4695
2991 4695
2595 4695
2729 4695
2333 4695
2071 4695
7976 4695
2808 4695
5977 4695
2942 4695
2546 4695
8055 4695
2680 4695
2284 4695
8189 4695
7793 4695
6056 4695
285 4695
6190 4695
3788 407
2759 4695
2363 4695
2497 4695
2101 4695
8006 4695
364 4695
6269 4695
498 4695
6403 4695
6007 4695
2576 4695
2710 4695
2314 4695
8219 4695
4322 5417
577 4695
6482 4695
711 4695
315 4695
6220 4695
7300 5822
53 4695
5958 4695
2527 4695
6695 4695
528 4695
6433 4695
6037 4695
662 4695
266 4695
6171 4695
5775 4695
2740 4695
741 4695
345 4695
6250 4695
479 4695
83 4695
5988 4695
6384 4695
5726 4695
3989 4695
558 4695
6463 4695
692 4695
296 4695
6201 4695
5805 4695
4088 2459
34 4695
4202 4695
3940 4695
509 4695
113 4695
6018 4695
6414 4695
247 4695
4415 4695
4019 4695
4153 4695
3757 4695
722 4695
326 4695
6231 4695
460 4695
1676 4922
4232 4695
3836 4695
4366 4695
3970 4695
539 4695
3708 4695
6444 4695
7480 4695
4445 4695
4183 4695
3787 4695
3921 4695
3525 4695
7693 4695
1922 4695
7431 4695
4396 4695
4000 4695
4134 4695
3738 4695
2001 4695
7906 4695
7510 4695
2135 4695
1739 4695
7644 4695
8040 4695
4213 4695
3817 4695
3951 4695
2214 4695
1818 4695
7723 4695
2348 4695
1952 4695
7857 4695
7461 4695
8119 4695
1690 4695
4426 4695
7199 4695
4164 4695
2427 4695
7936 4695
2165 4695
1769 4695
7674 4695
8070 4695
1903 4695
1507 4695
7412 4695
5413 4695
2378 4695
1982 4695
7887 4695
7491 4695
2116 4695
1720 4695
7625 4695
7229 4695
5626 4695
2195 4695
1799 4695
7704 4695
1933 4695
1537 4695
7442 4695
7838 4695
1671 4695
3519 8168
5839 4695
5443 4695
2408 4695
5181 4695
7917 4695
2146 4695
1750 4695
7655 4695
1884 4695
147 4695
5656 4695
5394 4695
1963 4695
7868 4695
360 4695
5869 4695
5473 4695
98 4695
5607 4695
5211 4695
2176 4695
4949 4695
177 4695
5686 4695
5820 4695
5424 4695
5162 4695
3163 4695
5899 4695
128 4695
4 953
5637 4695
5241 4695
5375 4695
1151 592
3638 4695
3376 4695
5850 4695
5454 4695
5588 4695
2257 6057
3851 4695
3455 4695
3589 4695
3193 4695
158 4695
2931 4695
5667 4695
3668 4695
3802 4695
3406 4695
3144 4695
5880 4695
1145 4695
3881 4695
7050 4695
3619 4695
3223 4695
3357 4695
2961 4695
1358 4695
7263 4695
6867 4695
3832 4695
3436 4695
3570 4695
3174 4695
6946 4695
1571 4695
1175 4695
7080 4695
7476 4695
913 4695
3649 4695
3387 4695
7159 4695
1784 4695
1388 4695
7293 4695
6897 4695
6082 870
1126 4695
3862 4695
6635 4695
7031 4695
3600 4695
1601 4695
1205 4695
7110 4695
7506 4695
1339 4695
943 4695
6848 4695
7244 4695
1814 4695
1418 4695
7323 4695
6927 4695
1552 4695
1156 4695
7061 4695
6665 4695
5420 1286
894 4695
1631 4695
7536 4695
1369 4695
973 4695
6878 4695
7274 4695
1107 4695
7012 4695
5275 4695
4879 4695
5013 4695
4617 4695
1582 4695
1186 4695
7091 4695
1320 4695
5488 4695
5092 4695
5226 4695
4830 4695
1399 4695
7304 4695
5305 4695
4909 4695
5043 4695
4647 4695
1612 4695
4385 4695
5256 4695
4860 4695
4994 4695
4598 4695
2995 4695
2599 4695
6014 6710
5073 4695
4677 4695
4811 4695
2196 1080
5731 3877
3208 4695
2812 4695
5286 4695
4890 4695
8059 4695
5024 4695
2891 4695
4135 6221
3025 4695
2629 4695
2367 4695
3238 4695
2842 4695
2976 4695
2580 4695
8089 4695
1640 3319
3055 4695
2659 4695
2793 4695
2397 4695
6303 4695
3268 4695
2872 4695
6041 4695
7545 1454
3006 4695
2610 4695
2744 4695
611 4695
6516 4695
745 4695
349 4695
6254 4695
2823 4695
824 4695
6729 4695
6333 4695
958 4695
562 4695
6467 4695
6071 4695
3036 4695
1037 4695
641 4695
6546 4695
6942 4695
775 4695
379 4695
6284 4695
6680 4695
2611 4142
216 796
6022 4695
1250 4695
854 4695
4023 4695
6759 4695
988 4695
592 4695
6497 4695
6101 4695
726 4695
330 4695
6235 4695
4236 4695
6972 4695
805 4695
409 4695
6314 4695
6710 4695
543 4695
6448 4695
8070 1409
4315 4695
4449 4695
4053 4695
1018 4695
622 4695
6527 4695
756 4695
4528 4695
4662 4695
4266 4695
4004 4695
6740 4695
4741 4695
4479 4695
4083 4695
4217 4695
7727 4695
4692 4695
4296 4695
4430 4695
4034 4695
893 2956
2035 4695
7940 4695
4509 4695
4247 4695
3335 5596
8019 4695
2248 4695
8153 4695
7757 4695
1986 4695
4722 4695
7495 4695
4460 4695
8232 4695
2461 4695
2065 4695
7970 4695
2199 4695
1803 4695
7708 4695
8104 4695
2674 4695
2278 4695
8183 4695
7787 4695
2412 4695
2016 4695
7921 4695
7525 4695
2491 4695
8000 4695
2229 4695
1833 4695
7738 4695
8134 4695
1967 4695
5739 4695
2704 4695
5477 4695
8213 4695
2442 4695
2046 4695
7951 4695
7555 4695
2180 4695
8085 4695
47 4695
5952 4695
181 4695
6086 4695
5690 4695
2259 4695
1863 4695
7768 4695
2393 4695
8164 4695
260 4695
6165 4695
5769 4695
394 4695
5903 4695
5507 4695
2472 4695
7981 4695
5143 4189
1044 7931
473 4695
6378 4695
5982 4695
3014 7378
211 4695
6116 4695
5720 4695
5458 4695
1190 1983
7422 7067
686 4695
3459 4695
6195 4695
424 4695
28 4695
5933 4695
5537 4695
162 4695
7707 7465
5671 4695
3672 4695
241 4695
6146 4695
5750 4695
5884 4695
3751 4695
3885 4695
3489 4695
454 4695
5963 4695
192 4695
5336 8209
3964 4695
4098 4695
3702 4695
3440 4695
9 4695
2424 4492
1971 3729
4177 4695
3915 4695
3519 4695
3653 4695
6974 1827
5759 7157
7163 4695
4128 4695
3732 4695
3866 4695
3470 4695
2750 7523
224 1442
1471 4695
7376 4695
3945 4695
3683 4695
3287 4695
1684 4695
7589 4695
7193 4695
1422 4695
7327 4695
6931 4695
3896 4695
3500 4695
1897 4695
1501 4695
7406 4695
7802 4695
1635 4695
1239 4695
7144 4695
7540 4695
3713 4695
2110 4695
1714 4695
7619 4695
7223 4695
1848 4695
1452 4695
7357 4695
6961 4695
1190 4695
3926 4695
7095 4695
1927 4695
7832 4695
1665 4695
1269 4695
7174 4695
7570 4695
1403 4695
7308 4695
6912 4695
5175 4695
5309 4695
4913 4695
7850 8132
1878 4695
1482 4695
7387 4695
6991 4695
1616 4695
1220 4695
7521 4695
4522 2366
2676 4675
5388 4695
5522 4695
5126 4695
1695 4695
7600 4695
7204 4695
1829 4695
1433 4695
6910 3723
1679 1718
5601 4695
5205 4695
5339 4695
4943 4695
1908 4695
5077 4695
1646 4695
7938 2889
2256 2143
5814 4695
5552 4695
5156 4695
5290 4695
4894 4695
5962 4041
2895 4695
1532 7683
5369 4695
4973 4695
5107 4695
3108 4695
4691 4487
5582 4695
5186 4695
5320 4695
4924 4695
3187 4695
3321 4695
2925 4695
3059 4695
5137 4695
5876 3048
3534 4695
3138 4695
3272 4695
2876 4695
5350 4695
3351 4695
2955 4695
3089 4695
6599 4695
3564 4695
3302 4695
2906 4695
3040 4695
2644 4695
907 4695
6812 4695
1041 4695
6550 4695
3119 4695
2723 4695
3253 4695
2857 4695
7411 6946
1120 4695
7025 4695
6629 4695
1254 4695
858 4695
6763 4695
6367 4695
3332 4695
2936 4695
3070 4695
1333 4695
937 4695
6842 4695
7238 4695
1071 4695
6976 4695
6580 4695
8044 6485
6318 4695
2688 3317
3283 4695
1546 4695
4319 4695
7055 4695
1284 4695
888 4695
6793 4695
6397 4695
1022 4695
626 4695
6531 4695
2920 1344
4532 4695
7268 4695
1101 4695
705 4695
6610 4695
1235 4695
839 4695
6744 4695
6348 4695
7006 4695
2715 4480
4745 4695
4349 4695
1314 4695
918 4695
6823 4695
1052 4695
656 4695
6561 4695
6957 4695
4824 4695
1054 6690
4958 4695
4562 4695
1035 32
4300 4695
7036 4695
1265 4695
869 4695
6774 4695
5037 4695
4775 4695
4379 4695
4513 4695
1082 4695
5250 4695
3660 3732
8023 4695
4988 4695
4592 4695
4726 4695
4330 4695
1295 4695
4068 4695
2331 4695
4805 4695
4543 4695
4281 4695
2544 4695
8053 4695
2282 4695
5018 4695
4756 4695
4360 4695
4494 4695
2757 4695
2361 4695
2495 4695
8004 4695
4573 4695
4707 4695
2970 4695
2574 4695
8083 4695
2708 4695
2312 4695
8217 4695
2050 4695
4786 4695
2787 4695
2525 4695
8034 4695
2263 4695
7772 4695
264 4695
3000 4695
2738 4695
2342 4695
7851 4695
2476 4695
2080 4695
7985 4695
477 4695
6382 4695
5986 4695
2555 4695
8064 4695
2689 4695
2293 4695
8198 4695
6461 4695
6065 4695
690 4695
294 4695
6199 4695
32 4695
2768 4695
2506 4695
4398 7457
6674 4695
6278 4695
507 4695
6412 4695
6016 4695
245 4695
5754 4695
2719 4695
720 4695
324 4695
6229 4695
5833 4695
458 4695
62 4695
5967 4695
6363 4695
7041 2395
3968 4695
537 4695
6442 4695
6046 4695
671 4695
275 4695
6180 4695
5784 4695
13 4695
7353 3569
4181 4695
3785 4695
750 4695
6259 4695
488 4695
92 4695
5997 4695
6393 4695
226 4695
6131 4695
4394 4695
3998 4695
3736 4695
701 4695
305 4695
6210 4695
439 4695
4211 4695
3815 4695
4345 4695
3949 4695
518 4695
6423 4695
4424 4695
4028 4695
4162 4695
3766 4695
731 4695
3504 4695
4241 4695
7410 4695
4375 4695
3979 4695
4113 4695
3717 4695
7489 4695
2114 4695
1718 4695
7623 4695
6195 7288
4192 4695
3796 4695
3930 4695
1797 4695
7702 4695
2327 4695
1931 4695
7836 4695
7440 4695
4009 4695
4143 4695
2010 4695
7915 4695
7519 4695
2144 4695
1748 4695
7653 4695
1486 4695
4222 4695
7391 4695
6410 1561
2475 1762
2223 4695
5392 4695
8128 4695
1961 4695
7866 4695
7470 4695
2095 4695
1699 4695
7604 4695
7208 4695
5605 4695
2174 4695
1778 4695
7683 4695
1912 4695
1516 4695
7421 4695
7817 4695
4897 2659
5818 4695
5422 4695
1991 4695
7896 4695
2125 4695
1729 4695
7634 4695
7212 5460
126 4695
5635 4695
5373 4695
1942 4695
7847 4695
5848 4695
5452 4695
77 4695
5586 4695
5190 4695
2155 4695
156 4695
5665 4695
5269 4695
5799 4695
5403 4695
5878 4695
107 4695
5616 4695
5220 4695
5354 4695
3221 4695
3355 4695
5829 4695
5433 4695
5567 4695
7525 1624
3434 4695
3568 4695
3172 4695
137 4695
5646 4695
3647 4695
3251 4695
3781 4695
3385 4695
3123 4695
5859 4695
6216 4178
3860 4695
3598 4695
3202 4695
3336 4695
2940 4695
5895 6688
1337 4695
6846 4695
3811 4695
3415 4695
3549 4695
3153 4695
6925 4695
1550 4695
1154 4695
7059 4695
7455 4695
3628 4695
3232 4695
3366 4695
2721 1510
5095 1801
7106 1774
1233 4695
7138 4695
1763 4695
1367 4695
7272 4695
6876 4695
7974 2981
1105 4695
6614 4695
3579 4695
5056 4963
7351 4695
1580 4695
1184 4695
7089 4695
1318 4695
922 4695
6827 4695
3040 5060
7564 4695
1397 4695
7302 4695
6906 4695
1531 4695
1135 4695
7040 4695
6644 4695
1610 4695
1214 4695
7119 4695
1348 4695
952 4695
6857 4695
7253 4695
1086 4695
5535 1002
4858 4695
4596 4695
7332 4695
1561 4695
1165 4695
7070 4695
1299 4695
5071 4695
4809 4695
1378 4695
982 4695
7283 4695
539 4125
5284 4695
4888 4695
5022 4695
4626 4695
1591 4695
4364 4695
5101 4695
5235 4695
4839 4695
4577 4695
2578 4695
5314 4695
5052 4695
4656 4695
4790 4695
2657 4695
2791 4695
5265 4695
4869 4695
5003 4695
2870 4695
3004 4695
2608 4695
2346 4695
5082 4695
4338 2211
3083 4695
3217 4695
2821 4695
2559 4695
5295 4695
8068 4695
3296 4695
3034 4695
2638 4695
928 5387
2772 4695
2376 4695
3152 4687
6282 4695
3247 4695
2851 4695
2985 4695
2589 4695
8098 4695
6361 4695
590 4695
6495 4695
328 4695
3064 4695
3549 5676
2802 4695
2406 4695
1349 4720
6574 4695
803 4695
6708 4695
6312 4695
541 4695
3277 4695
6050 4695
6446 4695
3015 4695
2619 4695
1016 4695
620 4695
6525 4695
754 4695
358 4695
6263 4695
6659 4695
2832 4695
1229 4695
833 4695
6738 4695
6342 4695
967 4695
571 4695
6476 4695
6080 4695
309 4695
1046 4695
6555 4695
784 4695
388 4695
6293 4695
6689 4695
522 4695
6427 4695
4294 4695
4428 4695
4032 4695
997 4695
601 4695
6506 4695
6110 4695
735 4695
4507 4695
4641 4695
4245 4695
5334 5376
814 4695
6719 4695
6323 4695
4720 4695
4324 4695
4458 4695
4062 4695
1027 4695
3800 4695
7706 4695
4671 4695
4275 4695
4409 4695
4013 4695
2014 4695
7919 4695
4488 4695
4092 4695
4226 4695
3830 4695
291 2681
7706 4587
7998 4695
2227 4695
8132 4695
7736 4695
4701 4695
4305 4695
4439 4695
4043 4695
2306 4695
8211 4695
2440 4695
2044 4695
7949 4695
1782 4695
7687 4695
4256 4695
2653 4695
2257 4695
8162 4695
7766 4695
2391 4695
1995 4695
7900 4695
7504 4695
4469 4695
2470 4695
2074 4695
7979 4695
2208 4695
1812 4695
7717 4695
8113 4695
3546 1916
5718 4695
2683 4695
2287 4695
5456 4695
8192 4695
2421 4695
2025 4695
7930 4695
7534 4695
2159 4695
26 4695
5931 4695
5669 4695
2238 4695
1842 4695
7747 4695
8143 4695
3150 1542
4433 5243
5475 5620
239 4695
6144 4695
5748 4695
373 4695
5882 4695
5486 4695
2451 4695
2055 4695
7960 4695
452 4695
56 4695
5961 4695
6357 4695
190 4695
6095 4695
5699 4695
2268 4695
5437 4695
8173 4695
665 4695
269 4695
3438 4695
6174 4695
403 4695
7 4695
5912 4695
5516 4695
141 4695
5650 4695
5254 4695
3651 4695
220 4695
6125 4695
5729 4695
5863 4695
5467 4695
6535 2055
5580 4077
2868 7440
3730 4695
3864 4695
3468 4695
433 4695
37 4695
5942 4695
171 4695
5680 4695
3943 4695
4077 4695
3681 4695
250 4695
3419 4695
6155 4695
5893 4695
4156 4695
3894 4695
3498 4695
3632 4695
3236 4695
769 1998
201 4695
7142 4695
4107 4695
3711 4695
3845 4695
3449 4695
1450 4695
7355 4695
3924 4695
3662 4695
3266 4695
6142 3426
1663 4695
7568 4695
7172 4695
1401 4695
4137 4695
6910 4695
3875 4695
3479 4695
2318 462
7647 4695
1876 4695
1480 4695
7385 4695
7781 4695
1614 4695
1218 4695
7123 4695
3692 4695
2089 4695
1693 4695
7598 4695
7202 4695
1827 4695
1431 4695
7336 4695
6940 4695
3905 4695
1906 4695
7811 4695
7415 4695
1644 4695
1248 4695
7153 4695
7549 4695
1382 4695
997 683
6891 4695
5134 3814
5154 4695
2119 4695
4892 4695
7628 4695
1857 4695
1461 4695
7366 4695
6970 4695
1595 4695
1199 4695
7104 4695
6204 6882
766 3150
5367 4695
5501 4695
5105 4695
1674 4695
1278 4695
7183 4695
7579 4695
1412 4695
7317 4695
5580 4695
5184 4695
5318 4695
4922 4695
1887 4695
7396 4695
1625 4695
2098 2663
5793 4695
5397 4695
5531 4695
5135 4695
4873 4695
7609 4695
101 4695
2874 4695
5610 4695
5348 4695
4952 4695
5086 4695
3087 4695
5561 4695
5165 4695
5299 4695
4903 4695
3300 4695
2904 4695
5378 4695
5116 4695
3513 4695
3117 4695
2855 4695
5329 4695
3330 4695
2934 4695
3068 4695
2672 4695
5710 4242
6578 4695
3543 4695
3147 4695
3281 4695
2885 4695
2623 4695
886 4695
6791 4695
624 4695
3360 4695
3098 4695
2702 4695
2836 4695
1099 4695
7004 4695
6608 4695
837 4695
6742 4695
6346 4695
3311 4695
2915 4695
3049 4695
1312 4695
916 4695
6821 4695
7217 4695
1050 4695
654 4695
6559 4695
6955 4695
3128 4695
3262 4695
1525 4695
1129 4695
7034 4695
6638 4695
1263 4695
867 4695
6772 4695
6376 4695
605 4695
3341 4695
1342 4695
7247 4695
1080 4695
684 4695
6589 4695
6985 4695
818 4695
6723 4695
6327 4695
8065 3341
4724 4695
4328 4695
1293 4695
897 4695
6802 4695
6406 4695
1031 4695
635 4695
6540 4695
5775 4892
4937 4695
4541 4695
1110 4695
7015 4695
6619 4695
848 4695
6753 4695
7861 3174
4620 4695
4754 4695
4358 4695
1323 4695
4492 4695
1061 4695
720 4136
8002 4695
4967 4695
4571 4695
4705 4695
4309 4695
8215 4695
4784 4695
4388 4695
4522 4695
2523 4695
8032 4695
4997 4695
4601 4695
4735 4695
4339 4695
4473 4695
2736 4695
2340 4695
2474 4695
7983 4695
4552 4695
4686 4695
2949 4695
2553 4695
8062 4695
2687 4695
2291 4695
8196 4695
7800 4695
4765 4695
2766 4695
2370 4695
2504 4695
2108 4695
8013 4695
7751 4695
4213 4074
591 1766
2979 4695
2583 4695
5752 4695
2717 4695
2321 4695
8226 4695
7830 4695
2455 4695
2059 4695
7964 4695
456 4695
60 4695
5965 4695
2870 2658
2777 1713
2534 4695
2138 4695
8043 4695
2668 4695
2272 4695
8177 4695
6044 4695
669 4695
273 4695
6178 4695
5782 4695
2747 4695
2351 4695
2485 4695
352 4695
6257 4695
486 4695
90 4695
5995 4695
6391 4695
5733 4695
2698 4695
565 4695
6470 4695
699 4695
303 4695
6208 4695
5812 4695
437 4695
41 4695
5946 4695
6683 4695
516 4695
120 4695
6025 4695
650 4695
254 4695
6159 4695
5763 4695
6421 4695
4296 1173
4160 4695
3764 4695
729 4695
333 4695
6238 4695
467 4695
71 4695
5976 4695
4373 4695
3977 4695
3715 4695
6451 4695
284 4695
6189 4695
418 4695
4190 4695
3794 4695
3928 4695
497 4695
4403 4695
4007 4695
4141 4695
3745 4695
3483 4695
2103 8231
6141 5004
1387 2170
4220 4695
3958 4695
3696 4695
7468 4695
1697 4695
4433 4695
4171 4695
3775 4695
3909 4695
1776 4695
7681 4695
1910 4695
7815 4695
7419 4695
4926 7193
3988 4695
3592 4695
4122 4695
5618 7420
174 3385
1989 4695
7894 4695
7498 4695
2123 4695
1727 4695
7632 4695
7236 4695
3365 6638
1465 4695
4201 4695
3642 1025
2202 4695
8107 4695
7711 4695
1940 4695
1544 4695
7449 4695
7845 4695
1678 4695
7187 4695
2415 4695
5188 4695
2153 4695
1757 4695
7662 4695
7266 4695
1891 4695
1495 4695
7400 4695
7796 4695
5797 4695
5401 4695
1970 4695
1574 4695
7479 4695
2104 4695
1708 4695
7613 4695
7875 4695
2024 6392
5480 4695
5614 4695
5218 4695
2183 4695
7692 4695
1921 4695
7826 4695
5693 4695
5827 4695
5431 4695
5169 4695
2134 4695
135 4695
5644 4695
5248 4695
8001 1370
5778 4695
5382 4695
5857 4695
5461 4695
86 4695
5595 4695
5199 4695
3200 4695
165 4695
5674 4695
5412 4695
5546 4695
3413 4695
3151 4695
116 4695
5625 4695
5229 4695
870 8015
3626 4695
3230 4695
3364 4695
5442 4695
3839 4695
3443 4695
3577 4695
3181 4695
2919 4695
5655 4695
3656 4695
6825 4695
3394 4695
3528 4695
3132 4695
6904 4695
1133 4695
7038 4695
3120 2362
3607 4695
3211 4695
3345 4695
1212 4695
7117 4695
1346 4695
7251 4695
6855 4695
3424 4695
3558 4695
1425 4695
7330 4695
6934 4695
1559 4695
1163 4695
7068 4695
901 4695
3637 4695
6806 4695
5679 46
1638 4695
7543 4695
1376 4695
7281 4695
6885 4695
1510 4695
1114 4695
7019 4695
6623 4695
5729 806
5006 4383
1589 4695
1193 4695
7098 4695
6702 4695
1327 4695
931 4695
6836 4695
7232 4695
4837 4695
7003 4808
1406 4695
7311 4695
1540 4695
1144 4695
7049 4695
6653 4695
893 912
4916 4695
5050 4695
4654 4695
1619 4695
4788 4695
1357 4695
961 4695
6866 4695
7262 4695
5263 4695
4867 4695
5001 4695
4605 4695
1570 4695
1174 4695
7079 4695
5080 4695
4684 4695
5214 4695
4818 4695
1387 4695
7292 4695
5293 4695
5031 4695
4635 4695
4769 4695
2636 4695
2770 4695
5244 4695
4848 4695
2295 1958
4982 4695
2849 4695
2983 4695
2587 4695
5061 4695
4665 4695
5059 3831
3062 4695
2666 4695
3196 4695
2800 4695
5171 5469
8047 4695
3275 4695
3013 4695
2617 4695
2751 4695
2355 4695
6261 4695
2830 4695
2964 4695
2568 4695
8077 4695
5265 1963
6340 4695
569 4695
6474 4695
144 1779
3043 4695
2647 4695
2781 4695
2385 4695
648 4695
6553 4695
782 4695
6687 4695
6291 4695
6029 4695
2994 4695
2598 4695
1750 922
5453 2549
6766 4695
995 4695
599 4695
6504 4695
733 4695
337 4695
6242 4695
2811 4695
6964 7834
5176 470
6979 4695
812 4695
6717 4695
6321 4695
946 4695
550 4695
6455 4695
6059 4695
3024 4695
1025 4695
629 4695
6534 4695
763 4695
367 4695
6272 4695
6668 4695
501 4695
105 4695
3558 2764
4273 4695
4011 4695
6747 4695
976 4695
580 4695
6485 4695
6089 4695
714 4695
318 4695
4001 1240
4486 4695
4090 4695
4224 4695
793 4695
397 4695
6302 4695
6698 4695
531 4695
4699 4695
4303 4695
4437 4695
4041 4695
1006 4695
610 4695
3779 4695
6515 4695
4516 4695
4650 4695
4254 4695
3992 4695
6728 4695
7764 4695
1993 4695
4729 4695
4467 4695
4071 4695
4205 4695
3809 4695
2072 4695
7977 4695
2206 4695
8111 4695
7715 4695
4680 4695
4284 4695
4418 4695
4022 4695
5285 2294
6295 2453
2285 4695
8190 4695
7794 4695
2419 4695
2023 4695
7928 4695
1761 4695
4497 4695
4235 4695
2498 4695
8007 4695
2632 4695
2236 4695
8141 4695
7745 4695
4817 5050
1974 4695
7879 4695
7483 4695
4448 4695
7634 663
2711 4695
3010 3271
2449 4695
2053 4695
7958 4695
2187 4695
1791 4695
7696 4695
8092 4695
5697 4695
2266 4695
8171 4695
7775 4695
2400 4695
2004 4695
7909 4695
7513 4695
1742 4695
5 4695
5910 4695
2479 4695
7988 4695
2217 4695
1821 4695
7726 4695
8122 4695
1955 4695
218 4695
6123 4695
5727 4695
5861 4695
5465 4695
2430 4695
2034 4695
7939 4695
2168 4695
431 4695
35 4695
5940 4695
169 4695
6074 4695
5678 4695
2247 4695
8152 4695
8001 7909
248 4695
6153 4695
5757 4695
382 4695
5891 4695
5495 4695
2460 4695
5233 4695
461 4695
5970 4695
199 4695
6104 4695
5708 4695
5842 4695
5446 4695
7268 4503
3709 4695
3843 4695
3447 4695
3824 2467
412 4695
16 4695
5921 4695
5525 4695
150 4695
5659 4695
857 844
3922 4695
3526 4695
4056 4695
3660 4695
229 4695
6134 4695
5738 4695
5872 4695
4135 4695
3739 4695
3873 4695
3477 4695
442 4695
3215 4695
180 4695
3952 4695
7121 4695
3241 668
4086 4695
3690 4695
3824 4695
3428 4695
300 6682
2877 916
1429 4695
7334 4695
3903 4695
3507 4695
3641 4695
3245 4695
1642 4695
7547 4695
7151 4695
4116 4695
3720 4695
3154 8219
3854 4695
3458 4695
5723 5487
1855 4695
1459 4695
7364 4695
7760 4695
633 2667
1197 4695
7102 4695
3671 4695
2068 4695
1672 4695
7577 4695
7181 4695
1806 4695
1410 4695
7315 4695
6919 4695
3884 4695
1885 4695
1489 4695
7394 4695
8144 7142
1623 4695
1227 4695
7132 4695
7528 4695
6870 4695
2098 4695
1702 4695
7607 4695
1836 4695
1440 4695
7345 4695
6949 4695
1178 4695
7083 4695
5346 4695
2204 4044
5084 4695
1653 4695
1257 4695
7162 4695
7558 4695
1391 4695
7296 4695
5559 4695
5163 4695
5297 4695
4901 4695
1866 4695
1470 4695
7375 4695
1604 4695
5376 4695
5510 4695
5114 4695
1683 4695
4852 4695
7588 4695
5589 4695
5327 4695
4931 4695
5065 4695
4669 4695
2793 7835
3066 4695
5540 4695
5144 4695
5278 4695
4882 4695
3279 4695
2883 4695
5285 389
5357 4695
4961 4695
5095 4695
3492 4695
3096 4695
2834 4695
5570 4695
5308 4695
3309 4695
2913 4695
3047 4695
2651 4695
3522 4695
3126 4695
3260 4695
2864 4695
3339 4695
2943 4695
3077 4695
2681 4695
2815 4695
6872 6140
6983 4695
6587 4695
816 4695
3552 4695
6325 4695
6081 6055
3290 4695
2894 4695
3028 4695
2345 5419
7983 3089
2489 2431
895 4695
6800 4695
7196 4695
1029 4695
633 4695
6538 4695
3107 4695
5151 2859
1108 4695
7013 4695
6617 4695
1242 4695
846 4695
6751 4695
6355 4695
3320 4695
1855 2643
3904 3403
1321 4695
7226 4695
6830 4695
1059 4695
663 4695
6568 4695
6964 4695
797 4695
3848 1552
6306 4695
1534 4695
4307 4695
7043 4695
1272 4695
876 4695
6781 4695
6385 4695
1010 4695
614 4695
6519 4695
4520 4695
1089 4695
693 4695
6598 4695
6994 4695
827 4695
6732 4695
4599 4695
4733 4695
4337 4695
1302 4695
4075 4695
6811 4695
1040 4695
4812 4695
4946 4695
4550 4695
4288 4695
7024 4695
5025 4695
4763 4695
4367 4695
4501 4695
4105 4695
8011 4695
4976 4695
4580 4695
4714 4695
4318 4695
1822 5875
2319 4695
8224 4695
2057 4695
4793 4695
4531 4695
2532 4695
8041 4695
2270 4695
5006 4695
7779 4695
8175 4695
4744 4695
2745 4695
2349 4695
2483 4695
2087 4695
7992 4695
6932 7455
2958 4695
2562 4695
8071 4695
2696 4695
2300 4695
8205 4695
7809 4695
2038 4695
7405 5019
39 4695
2775 4695
2513 4695
2117 4695
8022 4695
2251 4695
8156 4695
6023 4695
252 4695
2988 4695
5761 4695
6157 4695
2726 4695
2330 4695
7839 4695
2464 4695
331 4695
6236 4695
3328 1996
465 4695
69 4695
5974 4695
6370 4695
2543 4695
8052 4695
544 4695
6449 4695
6053 4695
678 4695
282 4695
6187 4695
5791 4695
20 4695
2756 4695
1480 3333
757 4695
6662 4695
495 4695
99 4695
6004 4695
6400 4695
233 4695
6138 4695
5742 4695
4846 6129
3743 4695
708 4695
312 4695
6217 4695
5821 4695
446 4695
50 4695
5955 4695
3956 4695
525 4695
6430 4695
6034 4695
263 4695
6168 4695
7888 6182
4035 4695
4169 4695
3773 4695
738 4695
476 4695
4382 4695
3986 4695
4120 4695
3724 4695
4199 4695
3803 4695
3937 4695
3541 4695
5609 1038
4910 2986
7447 4695
4412 4695
4016 4695
7185 4695
4150 4695
3754 4695
3888 4695
6792 4471
1755 4695
7660 4695
1032 4337
1889 4695
1493 4695
7398 4695
3967 4695
3571 4695
4101 4695
1968 4695
7873 4695
7477 4695
2102 4695
1706 4695
7611 4695
7215 4695
7742 1997
4180 4695
3784 4695
2181 4695
1785 4695
7690 4695
8086 4695
1919 4695
1523 4695
7428 4695
7824 4695
3997 4695
7166 4695
2394 4695
1998 4695
5167 4695
7903 4695
2132 4695
1736 4695
7641 4695
7245 4695
1870 4695
1474 4695
7379 4695
5380 4695
8116 4695
1949 4695
1553 4695
7458 4695
2083 4695
1687 4695
7592 4695
7854 4695
5459 4695
5593 4695
5197 4695
2162 4695
1766 4695
7671 4695
1900 4695
1504 4695
5672 4695
5806 4695
5410 4695
5148 4695
7884 4695
1717 4695
5529 5326
5885 4695
114 4695
5623 4695
5227 4695
5361 4695
6098 4695
5836 4695
5440 4695
5574 4695
5178 4695
3179 4695
144 4695
5653 4695
5391 4695
626 7593
3392 4695
3130 4695
5866 4695
5604 4695
5208 4695
1418 3328
3605 4695
3209 4695
3343 4695
5421 4695
3818 4695
3422 4695
3556 4695
3160 4695
5634 4695
3635 4695
5696 6741
3373 4695
2977 4695
3111 4695
6883 4695
1112 4695
3848 4695
6621 4695
3586 4695
3190 4695
3324 4695
2928 4695
1191 4695
7096 4695
1325 4695
929 4695
6834 4695
7230 4695
3403 4695
3007 4695
1486 5552
3537 4695
3141 4695
1404 4695
7309 4695
6913 4695
1538 4695
1142 4695
7047 4695
6651 4695
880 4695
3616 4695
3354 4695
1617 4695
7522 4695
7126 4695
1355 4695
959 4695
6864 4695
7260 4695
1093 4695
6602 4695
6430 6160
1830 4695
4603 4695
7339 4695
1568 4695
1172 4695
7077 4695
6681 4695
1306 4695
910 4695
6815 4695
7211 4695
4816 4695
1385 4695
989 4695
6894 4695
1519 4695
1123 4695
7028 4695
6632 4695
7290 4695
7133 776
7556 2828
4895 4695
5029 4695
4633 4695
1598 4695
7107 4695
1336 4695
940 4695
6845 4695
5108 4695
5242 4695
4846 4695
4584 4695
1153 4695
7058 4695
3966 3370
5321 4695
5059 4695
4663 4695
4797 4695
1366 4695
5272 4695
4876 4695
5010 4695
4614 4695
4352 4695
2615 4695
5089 4695
4827 4695
4565 4695
2828 4695
2566 4695
5040 4695
4644 4695
4778 4695
3041 4695
2645 4695
2779 4695
4857 4695
4991 4695
6433 539
3199 3039
3254 4695
2858 4695
2992 4695
2596 4695
8105 4695
2334 4695
5070 4695
6780 2754
3071 4695
2809 4695
2413 4695
2547 4695
8056 4695
548 4695
6453 4695
6057 4695
3022 4695
2626 4695
8135 4695
2760 4695
2364 4695
1167 4969
6532 4695
761 4695
6666 4695
6270 4695
2839 4695
2973 4695
2577 4695
6745 4695
6349 4695
974 4695
578 4695
6483 4695
6087 4695
316 4695
3052 4695
6221 4695
2790 4695
6958 4695
791 4695
395 4695
6300 4695
925 4695
529 4695
6434 4695
6038 4695
6696 4695
3003 4695
139 4769
4039 4695
1004 4695
608 4695
6513 4695
6117 4695
742 4695
346 4695
6251 4695
6647 4695
84 4695
4252 4695
821 4695
6726 4695
6330 4695
955 4695
559 4695
6464 4695
6068 4695
297 4695
6202 4695
4012 549
4465 4695
4069 4695
1034 4695
4203 4695
772 4695
376 4695
6281 4695
510 4695
6415 4695
4678 4695
4282 4695
4416 4695
4020 4695
985 4695
589 4695
6494 4695
723 4695
4495 4695
4099 4695
4233 4695
802 4695
4708 4695
4446 4695
4050 4695
4184 4695
3788 4695
763 5117
2185 4695
7694 4695
4263 4695
4397 4695
4001 4695
8169 4695
7773 4695
2398 4695
2002 4695
7907 4695
4476 4695
4080 4695
4214 4695
2081 4695
7986 4695
2215 4695
8120 4695
7724 4695
7462 4695
4427 4695
8199 4695
2428 4695
2032 4695
7937 4695
7541 4695
2166 4695
1770 4695
7675 4695
5676 4695
2245 4695
8150 4695
7754 4695
2379 4695
1983 4695
7888 4695
7492 4695
7740 101
1642 1921
5889 4695
2458 4695
2062 4695
7967 4695
2196 4695
1800 4695
7705 4695
8101 4695
1934 4695
197 4695
6102 4695
5706 4695
1026 8226
5444 4695
8180 4695
2409 4695
2013 4695
7918 4695
7490 1508
2147 4695
1455 3384
410 4695
14 4695
5919 4695
5523 4695
148 4695
5657 4695
1562 743
2226 4695
8131 4695
3785 1124
227 4695
6132 4695
5736 4695
361 4695
5870 4695
5474 4695
2439 4695
5212 4695
440 4695
44 4695
5949 4695
178 4695
6083 4695
5687 4695
5425 4695
3426 4695
6162 4695
391 4695
5900 4695
5504 4695
129 4695
5638 4695
3588 4464
3505 4695
3639 4695
208 4695
6113 4695
5717 4695
5851 4695
3718 4695
3852 4695
3456 4695
421 4695
25 4695
3194 4695
5930 4695
159 4695
3931 4695
4065 4695
3669 4695
3407 4695
4907 288
7914 4656
1408 4695
4144 4695
3882 4695
3486 4695
3620 4695
3224 4695
1621 4695
7526 4695
7130 4695
3699 4695
3833 4695
3437 4695
991 7682
7209 4695
1834 4695
1438 4695
7343 4695
1176 4695
3912 4695
3650 4695
6611 4517
1803 4564
7422 4695
1651 4695
7556 4695
7160 4695
1389 4695
6898 4695
3863 4695
6428 6466
1864 4695
1468 4695
7373 4695
1602 4695
1206 4695
7111 4695
7507 4695
7888 7770
1681 4695
7586 4695
7190 4695
1815 4695
1419 4695
7324 4695
6928 4695
1157 4695
754 5473
1894 4695
7403 4695
1632 4695
1236 4695
7141 4695
7537 4695
1370 4695
7275 4695
5142 4695
4880 4695
1845 4695
1449 4695
7354 4695
1583 4695
1834 8212
5355 4695
4959 4695
5489 4695
5093 4695
1662 4695
7567 4695
5568 4695
5172 4695
5306 4695
4910 4695
1875 4695
4648 4695
5385 4695
5519 4695
5123 4695
6345 307
5257 4695
4861 4695
4200 6935
3258 4695
2862 4695
5336 4695
4940 4695
5074 4695
2941 4695
3471 4695
3075 4695
5549 4695
5153 4695
5287 4695
7560 696
4477 6812
3154 4695
3288 4695
2892 4695
2630 4695
5366 4695
7158 7748
7983 7336
3367 4695
3501 4695
3105 4695
3239 4695
2843 4695
796 1537
3318 4695
2922 4695
3056 4695
2660 4695
7163 5503
6668 542
6566 4695
3135 4695
3269 4695
2873 4695
1418 2052
874 4695
6779 4695
612 4695
6517 4695
2773 2249
3086 4695
2690 4695
1087 4695
6992 4695
6596 4695
1221 4695
825 4695
6730 4695
6334 4695
3299 4695
2903 4695
737 6568
4460 6713
5733 6986
1300 4695
904 4695
6809 4695
1038 4695
642 4695
6547 4695
6943 4695
380 4695
6887 3073
3089 3020
1117 4695
7022 4695
8161 767
1251 4695
855 4695
6760 4695
6364 4695
593 4695
6498 4695
3367 749
4499 4695
1068 4695
672 4695
6577 4695
6973 4695
806 4695
6711 4695
4578 4695
4712 4695
4316 4695
1281 4695
885 4695
6790 4695
6394 4695
1019 4695
4791 4695
4395 4695
2544 1476
4925 4695
4529 4695
1098 4695
4267 4695
7003 4695
6847 3364
5004 4695
4742 4695
4346 4695
4480 4695
4084 4695
7990 4695
4955 4695
4559 4695
4693 4695
4297 4695
8069 4695
2298 4695
8203 4695
5732 6952
4772 4695
4376 4695
4510 4695
4114 4695
2377 4695
2511 4695
8020 4695
2249 4695
4985 4695
7758 4695
4723 4695
4327 4695
2724 4695
2328 4695
2462 4695
2066 4695
7971 4695
4540 4695
2937 4695
2541 4695
8050 4695
2675 4695
2279 4695
8184 4695
7788 4695
2754 4695
2358 4695
2492 4695
2096 4695
8001 4695
2230 4695
6002 4695
231 4695
2967 4695
5740 4695
2705 4695
2309 4695
8214 4695
7818 4695
2443 4695
310 4695
6215 4695
444 4695
48 4695
5953 4695
2522 4695
2126 4695
8031 4695
4284 7576
523 4695
6428 4695
6032 4695
657 4695
261 4695
6166 4695
5770 4695
2735 4695
5508 4695
736 4695
340 4695
6245 4695
474 4695
78 4695
5983 4695
6379 4695
212 4695
4507 7769
5721 4695
3722 4695
6458 4695
687 4695
291 4695
6196 4695
5800 4695
425 4695
29 4695
5934 4695
5538 4695
3935 4695
504 4695
108 4695
6013 4695
6409 4695
242 4695
6147 4695
5751 4695
7708 2
4014 4695
4148 4695
3752 4695
717 4695
3490 4695
6226 4695
455 4695
59 4695
5964 4695
4227 4695
4361 4695
3965 4695
3703 4695
6439 4695
272 4695
6177 4695
4625 540
4440 4695
4178 4695
3782 4695
3916 4695
3520 4695
485 4695
1278 130
7426 4695
4391 4695
3995 4695
4129 4695
3733 4695
7996 3801
1734 4695
7639 4695
1472 4695
4208 4695
3946 4695
3550 4695
1236 25
1872 5339
7718 4695
1947 4695
7852 4695
7456 4695
1685 4695
4421 4695
7194 4695
7590 4695
4159 4695
3763 4695
7420 6206
2160 4695
1764 4695
7669 4695
8065 4695
1898 4695
1502 4695
7407 4695
7803 4695
3976 4695
2373 4695
1977 4695
7882 4695
7486 4695
2111 4695
1715 4695
7620 4695
7224 4695
3427 2386
1453 4695
4189 4695
2992 4444
2190 4695
8095 4695
7699 4695
7544 2835
1928 4695
1532 4695
7437 4695
7833 4695
1666 4695
7571 4695
7175 4695
6140 5031
6401 871
5438 4695
2403 4695
5572 4695
5176 4695
2141 4695
1745 4695
7650 4695
7254 4695
1879 4695
1483 4695
7388 4695
5651 4695
5785 4695
5389 4695
1958 4695
7863 4695
7467 4695
1696 4695
7601 4695
1983 5691
5864 4695
5468 4695
93 4695
5602 4695
5206 4695
2171 4695
4944 4695
1909 4695
172 4695
5815 4695
5419 4695
5553 4695
5157 4695
3158 4695
123 4695
7621 1203
5632 4695
5236 4695
5370 4695
4974 4695
4511 7179
3371 4695
5845 4695
5449 4695
5583 4695
5187 4695
3584 4695
3188 4695
153 4695
2926 4695
5400 4695
3797 4695
3401 4695
3535 4695
3139 4695
5613 4695
3614 4695
3218 4695
3352 4695
2956 4695
3701 1136
1102 3164
6862 4695
3827 4695
3431 4695
3565 4695
3169 4695
3303 4695
2907 4695
3566 6088
1170 4695
7075 4695
908 4695
6813 4695
3382 4695
2986 4695
3120 4695
6681 2297
1383 4695
7288 4695
6892 4695
1517 4695
1121 4695
7026 4695
6630 4695
3595 4695
3199 4695
3333 4695
1596 4695
1200 4695
7105 4695
7501 4695
1334 4695
938 4695
6843 4695
7239 4695
3412 4695
6581 4695
1809 4695
1413 4695
4582 4695
7318 4695
1547 4695
1151 4695
7056 4695
6660 4695
1285 4695
889 4695
6794 4695
6910 8024
4795 4695
7531 4695
1364 4695
968 4695
6873 4695
7269 4695
1102 4695
7007 4695
6611 4695
2285 2530
3119 4419
2183 2519
5008 4695
4612 4695
1577 4695
1181 4695
7086 4695
1315 4695
919 4695
6824 4695
374 2680
5221 4695
4825 4695
1394 4695
4563 4695
7299 4695
1132 4695
7037 4695
5038 4695
4642 4695
4776 4695
1345 4695
7873 1668
7359 7045
5251 4695
4855 4695
4989 4695
4593 4695
2594 4695
5068 4695
4806 4695
4410 4695
4544 4695
2807 4695
2545 4695
5281 4695
8054 4695
5019 4695
4623 4695
4757 4695
6513 2163
3020 4695
2624 4695
2758 4695
2362 4695
4836 4695
4970 4695
3233 4695
2837 4695
2971 4695
2575 4695
8084 4695
5049 4695
4731 6749
7644 5362
3050 4695
2788 4695
2392 4695
2526 4695
8035 4695
5970 7899
527 4695
3263 4695
6036 4695
3001 4695
2605 4695
8114 4695
2739 4695
2343 4695
740 4695
344 4695
6249 4695
6645 4695
2818 4695
2422 4695
2952 4695
2556 4695
6328 4695
953 4695
557 4695
6462 4695
6066 4695
3031 4695
2769 4695
4332 6198
6541 4695
770 4695
374 4695
6279 4695
6675 4695
508 4695
6017 4695
6754 4695
983 4695
587 4695
6492 4695
6096 4695
721 4695
325 4695
6230 4695
4231 4695
2832 4054
800 4695
404 4695
6309 4695
6705 4695
538 4695
6443 4695
6047 4695
276 4695
4444 4695
4048 4695
1013 4695
6522 4695
751 4695
355 4695
6260 4695
489 4695
4657 4695
4261 4695
3999 4695
568 4695
6473 4695
702 4695
4474 4695
4078 4695
4212 4695
781 4695
4687 4695
4291 4695
4425 4695
4029 4695
3767 4695
4504 4695
4242 4695
3846 4695
3980 4695
7752 4695
1981 4695
7886 4695
7490 4695
4455 4695
4059 4695
4193 4695
2060 4695
7965 4695
2194 4695
1798 4695
7703 4695
8099 4695
4272 4695
4406 4695
2273 4695
8178 4695
7782 4695
2407 4695
2011 4695
7916 4695
7520 4695
1749 4695
4485 4695
2486 4695
2224 4695
1828 4695
7733 4695
8129 4695
1962 4695
7867 4695
7471 4695
5868 4695
5472 4695
2437 4695
2041 4695
7946 4695
7550 4695
2175 4695
1779 4695
7684 4695
8080 4695
5157 1193
6081 4695
5685 4695
2254 4695
8159 4695
7763 4695
2388 4695
1992 4695
7897 4695
5764 4695
5898 4695
5502 4695
2467 4695
5636 4695
2205 4695
206 4695
6111 4695
5715 4695
5849 4695
5453 4695
6737 6554
419 4695
23 4695
5928 4695
5532 4695
157 4695
5666 4695
236 4695
6141 4695
5745 4695
5879 4695
5483 4695
5617 4695
3484 4695
449 4695
3618 4695
8002 6535
187 4695
5696 4695
5830 4695
3697 4695
3831 4695
3435 4695
4 4695
5909 4695
5513 4695
138 4695
3910 4695
3514 4695
3648 4695
217 4695
749 503
4123 4695
3727 4695
3861 4695
3465 4695
3599 4695
3203 4695
4994 464
7109 4695
3678 4695
3282 4695
3812 4695
3416 4695
4398 7007
1493 3522
7188 4695
1417 4695
7322 4695
6926 4695
3891 4695
3495 4695
3629 4695
4077 6511
1496 4695
7401 4695
1630 4695
1234 4695
7139 4695
7535 4695
6877 4695
3842 4695
6959 4764
1709 4695
7614 4695
1843 4695
1447 4695
7352 4695
6956 4695
1581 4695
1185 4695
7090 4695
7827 4695
1660 4695
1264 4695
7169 4695
1794 4695
1398 4695
7303 4695
6907 4695
7565 4695
6985 3073
4908 4695
1873 4695
1477 4695
7382 4695
1611 4695
1215 4695
7120 4695
7516 4695
5121 4695
940 1494
4859 4695
7595 4695
1824 4695
1428 4695
7333 4695
6937 4695
1562 4695
5334 4695
4938 4695
5072 4695
1641 4695
1245 4695
7150 4695
5547 4695
5151 4695
6777 397
5285 4695
4889 4695
1458 4695
4627 4695
7363 4695
5364 4695
5102 4695
4840 4695
2841 4695
5577 4695
5315 4695
4919 4695
5053 4695
5238 7858
2920 4695
3054 4695
5132 4695
5266 4695
3133 4695
3267 4695
2871 4695
2609 4695
5345 4695
3346 4695
3084 4695
2822 4695
3559 4695
3297 4695
2901 4695
3035 4695
2639 4695
6545 4695
3114 4695
4688 6357
3248 4695
2852 4695
6624 4695
853 4695
6758 4695
6362 4695
591 4695
3327 4695
3065 4695
2669 4695
6837 4695
1066 4695
6971 4695
6575 4695
804 4695
6313 4695
3278 4695
2882 4695
7939 6520
1279 4695
883 4695
6788 4695
6392 4695
1017 4695
621 4695
6526 4695
6922 4695
3242 3954
3095 4695
420 5873
1096 4695
7001 4695
6605 4695
1230 4695
834 4695
6739 4695
6343 4695
572 4695
3308 4695
4344 4695
1309 4695
6818 4695
1047 4695
651 4695
6556 4695
6952 4695
785 4695
389 4695
6690 4695
5892 1497
5162 7579
4557 4695
4295 4695
1260 4695
864 4695
6769 4695
6373 4695
998 4695
602 4695
4128 2074
4770 4695
4374 4695
4904 4695
4508 4695
1077 4695
6982 4695
6586 4695
4983 4695
4587 4695
4721 4695
4325 4695
1290 4695
4063 4695
6799 4695
31 6949
4800 4695
7969 4695
4934 4695
4538 4695
4672 4695
4276 4695
8048 4695
2277 4695
8182 4695
4751 4695
4355 4695
4489 4695
4093 4695
2356 4695
2490 4695
7999 4695
4568 4695
5012 3423
4702 4695
4306 4695
2569 4695
8078 4695
2703 4695
2307 4695
8212 4695
2045 4695
4781 4695
7950 4695
4519 4695
2782 4695
2520 4695
8029 4695
2654 4695
2258 4695
8163 4695
7767 4695
4732 4695
2733 4695
2337 4695
2471 4695
2075 4695
7980 4695
1813 4695
5981 4695
2550 4695
2684 4695
2288 4695
8193 4695
7797 4695
4905 6693
2026 4695
6053 141
289 4695
6194 4695
27 4695
2763 4695
5932 4695
2501 4695
2105 4695
8010 4695
2239 4695
502 4695
6407 4695
6011 4695
636 4695
240 4695
6145 4695
5749 4695
2714 4695
2318 4695
8223 4695
715 4695
319 4695
6224 4695
5828 4695
453 4695
57 4695
5962 4695
6358 4695
2531 4695
532 4695
6437 4695
666 4695
270 4695
6175 4695
5779 4695
8 4695
5913 4695
5517 4695
3780 4695
3914 4695
483 4695
87 4695
5992 4695
6388 4695
221 4695
6126 4695
5730 4695
1692 7427
3993 4695
4127 4695
3731 4695
4789 8049
696 4695
300 4695
6205 4695
5809 4695
434 4695
38 4695
5943 4695
4206 4695
3810 4695
5281 7693
4340 4695
3944 4695
513 4695
6418 4695
251 4695
6156 4695
4419 4695
4157 4695
3761 4695
3895 4695
3499 4695
464 4695
2789 5767
7405 4695
4370 4695
3974 4695
6176 5697
4108 4695
3712 4695
3228 2367
1713 4695
7618 4695
4187 4695
3791 4695
3925 4695
3529 4695
3663 4695
1926 4695
7831 4695
7435 4695
7173 4695
4138 4695
3742 4695
3876 4695
2139 4695
1743 4695
7648 4695
5086 4619
1877 4695
1481 4695
7386 4695
3955 4695
1956 4695
7861 4695
7465 4695
2090 4695
1694 4695
7599 4695
7203 4695
4168 4695
6941 4695
4197 1195
2169 4695
1773 4695
7678 4695
1907 4695
1511 4695
7416 4695
7812 4695
1645 4695
1249 4695
7154 4695
5417 4695
5155 4695
7891 4695
2120 4695
1724 4695
7629 4695
7233 4695
1858 4695
1462 4695
7367 4695
6445 707
5630 4695
5368 4695
1937 4695
1541 4695
7446 4695
7842 4695
1675 4695
7580 4695
5843 4695
5447 4695
72 4695
5581 4695
5185 4695
2150 4695
1754 4695
4923 4695
7659 4695
1888 4695
151 4695
5660 4695
5794 4695
5398 4695
5136 4695
7872 4695
5038 1908
3137 4695
5873 4695
102 4695
5611 4695
5215 4695
5349 4695
4953 4695
3350 4695
5824 4695
5428 4695
5562 4695
5166 4695
3563 4695
3167 4695
3124 1881
132 4695
2905 4695
5641 4695
5379 4695
6337 8074
3776 4695
3380 4695
3118 4695
5854 4695
5592 4695
3593 4695
3197 4695
3331 4695
2935 4695
3806 4695
3410 4695
3544 4695
3148 4695
2886 4695
2044 178
7054 4695
887 4695
3623 4695
3361 4695
2965 4695
3099 4695
7267 4695
6871 4695
1100 4695
7005 4695
6609 4695
3574 4695
3178 4695
3312 4695
362 6917
1179 4695
7084 4695
1313 4695
917 4695
6822 4695
7218 4695
3391 4695
1788 4695
1392 4695
7297 4695
6901 4695
1526 4695
1130 4695
7035 4695
6639 4695
868 4695
3604 4695
6377 4695
1605 4695
7114 4695
7492 7765
1343 4695
947 4695
6852 4695
7248 4695
1081 4695
685 4695
6590 4695
6986 4695
4987 4695
4591 4695
1556 4695
1160 4695
7065 4695
6669 4695
1294 4695
898 4695
6803 4695
4292 5567
5200 4695
4804 4695
1373 4695
7278 4695
6882 4695
1111 4695
7016 4695
4822 7718
6208 1223
4883 4695
5017 4695
4621 4695
1586 4695
4359 4695
1324 4695
966 520
5096 4695
5230 4695
4834 4695
4968 4695
4572 4695
5047 4695
4651 4695
4785 4695
4389 4695
5158 3745
1500 3958
7417 5281
7937 7202
5260 4695
4864 4695
4998 4695
4602 4695
2603 4695
2341 4695
4815 4695
1707 5348
2816 4695
2950 4695
2554 4695
8063 4695
5028 4695
3029 4695
2633 4695
2767 4695
2371 4695
8014 4695
3242 4695
2846 4695
6165 4225
2980 4695
2584 4695
8093 4695
2322 4695
8227 4695
323 4695
6228 4695
2797 4695
2401 4695
2535 4695
6307 4695
932 4695
536 4695
6441 4695
6045 4695
3010 4695
2614 4695
8123 4695
2748 4695
5007 569
615 4695
6520 4695
4266 6721
749 4695
353 4695
6258 4695
6654 4695
2827 4695
5996 4695
828 4695
6733 4695
962 4695
566 4695
6471 4695
6075 4695
700 4695
304 4695
6209 4695
5813 4695
779 4695
383 4695
6288 4695
6684 4695
517 4695
121 4695
6026 4695
6422 4695
4027 4695
992 4695
596 4695
6501 4695
6105 4695
730 4695
334 4695
6239 4695
5434 1521
1172 1364
4240 4695
809 4695
3978 4695
6714 4695
3271 4833
547 4695
6452 4695
681 4695
4453 4695
4057 4695
4191 4695
3795 4695
760 4695
4666 4695
4270 4695
4404 4695
4008 4695
4483 4695
4087 4695
4221 4695
3825 4695
3959 4695
7731 4695
1960 4695
4696 4695
7469 4695
3710 463
4434 4695
4038 4695
4172 4695
3631 5768
2039 4695
7944 4695
2173 4695
1777 4695
7682 4695
4251 4695
3855 4695
876 7219
2252 4695
8157 4695
7761 4695
2386 4695
1990 4695
7895 4695
7499 4695
4464 4695
2428 8075
2465 4695
7974 4695
2203 4695
1807 4695
7712 4695
8108 4695
1941 4695
7450 4695
2678 4695
5451 4695
8187 4695
2416 4695
2020 4695
7925 4695
7529 4695
2154 4695
1758 4695
7663 4695
5664 4695
2233 4695
1837 4695
7742 4695
8138 4695
1971 4695
7876 4695
6981 5011
5743 4695
5877 4695
5481 4695
2446 4695
7955 4695
2184 4695
5956 4695
185 4695
6090 4695
5694 4695
5432 4695
8168 4695
6169 4695
398 4695
2 4695
5907 4695
5511 4695
136 4695
4477 3950
5645 4695
5249 4695
215 4695
6120 4695
5724 4695
5858 4695
5462 4695
3463 4695
428 4695
5937 4695
166 4695
5675 4695
5279 4695
1744 2800
3676 4695
3414 4695
6150 4695
5888 4695
5492 4695
117 4695
3889 4695
3493 4695
3627 4695
3231 4695
196 4695
5705 4695
4 1492
4102 4695
3706 4695
3840 4695
3444 4695
2878 8219
3182 4695
5918 4695
1183 4695
3919 4695
3657 4695
3261 4695
3395 4695
7167 4695
1396 4695
4132 4695
6905 4695
7301 4695
3870 4695
3474 4695
3608 4695
3212 4695
1475 4695
7380 4695
1609 4695
1213 4695
7118 4695
7514 4695
3687 4695
3821 4695
3425 4695
1688 4695
7593 4695
7197 4695
1822 4695
1426 4695
7331 4695
6935 4695
1164 4695
3900 4695
1901 4695
7806 4695
1639 4695
1243 4695
7148 4695
7544 4695
1377 4695
7282 4695
6886 4695
4887 4695
1852 4695
1456 4695
7361 4695
6965 4695
1590 4695
1194 4695
7099 4695
7545 5684
5100 4695
1669 4695
7574 4695
7178 4695
1741 6032
1407 4695
7312 4695
6916 4695
5179 4695
5313 4695
4917 4695
1882 4695
1620 4695
1224 4695
7129 4695
7173 3718
5588 3853
5526 4695
5130 4695
5264 4695
4868 4695
1437 4695
7342 4695
5343 4695
4947 4695
5081 4695
1650 4695
5556 4695
5160 4695
5294 4695
4898 4695
5032 4695
4636 4695
2899 4695
5111 4695
4715 4695
5245 4695
4849 4695
3112 4695
3246 4695
2850 4695
5324 4695
4928 4695
5062 4695
3325 4695
2929 4695
8099 6461
3063 4695
2667 4695
5141 4695
3538 4695
3142 4695
6311 4695
3276 4695
2880 4695
3014 4695
2618 4695
4096 6420
619 4695
6524 4695
3093 4695
2697 4695
3227 4695
2831 4695
7591 4607
6603 4695
832 4695
6737 4695
6341 4695
3306 4695
2910 4695
3044 4695
2648 4695
6816 4695
1045 4695
649 4695
6554 4695
6950 4695
6292 4695
3257 4695
2861 4695
7029 4695
1258 4695
862 4695
6767 4695
6371 4695
996 4695
600 4695
6505 4695
3074 4695
7242 4695
1075 4695
679 4695
6584 4695
1209 4695
813 4695
6718 4695
6322 4695
6980 4695
4323 4695
1288 4695
892 4695
6797 4695
6964 900
1026 4695
630 4695
6535 4695
368 4695
6273 4695
4536 4695
4274 4695
7010 4695
6788 3828
843 4695
6748 4695
6352 4695
977 4695
581 4695
6486 4695
4749 4695
4353 4695
4487 4695
6533 1508
3398 2553
1056 4695
660 4695
6565 4695
794 4695
6699 4695
4962 4695
4566 4695
7904 2289
4700 4695
4304 4695
873 4695
6778 4695
1007 4695
4779 4695
4517 4695
4255 4695
2722 819
2256 4695
4992 4695
4730 4695
4334 4695
4468 4695
4072 4695
2469 4695
7978 4695
4547 4695
4151 4695
4681 4695
4285 4695
8057 4695
2682 4695
2286 4695
8191 4695
7795 4695
2024 4695
4760 4695
4498 4695
2499 4695
2103 4695
8008 4695
2237 4695
7746 4695
4711 4695
2974 4695
5747 4695
2712 4695
2316 4695
8221 4695
7825 4695
2450 4695
2054 4695
7959 4695
55 4695
5960 4695
2529 4695
2133 4695
8038 4695
2663 4695
2267 4695
8172 4695
7776 4695
2005 4695
268 4695
6173 4695
5777 4695
6 4695
2742 4695
2480 4695
2084 4695
7989 4695
2218 4695
7770 5065
481 4695
85 4695
5990 4695
6386 4695
219 4695
5728 4695
2693 4695
2297 4695
8202 4695
2431 4695
2226 1782
694 4695
298 4695
6203 4695
5807 4695
432 4695
36 4695
5941 4695
6337 4695
2510 4695
511 4695
115 4695
6020 4695
645 4695
249 4695
6154 4695
5758 4695
6416 4695
5496 4695
3784 3328
724 4695
6233 4695
462 4695
66 4695
5971 4695
200 4695
5709 4695
3710 4695
675 4695
279 4695
6184 4695
5788 4695
413 4695
17 4695
5922 4695
2951 2199
3789 4695
2294 4558
3923 4695
492 4695
6001 4695
230 4695
6135 4695
4002 4695
4136 4695
3740 4695
3478 4695
6214 4695
443 4695
4215 4695
3953 4695
3691 4695
1692 4695
7597 4695
4166 4695
3770 4695
3904 4695
3508 4695
4460 1880
1905 4695
7810 4695
7414 4695
3983 4695
4117 4695
3721 4695
6761 2595
7493 4695
2118 4695
1722 4695
7627 4695
7231 4695
1460 4695
4196 4695
7365 4695
3934 4695
8159 3509
3818 53
1935 4695
7840 4695
7444 4695
2069 4695
1673 4695
7578 4695
7182 4695
5651 7833
4147 4695
7713 4102
2148 4695
1752 4695
7657 4695
7261 4695
1886 4695
1490 4695
7395 4695
7791 4695
1228 4695
1117 5123
1965 4695
7870 4695
7474 4695
2099 4695
1703 4695
7608 4695
7212 4695
1441 4695
7346 4695
5213 4695
2178 4695
5347 4695
1916 4695
1520 4695
7425 4695
7821 4695
1654 4695
7559 4695
5426 4695
51 4695
5560 4695
5164 4695
2129 4695
1733 4695
7638 4695
1867 4695
3276 6778
1128 3309
4977 5808
5639 4695
5243 4695
5773 4695
5377 4695
1946 4695
5852 4695
81 4695
5590 4695
5194 4695
5328 4695
4932 4695
160 4695
3329 4695
5803 4695
5407 4695
5541 4695
5145 4695
2802 7137
3542 4695
3146 4695
6589 356
111 4695
5620 4695
5224 4695
5358 4695
3225 4695
3755 4695
3359 4695
5571 4695
3572 4695
3176 4695
3310 4695
2914 4695
3389 4695
3523 4695
3127 4695
3602 4695
3206 4695
3340 4695
2944 4695
3078 4695
6850 4695
6588 4695
3553 4695
3157 4695
3291 4695
1158 4695
7063 4695
6829 4528
1292 4695
896 4695
6801 4695
3370 4695
1371 4695
7276 4695
6880 4695
1505 4695
1109 4695
7014 4695
6618 4695
3583 4695
6356 4695
1584 4695
1188 4695
7093 4695
1322 4695
926 4695
6831 4695
7227 4695
1060 4695
664 4695
6569 4695
4570 4695
7306 4695
1535 4695
1139 4695
7044 4695
6648 4695
1273 4695
877 4695
6782 4695
3330 7753
4649 4695
4783 4695
1352 4695
956 4695
6861 4695
7257 4695
1090 4695
6995 4695
4862 4695
4996 4695
4600 4695
1565 4695
1169 4695
4338 4695
7074 4695
1303 4695
3306 3087
5075 4695
5209 4695
4813 4695
4551 4695
7287 4695
4782 2349
5288 4695
5026 4695
4630 4695
4764 4695
4368 4695
5239 4695
4843 4695
4977 4695
4581 4695
2582 4695
2320 4695
5056 4695
4794 4695
4398 4695
3141 7584
2795 4695
2533 4695
5919 8187
8042 4695
5007 4695
4611 4695
38 7763
6988 1756
3008 4695
2612 4695
2746 4695
2350 4695
1235 8162
2825 4695
2959 4695
2563 4695
8072 4695
2301 4695
1308 9
5377 2548
302 4695
3038 4695
2776 4695
2380 4695
2514 4695
3662 5956
6286 4695
515 4695
6024 4695
2989 4695
2593 4695
8102 4695
2727 4695
594 4695
6499 4695
728 4695
332 4695
6237 4695
6633 4695
2806 4695
3335 7668
807 4695
6712 4695
6316 4695
941 4695
545 4695
6450 4695
6054 4695
283 4695
3019 4695
5792 4695
1020 4695
6529 4695
758 4695
362 4695
6267 4695
6663 4695
496 4695
100 4695
6005 4695
6401 4695
4006 4695
971 4695
575 4695
6480 4695
6084 4695
709 4695
313 4695
6218 4695
5822 4695
4085 4695
4219 4695
788 4695
6693 4695
6297 4695
1951 7311
526 4695
130 4695
6035 4695
6431 4695
4298 4695
4432 4695
4036 4695
1001 4695
3774 4695
6510 4695
739 4695
343 4695
6248 4695
4511 4695
4645 4695
4249 4695
4383 4695
3987 4695
553 2209
556 4695
5280 6374
4462 4695
4066 4695
4200 4695
3804 4695
769 4695
7710 4695
4675 4695
4279 4695
4413 4695
4017 4695
4591 6916
7789 4695
2018 4695
7923 4695
1756 4695
7661 4695
4230 4695
3834 4695
2231 4695
8136 4695
7740 4695
2365 4695
1969 4695
7874 4695
7478 4695
4443 4695
4047 4695
2444 4695
2048 4695
7953 4695
2182 4695
1786 4695
7691 4695
8087 4695
4260 4695
2261 4695
8166 4695
6922 168
2395 4695
1999 4695
7904 4695
7508 4695
1737 4695
7642 4695
7246 4695
5643 4695
2212 4695
1816 4695
7721 4695
8117 4695
1950 4695
1554 4695
7459 4695
7855 4695
5722 4695
5856 4695
5460 4695
2425 4695
2029 4695
7934 4695
7538 4695
2163 4695
1767 4695
7672 4695
30 4695
5935 4695
164 4695
6069 4695
5673 4695
2242 4695
8147 4695
1980 4695
7885 4695
243 4695
6148 4695
377 4695
5886 4695
5490 4695
5624 4695
5228 4695
2193 4695
1569 7460
194 4695
6099 4695
5703 4695
5837 4695
5441 4695
3442 4695
407 4695
11 4695
5916 4695
5520 4695
145 4695
5654 4695
5258 4695
3655 4695
224 4695
3393 4695
6129 4695
5867 4695
5471 4695
96 4695
3868 4695
3472 4695
3606 4695
3210 4695
605 5969
175 4695
5684 4695
3216 4217
4081 4695
3685 4695
3819 4695
3423 4695
5897 4695
3898 4695
3502 4695
3636 4695
3240 4695
205 4695
3374 4695
7146 4695
1375 4695
4111 4695
6884 4695
3849 4695
3453 4695
3587 4695
3191 4695
3571 6902
5866 6634
1454 4695
7359 4695
1588 4695
1192 4695
7097 4695
3666 4695
3270 4695
3404 4695
1667 4695
7572 4695
7176 4695
1801 4695
1405 4695
7310 4695
6914 4695
3879 4695
3617 4695
1880 4695
1484 4695
7389 4695
7785 4695
1618 4695
1222 4695
7127 4695
7523 4695
1356 4695
6865 4695
2093 4695
4866 4695
7602 4695
1831 4695
1435 4695
7340 4695
6944 4695
1569 4695
1173 4695
7078 4695
6682 4695
5079 4695
1648 4695
1252 4695
7157 4695
7553 4695
1386 4695
990 4695
6895 4695
7291 4695
5292 4695
4896 4695
1861 4695
4634 4695
7370 4695
1599 4695
1203 4695
7108 4695
6552 2262
5505 4695
5109 4695
4847 4695
7583 4695
1416 4695
7321 4695
5322 4695
4926 4695
5060 4695
4664 4695
1629 4695
5535 4695
5139 4695
5273 4695
4877 4695
4615 4695
2878 4695
2616 4695
5352 4695
5090 4695
4694 4695
4828 4695
3091 4695
2829 4695
5565 4695
5303 4695
4907 4695
5041 4695
3538 4862
3304 4695
2908 4695
3042 4695
2646 4695
5120 4695
2198 5767
3517 4695
3121 4695
3255 4695
2859 4695
2597 4695
5333 4695
2379 4243
598 4695
3334 4695
3072 4695
2676 4695
2810 4695
811 4695
3547 4695
6320 4695
6716 4695
3285 4695
2889 4695
3023 4695
2627 4695
1531 2806
1733 1974
1024 4695
628 4695
6533 4695
6929 4695
3102 4695
2840 4695
24 2487
6612 4695
1237 4695
841 4695
6746 4695
6350 4695
579 4695
3315 4695
3053 4695
1054 4695
658 4695
6563 4695
6959 4695
792 4695
6697 4695
6301 4695
4477 6534
4302 4695
1267 4695
871 4695
6776 4695
6380 4695
1005 4695
609 4695
6514 4695
6118 4695
347 4695
4515 4695
1084 4695
6989 4695
6593 4695
822 4695
6727 4695
6331 4695
4848 411
560 4695
4728 4695
4332 4695
1297 4695
1035 4695
639 4695
6544 4695
4039 2901
773 4695
6678 4695
4941 4695
4545 4695
4679 4695
4283 4695
852 4695
6757 4695
986 4695
4758 4695
4362 4695
5809 7107
4496 4695
4100 4695
2051 1757
1065 4695
4971 4695
4575 4695
4709 4695
4313 4695
4447 4695
4051 4695
2052 4695
7957 4695
4526 4695
4130 4695
4660 4695
4264 4695
8036 4695
2661 4695
2265 4695
8170 4695
7774 4695
4739 4695
4343 4695
4477 4695
4757 7193
2344 4695
2478 4695
2082 4695
7987 4695
1385 3306
4556 4695
7725 4695
4690 4695
2557 4695
2691 4695
2295 4695
8200 4695
7804 4695
2429 4695
2033 4695
7938 4695
5939 4695
2508 4695
2112 4695
8017 4695
2642 4695
2246 4695
8151 4695
7755 4695
6152 4695
5756 4695
2721 4695
2325 4695
8230 4695
7834 4695
2459 4695
2063 4695
7968 4695
64 4695
5969 4695
6365 4695
2538 4695
5707 4695
2276 4695
8181 4695
2410 4695
673 4695
277 4695
6182 4695
5786 4695
411 4695
15 4695
5920 4695
2489 4695
490 4695
94 4695
5999 4695
6395 4695
228 4695
6133 4695
5737 4695
703 4695
307 4695
6212 4695
4278 8123
441 4695
45 4695
5950 4695
5688 4695
520 4695
3689 4695
6425 4695
6822 5792
258 4695
6163 4695
5767 4695
392 4695
5901 4695
3768 4695
3902 4695
471 4695
75 4695
5980 4695
5584 4695
209 4695
6114 4695
1682 4319
1151 7837
3981 4695
4230 5665
4115 4695
3719 4695
288 4695
6193 4695
422 4695
4194 4695
3932 4695
3536 4695
3670 4695
4407 4695
1172 3816
7180 4695
4145 4695
3749 4695
3883 4695
3487 4695
1698 6491
1488 4695
7393 4695
3962 4695
3566 4695
4096 4695
3700 4695
7472 4695
1701 4695
7606 4695
7210 4695
4175 4695
3913 4695
7685 4695
1914 4695
1518 4695
7423 4695
7819 4695
1652 4695
7161 4695
4126 4695
7898 4695
2127 4695
1731 4695
7636 4695
7240 4695
1865 4695
1469 4695
7374 4695
7770 4695
3150 592
1944 4695
1548 4695
7453 4695
2078 4695
1682 4695
7587 4695
7191 4695
7849 4695
1420 4695
5192 4695
2157 4695
7666 4695
7160 6284
1895 4695
1499 4695
7404 4695
1633 4695
5405 4695
5143 4695
1712 4695
7617 4695
7221 4695
1846 4695
4968 7094
5618 4695
5222 4695
5356 4695
1925 4695
1529 4695
7434 4695
5831 4695
5435 4695
5569 4695
5173 4695
4911 4695
139 4695
5648 4695
5386 4695
5124 4695
2414 4226
3125 4695
5599 4695
5203 4695
5337 4695
3204 4695
3338 4695
5416 4695
5550 4695
3417 4695
3551 4695
3155 4695
2893 4695
5629 4695
3630 4695
3368 4695
2972 4695
3106 4695
6616 4695
3581 4695
3185 4695
3319 4695
2923 4695
3583 311
924 4695
6829 4695
3398 4695
3532 4695
3136 4695
626 8192
6908 4695
1137 4695
7042 4695
6646 4695
875 4695
3611 4695
6780 4695
3349 4695
2953 4695
1350 4695
954 4695
6859 4695
7255 4695
1088 4695
6993 4695
6597 4695
3562 4695
3166 4695
1563 4695
1167 4695
7072 4695
6676 4695
1301 4695
905 4695
6810 4695
7206 4695
3792 138
643 4695
3379 4695
1380 4695
7285 4695
6889 4695
1514 4695
1118 4695
7023 4695
6627 4695
856 4695
6761 4695
4628 4695
1593 4695
4762 4695
1331 4695
935 4695
6840 4695
1069 4695
6974 4695
4841 4695
4975 4695
4579 4695
1148 4695
7053 4695
6657 4695
1282 4695
5054 4695
4658 4695
4792 4695
1361 4695
1269 905
501 279
5267 4695
4871 4695
5005 4695
4609 4695
4743 4695
4347 4695
7388 3988
4387 4767
4822 4695
4956 4695
4560 4695
2561 4695
5035 4695
4639 4695
4773 4695
4377 4695
2640 4695
2774 4695
8021 4695
4986 4695
4590 4695
2853 4695
2987 4695
2591 4695
8100 4695
2725 4695
2329 4695
4803 4695
2804 4695
2938 4695
2542 4695
8051 4695
5016 4695
6052 4695
3017 4695
2621 4695
2755 4695
2359 4695
2097 4695
7560 4084
6265 4695
6003 4695
2968 4695
2572 4695
8081 4695
2706 4695
2310 4695
7693 6010
573 4695
6478 4695
6082 4695
707 4695
311 4695
6216 4695
2785 4695
2389 4695
786 4695
390 4695
6295 4695
920 4695
524 4695
6429 4695
6033 4695
6691 4695
2998 4695
2602 4695
5771 4695
999 4695
603 4695
6508 4695
737 4695
341 4695
6246 4695
6642 4695
79 4695
5984 4695
3985 4695
6721 4695
950 4695
554 4695
6459 4695
6063 4695
688 4695
292 4695
6197 4695
5801 4695
4064 4695
4198 4695
767 4695
371 4695
6276 4695
6672 4695
505 4695
109 4695
6014 4695
6410 4695
4277 4695
4411 4695
4015 4695
980 4695
584 4695
3753 4695
6489 4695
718 4695
322 4695
6227 4695
1512 769
4490 4695
4624 4695
4228 4695
3966 4695
535 4695
6440 4695
4703 4695
4441 4695
4045 4695
3481 4653
4179 4695
3783 4695
748 4695
7689 4695
4258 4695
4392 4695
3996 4695
3734 4695
1997 4695
7902 4695
1735 4695
4471 4695
4209 4695
3813 4695
3947 4695
2210 4695
8115 4695
7719 4695
1948 4695
7457 4695
4422 4695
4026 4695
2423 4695
2027 4695
7932 4695
2161 4695
1765 4695
7670 4695
8066 4695
4239 4695
2240 4695
8145 4695
7749 4695
2374 4695
1978 4695
7883 4695
7487 4695
1716 4695
4452 4695
7225 4695
2453 4695
7962 4695
2191 4695
1795 4695
7700 4695
8096 4695
1929 4695
1533 4695
7438 4695
5701 4695
5439 4695
2404 4695
2008 4695
7913 4695
7517 4695
2142 4695
1746 4695
7651 4695
7764 4077
5914 4695
5518 4695
143 4695
6048 4695
5652 4695
6189 6886
2221 4695
8126 4695
7730 4695
1959 4695
7864 4695
222 4695
6127 4695
5731 4695
356 4695
5865 4695
5469 4695
2434 4695
5207 4695
7943 4695
2172 4695
435 4695
5944 4695
173 4695
6078 4695
5682 4695
5816 4695
5420 4695
4658 5126
1872 2861
3421 4695
386 4695
5895 4695
5499 4695
124 4695
5633 4695
5237 4695
7845 4658
3634 4695
203 4695
6108 4695
5712 4695
5846 4695
5450 4695
3847 4695
3451 4695
416 4695
3189 4695
5925 4695
154 4695
5663 4695
8106 6806
4060 4695
3664 4695
3798 4695
3402 4695
5876 4695
3877 4695
3481 4695
3615 4695
3219 4695
184 4695
2957 4695
7125 4695
3694 4695
3828 4695
3432 4695
3009 1623
1780 7018
3170 4695
7338 4695
1171 4695
3907 4695
7076 4695
3645 4695
3249 4695
3383 4695
7551 4695
7155 4695
1780 4695
1384 4695
7289 4695
6893 4695
3858 4695
3462 4695
3596 4695
1859 4695
1463 4695
7368 4695
3643 3952
1597 4695
1201 4695
7106 4695
7502 4695
3269 5468
939 4695
3675 4695
7365 8073
8191 1470
3423 5117
1676 4695
7581 4695
1810 4695
1414 4695
7319 4695
6923 4695
1152 4695
7057 4695
6661 4695
3248 282
5058 4695
1627 4695
1231 4695
7136 4695
7532 4695
1365 4695
969 4695
6874 4695
7270 4695
2798 2971
5082 5025
5271 4695
4875 4695
1840 4695
1444 4695
7349 4695
6953 4695
1578 4695
1182 4695
7087 4695
5225 3761
4954 4695
5484 4695
5088 4695
1657 4695
7562 4695
1395 4695
7300 4695
5301 4695
4905 4695
5039 4695
4643 4695
1608 4695
5514 4695
5118 4695
5252 4695
4856 4695
5331 4695
4935 4695
5069 4695
4673 4695
4807 4695
5544 4695
5282 4695
4886 4695
5020 4695
2887 4695
3021 4695
2625 4695
5099 4695
5067 5120
3496 4695
3100 4695
3234 4695
2838 4695
5312 4695
3313 4695
2917 4695
3051 4695
2655 4695
2789 4695
790 4695
6299 4695
3264 4695
2868 4695
3002 4695
2606 4695
1003 4695
607 4695
6512 4695
3081 4695
2685 4695
2819 4695
6591 4695
1216 4695
820 4695
6725 4695
6329 4695
3294 4695
2898 4695
6067 4695
3032 4695
899 4695
6804 4695
1033 4695
637 4695
6542 4695
6938 4695
771 4695
375 4695
6280 4695
7017 4695
1246 4695
850 4695
6755 4695
6359 4695
984 4695
588 4695
6493 4695
6097 4695
3783 7838
1063 4695
667 4695
6572 4695
6968 4695
801 4695
405 4695
6310 4695
6706 4695
4311 4695
1276 4695
4049 4695
6785 4695
1014 4695
618 4695
6523 4695
752 4695
4524 4695
4262 4695
6998 4695
831 4695
6736 4695
5616 463
965 4695
4737 4695
4341 4695
4475 4695
4079 4695
1044 4695
4950 4695
4554 4695
4688 4695
4292 4695
4030 4695
2031 4695
4767 4695
4505 4695
4109 4695
4243 4695
8015 4695
2244 4695
4980 4695
7753 4695
8149 4695
4718 4695
4322 4695
4456 4695
1930 4764
2323 4695
8228 4695
537 4840
2457 4695
2061 4695
7966 4695
4535 4695
2536 4695
8045 4695
2670 4695
2274 4695
8179 4695
7783 4695
2012 4695
4748 4695
2749 4695
4913 7620
2487 4695
2091 4695
7996 4695
2225 4695
8130 4695
7734 4695
5139 6916
3817 1274
2962 4695
5735 4695
2700 4695
2304 4695
8209 4695
7813 4695
2438 4695
2042 4695
7947 4695
43 4695
5948 4695
2517 4695
8026 4695
2255 4695
8160 4695
6027 4695
256 4695
6161 4695
5765 4695
2730 4695
5503 4695
7437 7454
2468 4695
6240 4695
469 4695
73 4695
5978 4695
6374 4695
207 4695
6112 4695
5716 4695
2962 2951
6098 7500
682 4695
286 4695
6191 4695
5795 4695
420 4695
24 4695
5929 4695
5533 4695
5508 501
4397 5888
499 4695
6404 4695
6008 4695
237 4695
6142 4695
5746 4695
3747 4695
712 4695
3485 4695
450 4695
54 4695
5959 4695
5563 4695
188 4695
6093 4695
6113 6559
3960 4695
4094 4695
3698 4695
267 4695
6172 4695
5776 4695
401 4695
3475 2179
1539 5497
4173 4695
3777 4695
3911 4695
3515 4695
480 4695
5989 4695
3483 727
7738 467
4386 4695
3990 4695
4124 4695
3728 4695
3466 4695
1467 4695
7372 4695
3941 4695
3545 4695
1262 7969
3679 4695
7451 4695
2119 4099
1680 4695
7585 4695
7189 4695
4154 4695
3758 4695
3892 4695
1304 3886
1759 4695
7664 4695
1893 4695
1497 4695
7402 4695
7798 4695
3971 4695
7140 4695
1972 4695
7877 4695
2106 4695
1710 4695
7615 4695
7219 4695
1844 4695
1448 4695
7353 4695
8090 4695
6677 7566
1923 4695
1527 4695
7432 4695
7828 4695
1661 4695
7566 4695
7170 4695
4095 3310
5171 4695
2136 4695
1740 4695
7645 4695
7249 4695
1874 4695
1478 4695
7383 4695
6987 4695
2880 7593
3002 120
5384 4695
1953 4695
5122 4695
7858 4695
1691 4695
7596 4695
7200 4695
1825 4695
5597 4695
5201 4695
5335 4695
4939 4695
1904 4695
1508 4695
7413 4695
2952 3803
5810 4695
5414 4695
5548 4695
5152 4695
1721 4695
7626 4695
118 4695
5627 4695
5231 4695
1332 6051
5365 4695
4969 4695
5103 4695
3104 4695
5840 4695
3928 1695
5578 4695
5182 4695
5316 4695
4920 4695
3183 4695
3317 4695
2921 4695
5395 4695
4999 4695
5529 4695
5133 4695
3396 4695
3530 4695
3134 4695
6876 7068
5608 4695
3609 4695
3347 4695
2951 4695
3085 4695
5264 2037
3822 4695
6595 4695
3560 4695
3164 4695
3298 4695
2902 4695
5352 4301
903 4695
6808 4695
3377 4695
2981 4695
3511 4695
3115 4695
6887 4695
1116 4695
7021 4695
6625 4695
4533 7537
3590 4695
3328 4695
2932 4695
7100 4695
1329 4695
933 4695
6838 4695
7234 4695
1067 4695
6576 4695
3145 4695
7313 4695
1542 4695
1146 4695
7051 4695
6655 4695
1280 4695
884 4695
6789 4695
3358 4695
1359 4695
963 4695
6868 4695
7264 4695
1097 4695
7002 4695
6606 4695
835 4695
2566 4614
6344 4695
4513 3111
4607 4695
1572 4695
7081 4695
1310 4695
914 4695
6819 4695
1048 4695
652 4695
6557 4695
4820 4695
4558 4695
7294 4695
1127 4695
7032 4695
6636 4695
1261 4695
865 4695
6770 4695
1125 8032
5033 4695
4637 4695
4771 4695
1340 4695
944 4695
6849 4695
1078 4695
5246 4695
4850 4695
4984 4695
4588 4695
4326 4695
7062 4695
1291 4695
5063 4695
4801 4695
4405 4695
4539 4695
2540 4695
5276 4695
8049 4695
5014 4695
4618 4695
4752 4695
4356 4695
343 5242
2753 4695
2357 4695
4831 4695
4965 4695
4569 4695
6144 1068
2966 4695
2570 4695
8079 4695
2308 4695
5044 4695
8000 4173
4782 4695
3045 4695
2783 4695
2387 4695
2521 4695
8030 4695
4995 4695
6031 4695
2996 4695
2600 4695
8109 4695
2734 4695
2338 4695
2076 4695
339 4695
6244 4695
2813 4695
2947 4695
2551 4695
8060 4695
2289 4695
8194 4695
8132 5766
5874 4640
552 4695
6457 4695
6061 4695
290 4695
3026 4695
2764 4695
2368 4695
2502 4695
765 4695
369 4695
6274 4695
6670 4695
503 4695
6408 4695
6012 4695
2581 4695
2715 4695
978 4695
582 4695
6487 4695
6091 4695
716 4695
320 4695
6225 4695
58 4695
2794 4695
4059 2832
795 4695
6700 4695
6304 4695
533 4695
6438 4695
6042 4695
271 4695
6176 4695
5780 4695
1008 4695
746 4695
350 4695
6255 4695
484 4695
88 4695
5993 4695
6389 4695
4390 4695
3994 4695
563 4695
6468 4695
6072 4695
697 4695
301 4695
6206 4695
3434 5526
4073 4695
4398 4263
4207 4695
776 4695
6285 4695
514 4695
6419 4695
4682 4695
4286 4695
4420 4695
4024 4695
4158 4695
3762 4695
727 4695
7668 4695
4237 4695
3841 4695
4371 4695
3975 4695
4608 4113
1976 4695
7881 4695
7485 4695
4450 4695
4054 4695
4188 4695
3792 4695
2189 4695
1793 4695
7698 4695
8094 4695
7436 4695
4401 4695
4005 4695
4139 4695
2402 4695
2006 4695
7911 4695
7515 4695
2140 4695
1744 4695
7649 4695
1794 4287
4218 4695
4322 4752
2219 4695
1823 4695
7728 4695
2353 4695
1957 4695
7862 4695
7466 4695
8124 4695
4431 4695
3099 4256
2432 4695
2036 4695
7941 4695
2170 4695
1774 4695
7679 4695
8075 4695
1512 4695
7417 4695
4391 7861
5418 4695
8154 4695
2383 4695
1987 4695
7892 4695
7496 4695
2121 4695
1725 4695
7630 4695
5497 4695
122 4695
4435 6103
5631 4695
2200 4695
1804 4695
7709 4695
1938 4695
7843 4695
5710 4695
335 4695
5844 4695
5448 4695
2017 4695
7922 4695
2347 4570
2151 4695
7545 1739
18 4695
5923 4695
152 4695
5661 4695
5399 4695
3400 4695
6136 4695
365 4695
5874 4695
5478 4695
103 4695
5612 4695
5216 4695
3613 4695
5411 2426
182 4695
5691 4695
5825 4695
5429 4695
3826 4695
3430 4695
875 5561
3168 4695
5904 4695
133 4695
5642 4695
3643 4695
3381 4695
5855 4695
3856 4695
3460 4695
184 5801
3594 4695
3198 4695
163 4695
4302 7899
3673 4695
3807 4695
3411 4695
3149 4695
379 2189
3116 2791
6921 4695
1150 4695
3886 4695
3624 4695
3228 4695
3362 4695
7134 4695
1363 4695
6872 4695
3837 4695
3441 4695
3575 4695
7420 70
1442 4695
7347 4695
6951 4695
1576 4695
1180 4695
7085 4695
7481 4695
3654 4695
3537 1141
1655 4695
1259 4695
7164 4695
1789 4695
1393 4695
7298 4695
6902 4695
7560 4695
1131 4695
3867 4695
6640 4695
6818 5226
1868 4695
1 943
7377 4695
684 3188
1606 4695
1210 4695
7115 4695
7511 4695
1344 4695
948 4695
6853 4695
4854 4695
1819 4695
1423 4695
7328 4695
6932 4695
1557 4695
1161 4695
7066 4695
2868 6472
732 4023
4933 4695
5463 4695
5067 4695
1636 4695
7145 4695
1374 4695
7279 4695
5146 4695
5280 4695
4884 4695
1849 4695
4622 4695
7358 4695
1587 4695
1587 6910
5359 4695
5493 4695
5097 4695
3089 8174
4835 4695
5310 4695
4914 4695
5048 4695
4652 4695
3458 1453
5127 4695
5261 4695
4865 4695
2866 4695
2604 4695
5340 4695
5078 4695
3079 4695
3213 4695
2817 4695
5291 4695
3292 4695
2896 4695
3030 4695
2634 4695
2372 4695
3109 4695
3243 4695
2847 4695
2585 4695
586 4695
3322 4695
6491 4695
3060 4695
2664 4695
2798 4695
7393 6718
6570 4695
1195 4695
799 4695
6704 4695
6308 4695
3273 4695
2877 4695
3011 4695
878 4695
6783 4695
6387 4695
1012 4695
616 4695
6521 4695
6917 4695
354 4695
3090 4695
5591 3778
1091 4695
6996 4695
6600 4695
1225 4695
829 4695
6734 4695
6338 4695
567 4695
6472 4695
6076 4695
1304 4695
1180 199
1042 4695
646 4695
6551 4695
6947 4695
780 4695
384 4695
6289 4695
6685 4695
6160 7025
4371 7838
4290 4695
1255 4695
859 4695
6764 4695
6368 4695
993 4695
597 4695
6502 4695
6106 4695
4369 4695
4503 4695
1072 4695
6977 4695
810 4695
414 4695
6319 4695
6715 4695
4716 4695
4320 4695
4454 4695
4058 4695
1023 4695
627 4695
4563 4867
4929 4695
4533 4695
4667 4695
4271 4695
840 4695
4746 4695
4350 4695
4484 4695
4088 4695
1053 4695
6787 4022
7994 4695
7732 4695
4697 4695
4301 4695
4435 4695
2302 4695
8207 4695
2436 4695
2040 4695
7945 4695
4514 4695
4118 4695
892 7571
2515 4695
8024 4695
2649 4695
2253 4695
8158 4695
7762 4695
4727 4695
4331 4695
7500 4695
7135 7751
2728 4695
2332 4695
2466 4695
2070 4695
7975 4695
2204 4695
1808 4695
7713 4695
6140 7836
5714 4695
2679 4695
2283 4695
8188 4695
7792 4695
2417 4695
2021 4695
7926 4695
7530 4695
22 4695
5927 4695
2496 4695
2100 4695
8005 4695
2234 4695
1838 4695
7743 4695
8139 4695
1562 2087
6006 4695
235 4695
6140 4695
5744 4695
2709 4695
2313 4695
5482 4695
8218 4695
2447 4695
2051 4695
7956 4695
3888 2566
314 4695
6219 4695
3884 3615
448 4695
52 4695
5957 4695
6353 4695
186 4695
4243 6406
5695 4695
2264 4695
6432 4695
661 4695
265 4695
6170 4695
5774 4695
399 4695
3 4695
5908 4695
5512 4695
5328 6335
2477 4695
478 4695
82 4695
5987 4695
6383 4695
216 4695
6121 4695
5725 4695
1 4770
3726 4695
691 4695
295 4695
3464 4695
6200 4695
429 4695
33 4695
5938 4695
5542 4695
167 4695
3939 4695
3677 4695
6413 4695
6664 2291
246 4695
6151 4695
5755 4695
4152 4695
3756 4695
3890 4695
3494 4695
459 4695
63 4695
5968 4695
2646 6291
4365 4695
3969 4695
4103 4695
3707 4695
3445 4695
6181 4695
682 916
1446 4695
4182 4695
3920 4695
3524 4695
3658 4695
7430 4695
1659 4695
7168 4695
4133 4695
3737 4695
3871 4695
3475 4695
5335 4499
1738 4695
7643 4695
1872 4695
1476 4695
7381 4695
7777 4695
3950 4695
3688 4695
1951 4695
7856 4695
7460 4695
2085 4695
1689 4695
7594 4695
7198 4695
1427 4695
4163 4695
6936 4695
3901 4695
2164 4695
7673 4695
1902 4695
1506 4695
7411 4695
7807 4695
1640 4695
1244 4695
7149 4695
7545 4695
2214 5455
2695 1298
5150 4695
2115 4695
1719 4695
7624 4695
7228 4695
1853 4695
1457 4695
7362 4695
6966 4695
5363 4695
1932 4695
7837 4695
7441 4695
1670 4695
1274 4695
7179 4695
7575 4695
5576 4695
5180 4695
2145 4695
4918 4695
7654 4695
1883 4695
1487 4695
7392 4695
3945 7868
5789 4695
5393 4695
5527 4695
5131 4695
5742 419
7913 5040
1700 4695
7605 4695
97 4695
4083 7923
5606 4695
5210 4695
5344 4695
4948 4695
1913 4695
4803 3819
5819 4695
5423 4695
5557 4695
5161 4695
4899 4695
3162 4695
4258 2154
127 4695
2900 4695
5374 4695
4978 4695
5112 4695
3375 4695
3509 4695
3113 4695
5587 4695
5191 4695
5325 4695
3588 4695
3192 4695
3326 4695
2930 4695
5404 4695
3801 4695
3405 4695
3539 4695
3143 4695
2881 4695
4140 7544
249 7263
882 4695
6787 4695
3356 4695
2960 4695
3094 4695
1095 4695
7000 4695
6604 4695
3569 4695
3173 4695
3307 4695
2911 4695
1308 4695
912 4695
6817 4695
7213 4695
3386 4695
3124 4695
1521 4695
1125 4695
7030 4695
6634 4695
863 4695
6768 4695
6372 4695
3337 4695
1338 4695
942 4695
6847 4695
7243 4695
1076 4695
680 4695
6585 4695
6981 4695
4586 4695
1551 4695
1155 4695
7060 4695
6664 4695
1289 4695
893 4695
6798 4695
6402 4695
631 4695
6536 4695
4799 4695
1368 4695
4537 4695
7273 4695
1106 4695
710 4695
6615 4695
1240 4695
844 4695
6749 4695
7011 4695
5012 4695
4616 4695
4750 4695
4354 4695
1319 4695
923 4695
6828 4695
1057 4695
6962 4695
5538 3206
5225 4695
4829 4695
4963 4695
4567 4695
1136 4695
7041 4695
1270 4695
431 6074
5042 4695
4646 4695
4780 4695
4384 4695
1349 4695
4518 4695
2519 4695
5255 4695
8028 4695
4993 4695
4597 4695
4731 4695
4335 4695
2732 4695
2336 4695
4810 4695
4414 4695
4548 4695
7423 3016
2945 4695
2549 4695
8058 4695
5023 4695
4761 4695
2628 4695
1482 3480
2762 4695
2366 4695
2500 4695
8009 4695
7627 4135
6010 4695
2975 4695
2579 4695
8088 4695
2713 4695
2317 4695
8222 4695
6223 4695
2792 4695
2396 4695
2530 4695
8039 4695
1866 1268
6436 4695
6040 4695
3005 4695
2743 4695
2347 4695
2481 4695
744 4695
348 4695
6253 4695
6649 4695
482 4695
5991 4695
2560 4695
2694 4695
957 4695
561 4695
6466 4695
6070 4695
695 4695
299 4695
6204 4695
5808 4695
2773 4695
774 4695
378 4695
6283 4695
6679 4695
512 4695
6417 4695
6021 4695
5759 4695
5481 4192
987 4695
3760 4695
6496 4695
725 4695
329 4695
6234 4695
5838 4695
463 4695
67 4695
5972 4695
548 2029
3973 4695
6709 4695
542 4695
146 4695
6051 4695
676 4695
280 4695
6185 4695
6447 4695
4052 4695
4186 4695
3790 4695
755 4695
359 4695
6264 4695
493 4695
6398 4695
5068 5837
367 2075
7514 4984
4265 4695
4399 4695
4003 4695
3741 4695
6477 4695
706 4695
4478 4695
4216 4695
3820 4695
3954 4695
4691 4695
7860 4695
7464 4695
4429 4695
4033 4695
4167 4695
3771 4695
1772 4695
7677 4695
8073 4695
4246 4695
4380 4695
3984 4695
7756 4695
2381 4695
1985 4695
7890 4695
7494 4695
3962 1903
1723 4695
4459 4695
4197 4695
2471 7069
2198 4695
1802 4695
7707 4695
8103 4695
1936 4695
7841 4695
7445 4695
2411 4695
2015 4695
7920 4695
7524 4695
2149 4695
1753 4695
7658 4695
1491 4695
2228 4695
8133 4695
7737 4695
1966 4695
7871 4695
7475 4695
1704 4695
5476 4695
2441 4695
2179 4695
1783 4695
7688 4695
1917 4695
7822 4695
8154 6151
5689 4695
4290 7235
5823 4695
5427 4695
1996 4695
7901 4695
7505 4695
2130 4695
1808 214
5902 4695
5506 4695
131 4695
5640 4695
2209 4695
3689 77
210 4695
6115 4695
5719 4695
5853 4695
5457 4695
5591 4695
5195 4695
423 4695
161 4695
5670 4695
5274 4695
5804 4695
5408 4695
3409 4695
5883 4695
5487 4695
112 4695
5621 4695
3488 4695
3622 4695
3226 4695
191 4695
5700 4695
5834 4695
3701 4695
3835 4695
3439 4695
3573 4695
3177 4695
142 4695
3913 7769
3319 7259
3652 4695
3256 4695
3786 4695
3390 4695
6900 4695
4942 5551
3865 4695
3469 4695
3603 4695
3207 4695
1208 4695
7113 4695
3682 4695
6851 4695
3816 4695
3420 4695
3554 4695
1421 4695
7326 4695
6930 4695
1555 4695
1159 4695
7064 4695
3633 4695
3237 4695
1634 4695
1238 4695
7143 4695
1768 4695
1372 4695
7277 4695
6881 4695
7539 4695
3450 4695
1847 4695
1451 4695
7356 4695
1585 4695
1189 4695
7094 4695
927 4695
6832 4695
1664 4695
4833 4695
7569 4695
1402 4695
7307 4695
6911 4695
1536 4695
1140 4695
7045 4695
4912 4695
5046 4695
1615 4695
1219 4695
7124 4695
1353 4695
7258 4695
5125 4695
5259 4695
4863 4695
1432 4695
7337 4695
1566 4695
5338 4695
5076 4695
4814 4695
5551 4695
5289 4695
4893 4695
5027 4695
4631 4695
7229 5633
5106 4695
4710 4695
5240 4695
4844 4695
2845 4695
6279 2751
5319 4695
5057 4695
4661 4695
5941 1709
3058 4695
2662 4695
2796 4695
5270 4695
4874 4695
3271 4695
2875 4695
3009 4695
2613 4695
5087 4695
3088 4695
2692 4695
3222 4695
2826 4695
2564 4695
5300 4695
2249 5357
1927 8046
6336 4695
3301 4695
3039 4695
2643 4695
2777 4695
644 4695
6549 4695
778 4695
6287 4695
3252 4695
2856 4695
2990 4695
857 4695
6762 4695
6366 4695
991 4695
595 4695
6500 4695
6896 4695
81 6460
3069 4695
2673 4695
1256 3165
1070 4695
674 4695
6579 4695
1204 4695
808 4695
6713 4695
6317 4695
6975 4695
546 4695
6055 4695
1283 4695
6792 4695
1021 4695
625 4695
6530 4695
759 4695
363 4695
6268 4695
1786 2283
6501 732
4269 4695
838 4695
6743 4695
6347 4695
972 4695
576 4695
6481 4695
6085 4695
4369 3586
4348 4695
5265 6124
4482 4695
1051 4695
6560 4695
789 4695
393 4695
6298 4695
6694 4695
775 330
4561 4695
4299 4695
4037 4695
6773 4695
1002 4695
606 4695
6511 4695
5238 7832
4774 4695
4512 4695
4250 4695
819 4695
6724 4695
4725 4695
4329 4695
4463 4695
4067 4695
1032 4695
3805 4695
7973 4695
4542 4695
4676 4695
4280 4695
4018 4695
2281 4695
8186 4695
7790 4695
2019 4695
4755 4695
7924 4695
4493 4695
4097 4695
2494 4695
8003 4695
3693 5019
2232 4695
8137 4695
7741 4695
4706 4695
4310 4695
2707 4695
2311 4695
8216 4695
7820 4695
2445 4695
2049 4695
7954 4695
1787 4695
4523 4695
7377 3896
3832 8224
2524 4695
8033 4695
2658 4695
2262 4695
8167 4695
7771 4695
2000 4695
4736 4695
7509 4695
7905 4695
5772 4695
1 4695
2737 4695
5906 4695
2475 4695
2079 4695
7984 4695
2213 4695
1817 4695
7722 4695
8118 4695
80 4695
5985 4695
214 4695
6119 4695
5723 4695
2688 4695
2292 4695
8197 4695
7801 4695
2426 4695
2030 4695
7935 4695
1673 5360
293 4695
6198 4695
5802 4695
427 4695
31 4695
5936 4695
6332 4695
5833 6260
2505 4695
2243 4695
8148 4695
506 4695
6411 4695
6015 4695
640 4695
244 4695
6149 4695
5753 4695
2718 4695
5887 4695
5491 4695
2456 4695
719 4695
457 4695
61 4695
5966 4695
195 4695
6100 4695
5704 4695
3705 4695
670 4695
274 4695
6179 4695
5783 4695
408 4695
12 4695
5917 4695
5521 4695
3918 4695
4445 7330
487 4695
225 4695
6130 4695
5734 4695
4131 4695
3735 4695
3869 4695
3473 4695
438 4695
42 4695
5947 4695
176 4695
3948 4695
4082 4695
3686 4695
255 4695
6160 4695
4161 4695
3765 4695
3899 4695
3503 4695
468 4695
3241 4695
7409 4695
7147 4695
4112 4695
3716 4695
201 5519
3850 4695
3454 4695
7530 6419
7622 4695
1851 4695
1455 4695
7360 4695
3929 4695
3533 4695
3667 4695
1930 4695
7835 4695
7439 4695
2064 4695
1668 4695
7573 4695
7177 4695
4142 4695
3746 4695
6915 4695
3880 4695
2143 4695
1747 4695
7652 4695
1881 4695
1485 4695
7390 4695
7786 4695
1223 4695
7128 4695
6094 237
5129 4695
7865 4695
2094 4695
1698 4695
7603 4695
7207 4695
1832 4695
1436 4695
7341 4695
6945 4695
5342 4695
1911 4695
1515 4695
7420 4695
7816 4695
1649 4695
1253 4695
7158 4695
7554 4695
5555 4695
5159 4695
2124 4695
1728 4695
4897 4695
7633 4695
1862 4695
1466 4695
7371 4695
1600 4695
5299 2002
5768 4695
5372 4695
5110 4695
7846 4695
1679 4695
7584 4695
6109 6
6210 6999
76 4695
5585 4695
5189 4695
5323 4695
4927 4695
1892 4695
5798 4695
5402 4695
5536 4695
5140 4695
4878 4695
106 4695
2879 4695
5615 4695
5353 4695
4957 4695
5091 4695
3092 4695
5566 4695
5170 4695
5304 4695
1998 1391
3567 4695
3171 4695
3305 4695
2909 4695
5383 4695
2230 5346
3384 4695
3518 4695
3122 4695
2860 4695
5596 4695
7833 8098
861 4695
3597 4695
3335 4695
2939 4695
3073 4695
2677 4695
2646 4887
1074 4695
6583 4695
3548 4695
3152 4695
3286 4695
2890 4695
1287 4695
891 4695
6796 4695
7192 4695
3365 4695
2367 1392
3103 4695
6875 4695
1500 4695
1104 4695
7009 4695
6613 4695
842 4695
3578 4695
6351 4695
3316 4695
3071 168
7088 4695
1317 4695
921 4695
6826 4695
7222 4695
1055 4695
659 4695
6564 4695
6960 4695
1530 4695
1134 4695
7039 4695
6643 4695
1268 4695
872 4695
6777 4695
6381 4695
1347 4695
7252 4695
6856 4695
1085 4695
689 4695
6594 4695
6990 4695
823 4695
4595 4695
1560 4695
4333 4695
7069 4695
1298 4695
902 4695
6807 4695
1036 4695
4808 4695
7282 4170
4942 4695
4546 4695
1115 4695
7020 4695
5021 4695
4625 4695
4759 4695
4363 4695
1328 4695
5646 8167
5234 4695
4838 4695
4972 4695
4576 4695
4314 4695
64 3343
2315 4695
5051 4695
8220 4695
4789 4695
4393 4695
4527 4695
2924 4695
2528 4695
8037 4695
5002 4695
4606 4695
4740 4695
2607 4695
2741 4695
2345 4695
4819 4695
2820 4695
2954 4695
2558 4695
8067 4695
2296 4695
8201 4695
7805 4695
3033 4695
2771 4695
2375 4695
2509 4695
2113 4695
8018 4695
150 3221
6019 4695
4273 1529
2984 4695
2588 4695
8097 4695
2722 4695
2326 4695
8231 4695
2968 3933
3726 6729
327 4695
6232 4695
65 4695
2801 4695
2539 4695
540 4695
6445 4695
6049 4695
278 4695
6183 4695
5787 4695
2752 4695
753 4695
357 4695
6262 4695
6658 4695
491 4695
95 4695
6000 4695
6396 4695
966 4695
570 4695
6475 4695
6079 4695
704 4695
308 4695
6213 4695
5817 4695
46 4695
5951 4695

