92391 2586
41459 55024
65705 2396
39754 49873
36234 35535
110 57440
52392 52176
5362 25061
20440 54310
51549 37672
79509 17003
27220 88545
40387 85105
55267 70684
70680 55192
29800 69458
20796 50338
10631 86620
24448 75003
90716 22159
76499 88745
37236 54799
4665 36890
59558 87357
74341 45274
43592 60943
13329 43523
19170 51315
6617 21357
29940 86856
83903 1379
68138 36311
32355 84704
55541 89596
73961 1340
5820 17406
67008 87127
40173 61596
46146 62368
77998 76627
49920 63238
81614 85011
40776 60433
88122 21245
90291 90150
71794 48452
39724 17791
42515 73539
53567 25974
69222 59967
57950 59642
56664 42546
36197 42409
31483 30980
91912 27422
48374 22131
61941 65199
73243 87015
8694 35145
3629 49680
24375 50284
59442 39924
45721 20704
62903 8541
37134 22289
2015 26711
52647 71617
17472 13391
48520 42112
44482 45604
68407 75416
33366 49993
1244 30662
25446 62472
14629 84456
4097 68974
17328 86981
75400 43972
53743 50241
75509 62080
14525 16626
28971 80653
86658 60348
42359 34170
80113 54017
81825 30654
78345 67765
2269 15084
29387 88481
106 70856
85321 85022
5585 56604
81768 56915
36104 51584
39344 81854
83435 88606
90392 22451
83631 4185
34752 15511
57170 62968
66275 12376
69559 2680
77380 3139
58665 617
58144 55705
73200 39530
45532 81361
46064 41212
67551 4209
11261 49583
86687 20984
38715 79180
40449 27432
69695 48360
88961 21862
27482 63391
12500 13284
9885 1453
72967 32390
47798 23651
15415 47290
90471 5603
31366 81654
51007 71195
40319 26684
35918 76433
31110 70473
60485 36463
37372 74503
41682 75145
31875 47007
12526 9671
87534 15385
29649 88579
24340 40229
33025 80915
22192 90239
63508 58073
64487 9721
45234 80103
77482 33379
43847 19455
1276 41157
963 74403
39839 50031
25296 53334
81765 65940
23305 1059
21163 45105
25116 36550
83861 20731
5437 27569
80329 45000
73793 61721
38477 75169
34945 25839
2378 82609
23399 82057
39507 59356
18572 5157
68986 74601
58315 77763
71056 76058
10244 2652
56322 50374
65652 42603
14612 73753
12220 20603
24841 74230
74244 10136
90069 9864
574 72798
50528 69574
57376 14358
41773 86738
4443 19369
80742 12801
86161 81502
82551 9033
1318 44290
34019 39879
5917 11266
11320 85292
36022 92201
28271 55440
58530 30718
7646 2895
44469 37099
80181 45608
91251 31575
58843 20103
1427 73774
17318 45828
91163 33039
46625 86365
86872 82245
91444 3187
10796 49306
14117 23133
77553 59672
38673 12955
37439 8472
41263 26376
24645 37269
69591 15030
65912 18604
86548 534
44734 91942
58528 6971
45991 63834
35276 86466
3748 78460
35103 18803
70317 61299
55574 91526
22592 15872
76305 66932
74181 12550
43588 73055
10306 84245
72322 90770
1829 47609
41462 29824
73012 24528
59519 42850
33115 69822
10471 69759
15469 72990
47549 10589
33163 24901
12674 6103
85310 31112
37724 41686
32462 6854
58282 91059
29625 54725
49872 16426
33261 43839
75724 56606
10386 53743
11171 17832
90872 29402
72647 82587
69960 41009
47705 50621
12707 25734
48879 1016
81737 12804
42365 44099
27586 17132
34386 36787
61601 73979
59264 79497
43646 78756
37499 19853
53469 38689
44502 23917
57086 89820
34273 4192
65699 28249
64598 6131
72688 75655
63146 31376
28310 73127
28728 88570
30731 92103
32947 26952
68290 46446
36190 19406
70830 19150
23593 75018
72266 46362
29516 4671
29265 46559
29568 86224
52325 89282
41148 54
60853 8276
26517 40959
55846 31154
22466 79450
44267 60622
46711 30649
64697 8481
6922 60493
27708 87593
79607 27651
34727 60977
37198 70914
82795 44813
23286 24779
54389 39552
72163 79723
47092 74296
83565 13963
14888 55915
39910 48834
86786 42234
27308 22101
24686 22877
86867 78030
65440 7828
46780 37407
66602 74172
49234 72101
34703 72526
29702 75705
34397 37285
23317 14041
18910 88965
45422 75676
18102 68232
9866 74733
41022 6199
83324 20001
69674 89932
89599 24787
7233 39515
26371 72795
83974 77157
36173 42846
77568 90381
21207 82592
16967 54199
60519 1187
18809 68889
37839 62643
73581 16384
67320 25267
31109 53669
84780 30459
51413 49269
56762 22484
37933 12999
59534 44513
77024 80575
28492 88302
5575 52389
35021 12395
27881 3029
78838 78808
88203 66528
70979 21985
4171 14283
71349 68205
44775 18543
20795 75571
34042 3974
63811 49115
76422 36040
26800 57493
53071 90121
78235 7359
25028 80396
33616 82605
39235 89301
40749 66597
44675 52692
83031 5653
45471 55106
9529 10479
34419 86986
73849 16971
14945 61664
31860 35794
49369 47820
551 7563
38343 77092
87858 37640
63840 32675
37411 19432
39394 20884
83688 4238
78785 70593
50712 41183
79718 35334
59562 72817
42277 35726
19535 91874
2761 15860
72300 63638
90869 32974
5827 11646
45021 87228
74092 26240
35701 56468
82767 40903
65333 7067
63287 69889
1654 11423
12409 34641
69985 17703
12848 43993
68621 41291
48848 82590
23092 40843
86986 79014
49210 56147
80457 19026
58352 17966
40923 61105
52651 18519
79015 64881
58111 5825
52722 89060
5890 59300
71184 10829
43566 28043
44920 78900
50509 24249
38114 37739
35974 75442
746 78911
43890 79473
83689 3742
42588 51666
49155 62488
69725 68379
86715 44526
69345 48761
50973 57982
45165 70975
21429 5981
15285 31628
78244 5834
83517 64884
84596 41837
78245 54768
64881 56202
42645 57691
89483 37918
43373 18128
65884 18564
63265 41711
31408 61790
28795 68685
91020 75241
46025 75252
15157 33141
85940 30915
14425 14038
30318 7485
75242 16224
6517 7015
14788 14701
40730 34650
13009 66941
36259 28083
81192 78570
39801 49090
22682 9142
36199 91608
38068 2852
26154 40967
41856 40884
28061 8129
31779 39192
84219 16114
5966 26855
31515 53900
54212 72548
78650 72815
39113 64001
63490 40000
36807 69772
1416 35011
78174 10
6653 75299
52559 54234
26186 36425
60674 67334
86368 4394
68012 37874
11601 7639
10561 58047
35353 18604
4358 71630
74573 33569
88305 2697
11161 9847
48526 64342
37325 37016
50918 18372
16378 90773
72855 37003
41711 50714
13824 63719
70075 25556
59157 88433
13509 52718
4460 32135
396 37030
31988 17242
46087 71920
53203 61781
20899 65413
5827 84322
75130 15479
32228 14450
288 32774
54353 83382
22938 84967
16130 8791
15479 88616
71711 635
11253 35571
3896 3396
89085 37080
45230 15000
33881 77059
3952 78912
12963 25610
34256 75810
87804 67805
15350 20092
51999 7197
84227 75973
80683 70546
91414 66352
16845 16851
78398 50856
2762 90836
45156 2075
4080 53061
23378 45058
5484 3536
47209 14059
840 54727
1331 67122
18580 24504
7839 1221
20216 46823
17701 5617
37293 80501
74014 62378
63411 57193
46821 21647
76123 43001
69526 73398
21795 13253
58988 84143
34031 90487
44231 44283
21767 81420
68916 76852
9650 39606
56069 28889
73082 42023
16049 67139
36604 2978
43380 7229
85574 11549
15237 46435
773 59373
9887 68565
43661 89365
52086 53078
62710 32951
14387 31892
86893 69703
92179 88942
45424 9450
80957 77629
60694 9859
78510 27289
75390 18663
76699 63670
47200 66797
60090 31966
20290 20447
36946 88220
82718 77921
90691 55245
46226 61114
38623 84232
71625 33918
52646 19421
31105 10669
10536 51955
60861 24911
35009 61893
64565 63358
68703 31171
67793 42390
89305 26843
41716 63155
27787 92058
87870 80019
73105 72958
74361 56963
87949 10734
82440 40010
23359 57866
46338 56458
73616 72350
31407 29851
20896 47560
15863 4249
84633 73244
70726 81606
41822 72339
9171 91734
3549 42021
68389 2728
48038 88181
2479 88236
34094 32294
66063 42672
61102 59888
56339 63879
7059 14960
49772 39996
61251 50971
77336 2511
50177 36109
51162 36998
38188 75133
38664 7879
36843 88081
85997 18673
67485 80050
29218 3317
43374 13123
43437 38992
7706 62778
18274 76493
56870 42433
29950 728
16782 27886
60598 83897
40750 91991
60763 5639
14747 21548
85434 17485
88841 29322
46858 8183
73496 21191
63181 76862
2472 11313
67080 48451
18783 73602
67904 6375
50538 37153
80059 78553
31012 58358
73821 15065
56514 36130
12659 5413
34342 30693
54638 53234
17906 19148
81645 57674
84 25358
25773 41860
66846 40937
35810 3034
25919 25964
17523 49217
9624 51956
22907 5271
74628 29804
84047 22865
25474 35907
39371 56515
66388 83892
13250 6533
37343 54386
77837 79685
14548 85044
61489 37399
60099 86791
10132 87681
57268 89559
63878 71933
29460 9485
5193 44383
69288 44866
89076 64111
38607 78346
3319 54623
34361 51630
36377 45531
22411 41298
19785 10024
39747 34297
80025 10508
51415 71791
82926 26265
48744 13075
8629 58061
49699 207
6435 85064
64545 68734
80541 12086
61860 57067
86298 39398
27907 74288
10255 49269
28003 51252
60619 36940
92049 37390
8993 69570
83709 24437
23182 41795
9156 24716
21702 4076
59581 1435
50996 39161
32567 52915
76444 90969
38298 14563
83205 52638
82724 62622
89699 13863
10890 13571
84316 87229
77204 56313
65513 54235
27062 54053
50118 75114
28343 84546
9732 28151
79976 81905
10327 69193
49759 71160
73623 68797
73932 70864
30426 26795
83113 81803
79566 76228
20704 32421
11503 43720
24992 3785
52914 8036
62782 33497
65632 70406
1094 65498
48818 58421
84552 48753
81600 83131
73349 9946
16297 37623
38506 80131
53545 4119
4516 27069
54848 88716
52201 9304
49169 68828
37368 48002
73093 72666
11546 87753
77066 57524
51866 9579
34534 77646
42109 40811
13890 12845
18633 80934
40540 68918
1471 87562
27841 81359
55929 67212
60991 24644
80857 78863
58658 21910
68058 6390
40755 54204
8628 19074
66726 42397
84733 88814
84129 22734
43628 61906
72296 8378
70372 31067
21654 52927
92007 82316
14687 3676
65215 26122
76151 36849
34743 72953
36763 28801
27941 63811
56388 40557
90822 70555
33588 46254
54081 7602
72728 3461
39529 66736
29739 88257
12757 55454
10724 36919
29062 71799
48779 18899
52626 77546
55628 42531
86490 37356
23433 65058
89432 79681
83518 52242
78816 15861
4716 26474
49855 18105
46463 14390
82917 85386
55179 3650
28100 86821
57823 65157
57319 35710
68848 56565
31395 57657
15433 2575
22886 68015
82417 28933
85507 19106
69353 14629
83832 14014
55491 51170
78110 69304
68756 48116
41469 74475
72468 69714
65858 27674
40282 8605
36330 55291
84977 12762
52099 42844
56109 68566
83772 34092
58142 38464
23577 77215
53766 39517
36312 87587
4513 59870
55640 23126
20692 60764
28561 92147
48641 14373
1420 91685
44661 64524
33695 1638
6229 69725
88380 9029
9880 22144
75272 60261
66274 5380
43002 74243
45557 12616
21933 76927
62823 41880
78445 68075
84313 28938
41462 58499
65951 87221
46981 82752
27778 17097
89489 64228
42574 45465
58515 82817
1560 86038
19174 89482
54142 65265
90108 26298
30325 54319
29333 9068
34493 48578
42179 23063
67720 84664
20413 38322
908 83902
20221 85629
46997 76959
27157 33086
75503 76731
65643 74659
57889 82475
55855 38461
51396 88986
7368 51028
27024 4677
81596 58128
62263 4372
34228 37662
81031 65260
43873 74900
69365 6721
29193 53388
33492 64166
65859 71695
29613 38369
43680 82169
13300 28621
29334 75320
54873 37469
16591 72937
56927 52042
37200 12805
28160 7726
35414 88498
90717 61967
92124 30915
13 51923
6760 26834
34127 15896
41407 17083
21645 37869
24461 63494
76207 11712
3603 22527
23313 59954
57666 92130
44240 13049
29266 74260
57548 36789
78097 84765
85216 31590
74227 3589
33309 30315
87035 32296
28766 30288
43077 73774
72826 45195
42745 11271
88056 16600
6311 47508
69440 59803
85323 39910
15224 1743
72408 55994
43690 45048
25077 58752
3561 86343
21130 37665
88000 15657
69083 86748
13901 90336
31711 38895
72889 49020
80755 63365
77741 80161
47338 30007
28206 27654
41637 81744
39227 12447
31263 35357
48314 75399
61823 85803
15797 84028
53717 62357
45550 18033
9034 87709
44146 2144
24062 27000
85122 33108
42168 63709
9244 65827
26663 66143
50203 9188
27825 87081
6225 59998
83211 16490
17388 20523
44229 30938
31924 66342
14808 33310
63340 42356
5970 19177
32646 55746
45320 37061
23909 41665
73408 73769
36766 36050
37468 50206
50942 28078
28055 36925
45448 65476
18227 57171
54471 82888
24858 92180
23488 70246
78692 60446
17150 85182
78048 73621
38943 58048
47437 62428
48529 57522
27922 47771
35801 9776
74748 76813
27642 51100
69223 20437
15196 76968
77392 13537
27759 86065
23869 59213
75823 23330
75827 56432
85933 16537
37509 54156
30197 68212
39153 52795
5845 75038
53702 59823
78265 27776
62212 5824
77474 69162
87612 55148
35808 52803
26025 26105
80232 92338
26449 15141
91708 44921
39920 46227
11594 47176
13867 89114
40084 70129
81947 31079
49905 21125
40803 50897
17971 83586
42488 5968
71679 80674
11379 33229
50449 77971
45495 90796
30348 35289
48663 12968
71726 45588
58969 19327
23658 90682
9985 90760
53197 18724
65397 33368
70975 7718
16156 25502
57955 70583
68902 8852
36096 85119
35941 31617
38440 72061
92032 33920
22358 38642
59765 30938
90478 65533
84714 85165
50844 68827
30966 51940
2130 22428
3467 30264
17086 65386
84337 90022
5375 9851
16292 5481
15554 83877
31503 35785
11079 58321
52709 51457
84318 71206
22146 34154
21325 21767
8527 75291
60019 70688
81086 37529
47477 58761
81737 3604
84556 23493
39587 39857
37524 83293
75567 45148
70725 61598
46098 88456
23427 51027
85975 90136
8974 56884
18379 30942
74611 92208
36810 10436
86983 35989
61841 61498
78108 91781
53962 55027
66731 67756
66924 52201
59953 20390
49202 49638
68075 51056
50679 49232
86030 3088
47930 5644
63320 92171
73049 1959
70158 73128
77081 52286
44865 86539
73799 40629
78017 54631
37893 3238
61347 79657
64093 62558
27738 47261
40562 32722
40630 14426
84928 55134
39878 64743
88547 91551
87086 36696
30895 74730
4980 34381
29692 71812
27197 20901
4414 53483
62347 70323
56422 49062
77805 34825
51028 44582
13123 28066
12333 83524
211 82800
29637 49101
85832 36063
55298 21676
17964 35929
73638 37040
72402 16009
19566 20278
70797 80676
14577 73124
31432 3671
16765 48558
49769 60809
11139 18059
73838 52233
78870 11512
70121 69924
52583 32324
72303 33386
7759 92383
23956 36054
74460 67448
79603 28517
10197 18830
24309 81849
33364 22954
83133 43170
66488 90475
62236 64848
16269 48484
8504 70700
23628 52970
86658 79808
562 18129
38526 54373
15571 21386
34365 69989
13732 14694
50984 3935
23807 23930
32529 84914
41030 67233
35260 90052
12634 34164
24407 885
79685 42447
15920 87819
23734 9387
71 91154
2699 12850
66861 67954
92257 29758
80149 88338
23199 21013
60961 55502
14234 73385
57794 635
89816 23900
1330 36408
54628 57684
728 49400
42731 87895
55651 43144
88038 79748
28576 65747
26471 38260
79694 85255
56803 8833
84829 47924
9639 30421
22613 72307
17093 73317
19393 92232
19260 52075
67346 84569
75624 14643
37843 14850
14319 29821
20496 48939
47103 50928
23351 75920
21693 58049
80967 35291
58675 42361
43191 89061
40821 32260
46222 68153
16815 25234
10553 25491
26675 33313
59410 50772
26990 66573
69566 38613
46005 49910
8 11158
32902 58475
31357 91220
46634 12785
34148 17526
31752 28816
88398 68296
68856 16910
89500 57396
48266 88203
92031 76769
90756 59157
21425 52878
29299 15851
758 11591
15268 29165
77788 28462
70277 16645
63612 46233
74155 30282
10792 88008
55492 69878
62670 89256
43892 69379
44048 57469
27698 4377
78182 34481
39027 25881
13478 90142
74916 32482
27907 89526
32907 28473
32856 1675
73091 54476
7977 9393
90434 85946
86546 81124
7145 41293
78964 72545
74883 77796
29118 15258
1627 10705
29392 38421
34925 1774
29701 84927
89667 40898
88977 57898
2799 12588
49765 37769
72915 18944
72349 24540
50453 25194
63333 24550
7785 11271
51562 57906
83814 75360
81645 7358
27436 55739
70924 82641
84755 91784
1726 35830
88918 38865
43289 39350
8042 77658
33041 59419
20455 43885
31080 2520
68037 35412
76454 62320
44128 3675
75537 1521
5855 12841
12698 74974
30220 79992
85995 59427
72573 53043
41110 6436
33144 91681
45546 19843
28216 37132
15961 85571
17108 34206
1224 62393
45318 40810
56810 81934
33844 11748
2378 39934
59151 18700
68586 12443
37123 27457
71101 90015
90624 21034
19873 71507
27870 88932
90430 30473
48003 55078
61783 34454
451 6833
72344 66029
34517 79217
90949 69210
14591 72165
84710 62540
89704 31915
91355 21374
1206 35669
18968 69307
11698 87115
45110 24924
29945 37369
50841 38506
36874 24106
6241 8050
31046 6533
4825 45784
83922 7032
21370 39974
19410 64929
86355 35516
60419 24915
32395 5898
80907 185
40813 34577
12395 64310
58177 92148
86289 48344
2425 32501
87768 41254
41628 23125
12682 91729
30907 6761
63811 48987
69671 37087
1880 41188
63480 52042
24718 16392
30982 44060
79931 25659
33464 76421
19735 73104
55794 58946
70533 43769
7115 48160
33571 82856
56811 5867
39600 67579
4529 38192
81686 71957
7260 16089
78860 2602
33866 30951
78764 58477
28898 78109
15538 56802
57955 33581
82710 53446
1861 42500
35275 53981
81598 79019
30821 23932
87094 42225
74703 17104
52214 58269
18655 60291
45875 59505
27543 51909
76108 1583
67236 67881
17365 3182
59712 80477
52144 5665
13098 82616
23764 23316
62497 5540
40300 77581
26429 810
79233 29391
52597 46294
38186 72039
55980 26103
634 14765
76815 27947
16907 48389
54087 87706
38164 37985
71900 42606
72714 15878
36900 60986
62368 672
68127 37213
33303 67598
79042 72843
18565 8961
43949 63674
6751 11242
88095 58347
786 73486
46000 38199
45389 17257
73159 31662
39309 4573
748 82356
85295 87526
80098 10041
58518 68730
63666 53326
9285 69844
47456 26552
41690 52905
87550 41407
72092 90374
22462 62662
46104 4672
38969 84146
24174 28044
59884 83167
77424 40204
59129 52152
81626 73329
57859 25875
74751 51551
13756 34806
66425 17033
78935 26012
5353 46005
36893 53231
51002 5542
89305 17080
49523 23365
16132 18024
35067 83253
21697 87533
10990 82965
15627 48741
62034 55577
45455 62971
81154 42234
43517 56157
65632 25102
32817 56323
62024 13540
38498 68709
83014 61524
68718 57794
41576 67804
6352 91394
25577 11608
74682 71929
54620 14537
48817 41237
58351 28915
86642 83473
88774 61636
91671 70333
30900 49424
26555 88488
39961 29042
88566 90654
58002 7972
34539 59963
90114 80249
27287 34894
12711 12802
73534 11010
41168 13047
34777 47942
43869 44809
6104 79255
4742 14988
263 11010
34299 48726
62157 38892
71750 33975
40255 85632
11130 61350
68112 50498
31172 4863
69639 35986
24270 74517
43303 51981
70135 10589
53581 19697
28313 44164
75971 5471
50019 24610
44118 66688
75343 17916
59719 14651
32710 59714
48004 36537
65052 15886
53117 46888
53388 8392
58604 73287
69316 89639
68735 68045
23817 72706
90485 18175
33574 69209
38129 62974
60894 39320
42963 65545
83579 76195
68079 4434
45586 13666
54079 2689
22716 74387
39299 55363
91902 14642
4713 83325
65828 45275
39855 31000
49652 44392
88207 86510
45400 28707
26853 11652
73980 77626
24505 58339
67204 20278
61774 89740
69468 37550
23981 65243
17500 39792
81774 1091
6570 77174
24984 46673
29870 21061
53056 52260
18550 21599
41830 33508
46214 57305
4563 76947
36411 3308
1879 54659
80033 18541
56310 32220
35341 76913
33198 20532
40636 40703
6647 65915
66871 42332
56356 81879
73305 38066
49823 20609
3580 82519
8635 48988
29772 28194
63334 43482
14562 37901
22129 7856
90794 54463
91697 65491
11203 52936
66325 11655
5888 40235
63082 49682
31378 80291
82492 73033
27422 14238
21656 7937
19334 43385
72510 65193
83089 71073
42548 63980
79498 22789
88263 11942
41095 25573
59645 88862
77510 5308
72587 3977
38560 90598
32869 36176
21407 41240
39227 32180
81278 18256
14751 46259
55506 11204
80365 74955
73236 77347
78866 40224
7290 10765
24357 49125
25358 69993
52312 80614
88484 69631
57367 25318
31345 81668
31865 30699
23543 61071
5154 59994
77097 68538
61590 53813
8683 9678
59628 8061
63575 83041
81246 80603
77944 40824
18528 82633
9407 50276
42443 69124
31089 35289
576 16266
86708 57896
18618 36217
71394 13360
33912 44302
41538 30213
20606 21834
9403 31817
20386 60412
63065 19633
2765 80347
52885 68704
88304 74745
75558 86351
85852 55961
19383 29640
49018 6143
50634 13580
39724 88698
7543 72399
3651 51428
53968 36278
77215 22118
29836 19021
58562 27756
5169 8085
426 69554
74233 24573
86708 30439
88915 65113
91411 10533
27483 33878
66502 58387
19332 6940
75676 2333
18510 88195
70663 40184
17877 58863
39852 60982
74789 90289
77188 57684
73232 79145
6880 60728
75541 79572
37400 12024
19137 21869
6728 79555
80361 43132
8316 39910
63583 14445
25542 76951
67935 29350
5998 71047
28079 39887
43389 18375
56417 6518
75384 32152
2830 82123
51475 33626
8274 75003
375 82438
64898 77998
71250 61456
3874 91994
89494 61620
81919 84720
42496 54874
67274 38356
59530 81128
32989 5448
41509 33235
30699 39271
4507 54902
57123 55325
50474 66656
15500 73568
51454 53466
30375 32651
1335 87556
82656 17888
21300 69430
4148 21083
77817 51425
89159 92116
62639 5384
31317 63528
83287 75705
32817 79879
23214 3047
1930 46645
5048 78387
85286 60477
38986 43595
72695 36908
72702 66897
50752 31596
47056 67017
90420 66759
67513 71310
53807 38929
13923 75117
55258 55504
78555 49072
57773 76967
66241 23646
76591 6922
56202 777
17527 32415
58424 26454
90807 41625
61998 45724
1408 36230
83727 40117
9083 22379
87318 91110
43488 75619
70109 47333
18057 12200
25611 11412
76957 54870
38391 67198
56400 69594
87699 69375
52164 71524
10825 88363
81102 1003
39066 33715
13931 88805
40816 29483
47326 21075
45469 60415
74180 63063
11180 23299
47250 77453
21308 20612
26922 66974
3587 72805
37980 55819
18130 35430
85119 19121
65875 32168
74071 28669
67782 90673
19654 2747
57265 38873
36581 43019
69824 88504
40487 78712
6079 41267
86841 71429
58450 69063
84740 76815
19940 89657
54470 31355
2763 64931
76145 639
71371 21653
37150 54552
11745 81637
27540 2145
50091 75875
30564 13952
29408 87225
74444 41952
77187 31868
75561 9111
24368 71164
39617 31886
5057 41147
88359 15487
18670 19363
2808 20965
43132 52561
8693 41961
2086 17188
437 86391
90957 86183
57115 62970
68513 49290
46937 59914
46302 88715
43405 37910
23993 37638
15188 79940
57436 8646
79840 44419
31007 79130
14316 71874
46125 15834
33931 68304
38147 65721
33382 25608
62156 87868
79999 12777
90845 88170
71174 69473
15072 89563
57621 10884
8831 80345
8235 1288
40031 64728
4169 12180
67699 60246
76582 57039
43754 68399
4583 45382
85975 19194
1422 77700
25768 22944
73799 75919
18218 13265
35411 66259
46917 23709
37557 29502
87043 3987
37129 22825
11656 8979
20328 31647
48248 59386
2344 27092
64494 49604
84707 1221
87841 35903
8376 16616
7453 65245
27145 84602
26074 60032
85771 24131
32725 58275
10088 54465
14440 18940
65469 46018
91568 73207
45398 8369
34691 70377
47069 46589
59015 37968
16989 27713
59013 34889
18655 12871
24151 47226
7679 64775
25180 27891
88751 11893
22018 26996
46754 56004
29432 39411
33323 39512
89663 42928
30807 68450
82590 13172
55009 38410
39080 73765
15227 66652
20883 27861
82712 55534
85241 68122
22344 1618
7829 72977
79247 90150
21844 70092
54374 9611
71364 21221
91010 86133
77328 17829
77636 40985
31324 8637
79562 90198
78283 44359
13119 86789
41764 72496
25815 90903
20577 46894
11860 62742
15026 61392
43160 4201
7318 76265
23463 22635
53439 14069
88929 67648
8050 18507
64159 6827
82491 25943
7722 87502
38847 2240
77953 1270
78597 35752
51724 62245
10204 48744
67917 41754
69319 14522
65643 21665
61010 90239
51860 64649
22 65460
88854 32541
67938 10780
20018 65194
3430 45033
3787 66770
54343 46798
33098 87535
58618 66487
79130 19483
9784 28537
49876 32091
10599 46771
66479 17183
20432 15003
18789 60682
11097 47276
6626 19130
80852 72429
1688 27958
82552 9873
9400 15944
62378 14239
7718 11185
4742 77929
68496 57394
12413 43691
32208 68839
48433 47743
72974 84352
80542 87700
44054 1887
61078 17660
46301 48037
89630 76689
12390 16997
20831 33559
68620 79502
56482 68216
57754 29800
39060 56869
60354 16662
74734 42757
32381 43139
8467 83259
42027 78615
79843 36370
80285 52144
82713 27968
52126 55305
7343 19952
73359 62363
84391 5515
7797 50338
86892 39238
61659 19340
70444 75834
21683 88427
35439 20383
68302 64186
10763 40295
43364 3409
52995 58233
47236 74157
55187 34461
38736 6541
25346 61236
80973 89068
81689 91602
12474 74918
56918 8716
34901 32349
24232 76039
42086 51208
63924 71895
29767 18119
79038 32572
31309 86517
13773 46583
79480 15506
60373 24129
8089 76007
82852 13013
43822 87428
36874 46970
46503 49783
67760 74317
54958 76866
42392 12903
59947 34579
49816 52164
17439 16773
36872 71482
48670 40591
8546 44961
24925 45126
2764 51713
23126 42937
69548 15113
84468 76350
43806 27417
4139 51625
74335 80419
54687 36716
44237 25245
19547 44090
16464 15115
58001 36433
24650 40433
52428 18741
77005 87240
59414 12099
89947 53997
34513 73692
11345 41315
87324 84004
86196 3954
9864 31973
78420 9882
80391 29790
8787 71833
46445 10312
17381 61662
40601 33856
15714 39770
72810 5485
44615 67312
892 62613
72290 12545
76233 21324
38136 40250
30934 69633
30772 20144
29539 88093
56303 21620
74539 24849
70150 74127
19535 23160
59421 20230
39990 92183
89922 3327
77606 50587
23963 40647
45253 81833
77465 89983
24051 8860
69150 20835
28272 60286
66164 19379
16904 61192
55030 1762
58509 60013
81204 63239
13885 10510
42644 31845
53663 34693
91284 3241
43688 64540
64035 32861
27383 70331
65113 81419
24903 50811
29253 55664
35515 82697
66743 61284
64682 65282
10906 25802
23876 79875
2750 71402
85422 38930
65549 52938
69327 11994
36901 91514
56551 16487
51094 63746
75862 7142
90782 79145
46431 58253
40708 56869
77275 31332
36417 50381
22868 88136
3539 69059
52964 75730
46618 41756
91448 70539
35008 34648
30021 19677
86528 30409
52816 30983
60618 31200
44067 47287
2945 79467
69421 87599
64503 21464
75032 20018
16227 49527
77914 60343
60231 15335
43693 39763
56721 43298
67530 60486
19661 54264
86527 68243
49087 18987
47021 16783
29165 34222
58940 1723
76595 87694
66158 25975
15828 60519
14936 38624
44093 1911
86364 593
2274 6773
41982 18066
65120 74394
9872 86897
11680 309
36029 54126
44631 33113
78265 65273
53582 57331
52425 65900
45793 78632
38875 75466
59783 15710
69500 66177
31991 33711
15684 7413
85182 42587
47347 28939
91984 75263
44616 84339
34432 30385
5269 16050
72472 2028
85979 68122
7377 31497
48529 37432
80394 16570
36756 4925
7061 23798
58222 55462
18168 30551
85315 2176
38409 63513
14099 43998
12079 22922
49515 83813
64531 84040
18012 28353
32688 88296
41898 55354
4631 3088
8121 63563
232 75621
19244 43757
32871 35463
50466 91061
6814 60035
55346 7460
57347 77312
50074 58148
2695 17373
50920 25216
58258 31040
66473 81411
77450 72513
53694 80008
72146 62185
19687 70871
40157 54724
90537 90778
62759 54375
68304 41417
5442 55560
61627 65481
28719 83185
59381 78702
41690 30572
51951 22550
47279 9281
77611 39340
50777 90671
73993 84623
45028 4896
88500 9833
12798 18197
25177 16219
50540 23889
25347 87785
87814 37915
81930 74075
20317 75482
48868 59110
71607 57275
61433 2840
40238 83587
39309 40082
73966 282
21824 54050
5445 83606
52413 16322
9131 16204
9238 58066
83421 2570
49898 5969
22672 66984
52185 19432
79227 79593
30370 71573
84868 85899
1787 52041
22602 87564
57125 81948
56814 63104
47707 8545
52854 47411
869 5952
26280 20380
33112 63107
41030 27398
85996 45259
56660 10177
39326 24314
72871 3704
17702 63563
34296 75316
4929 64827
11565 11269
24663 55207
9440 39683
40995 61676
47566 46453
26147 9354
36467 65075
12074 43576
28850 55980
88557 8493
60288 37266
25865 91642
31371 47839
57467 92135
36656 48094
37324 64997
56830 54659
75529 90601
86497 77832
56463 36292
29933 66831
64706 88976
65776 40217
14748 88194
90825 47319
81095 47163
1311 55858
79393 4668
39844 90044
84674 71386
11964 30361
62638 7635
81753 66007
24054 90130
89677 49297
56732 55971
29929 41318
90220 37710
27331 34903
36856 38562
18723 54444
73504 45444
84613 77153
12425 5616
27129 9778
5530 32347
33954 47462
54067 82799
68576 51847
57247 59390
52079 30938
75648 68434
40872 37158
21665 4718
40607 83807
65582 53016
33884 50228
85607 66957
41142 60818
19223 27417
39689 91431
42392 56986
36270 22528
39191 19770
89358 75751
80737 73365
50675 56115
1010 14265
14324 39742
47387 47087
51278 58745
48182 16999
26037 46454
38647 14687
16352 36915
12953 38179
82301 87409
47206 34625
26376 69454
82374 34897
92304 90841
52695 14788
82112 55951
37156 17229
58390 71581
73078 84051
22781 77042
48846 50232
42745 91153
89238 53935
21515 60980
15697 39994
54275 85177
40990 83786
7076 6611
58418 2366
66360 84707
40329 42606
36894 28492
89357 59260
66379 51773
81865 80259
48471 53072
55933 62638
34154 90115
38409 913
68917 87715
14420 88746
81380 83893
30664 40342
36602 83530
54427 12592
29954 34175
88282 11243
84334 85024
19122 16515
45224 14167
60082 53621
27117 16043
44786 24149
54946 89415
32348 17038
22423 10370
68987 17535
24625 39187
82319 36677
56667 59312
54188 4968
91675 78062
74255 36576
42234 37448
42007 52044
42031 82611
27637 83599
91059 29980
37585 71411
87508 9876
75924 87710
8594 900
49818 64503
42784 50805
49660 8074
90195 943
87086 71624
52292 82933
82402 28467
29132 37957
46289 45506
79826 30930
15426 20214
40566 52344
49740 21923
17600 60632
63196 34423
53738 29734
87780 14922
71884 32481
1962 81381
55128 92150
29641 36298
42148 32025
64865 90624
22862 31978
43892 78192
46619 89038
7045 4232
27561 75300
39620 72737
79633 20799
4733 58712
24705 13421
61837 5449
72090 57962
73695 74695
55411 87635
16952 65641
85549 15969
47825 13034
78076 42494
52651 52754
21321 37524
16905 1766
81812 78041
13609 85761
36772 72388
43393 5232
29111 89445
20787 36427
57856 21525
50874 67127
83946 14514
56162 73166
54525 85677
39575 38183
52492 21620
23152 86850
73422 54915
42530 43852
13638 88978
37124 40912
90403 78045
38 8320
39163 43693
58003 73487
53361 34348
38227 58646
2225 22074
72806 9276
12810 46687
72829 10428
25028 28167
36122 89927
84714 62100
72177 64773
22477 85520
25575 37461
309 7327
91228 2249
25656 84518
27232 26097
86022 79449
68959 29719
67242 39003
47309 47776
24782 10620
38565 54890
65699 28172
7348 66253
68728 41226
85011 14442
69071 75680
51310 66624
62372 24028
26842 46672
66466 79434
46466 28253
20375 46151
72950 32652
61118 67602
73336 50889
57226 10610
39441 7433
16244 37437
32693 56091
4035 57433
5434 27343
56278 21244
87748 37451
70505 11697
32607 10124
24576 39131
28731 75708
27073 82009
75341 27289
21436 15400
8835 20154
72356 84350
30875 36546
65100 47748
74909 44750
68273 9662
2504 31193
54507 41295
48728 53040
41444 85359
77165 20324
14825 66134
81478 27882
40885 4563
29759 53002
55869 4758
51057 87739
13093 86629
53762 8609
38133 21853
6756 40583
16873 68963
16386 5454
23959 76817
2818 68859
81594 11096
29301 56589
68840 36811
41395 64799
14224 35298
6150 91893
1217 66834
24692 77262
15334 23615
53679 86303
54502 35043
88660 77789
65245 90681
14638 66922
59841 8882
20274 69623
25906 73894
15760 72777
68463 87720
1664 39387
25071 82483
39155 12206
71060 71432
52319 35636
13996 90845
63267 48260
91362 21549
79987 86396
962 91925
67665 32248
29868 10224
7065 59223
39281 32023
80059 69388
38934 31799
22935 78350
54519 27259
74190 75906
78226 75199
7653 24195
33557 28019
45440 22985
70491 26893
83164 61791
75858 79948
85978 89149
34038 12378
2937 50748
19472 66244
76802 69136
69853 45337
9429 45068
69489 19576
66903 46018
50722 77774
12298 70147
43429 66588
6216 63869
48042 18973
69946 41628
87631 3333
45697 45169
65858 82303
84914 37385
59980 64995
53289 78724
51173 63193
16352 92384
39034 51534
37144 52753
19002 15038
40960 82365
56361 78907

