2215 2885
238 1747
480 228
1705 1736
333 29
1010 277
1808 931
1017 581
95 1963
1724 968
1189 773
831 836
1207 678
1316 356
1782 1058
1304 1019
283 1525
23 1794
1460 1681
152 367
772 1918
1271 2010
1348 1705
393 2007
1022 143
759 1490
853 1088
1861 1732
10 319
167 2109
1924 2166
477 1511
896 1989
2204 5
31 378
376 907
25 829
917 62
1431 1366
464 382
677 1658
210 1103
1501 607
618 2017
2138 1344
292 1587
945 1063
363 1647
1723 985
1984 877
883 859
392 362
304 249
820 165
851 1959
2149 684
1941 655
4 2059
264 212
61 1281
550 426
744 520
1526 821
498 1956
1767 884
2171 330
1648 1192
255 1677
1796 44
592 279
1338 1115
88 337
902 850
627 1814
2029 1823
622 1061
1957 1129
1046 1617
1126 743
955 2173
1211 2099
1618 122
1108 954
333 1452
1475 73
2108 660
1530 683
344 1610
1302 676
794 355
1473 1052
21 2125
1058 315
1868 1581
1729 111
2013 544
734 1243
2050 166
621 957
1447 1444
246 1425
2106 1000
1276 1562
276 1862
1552 1237
1055 1334
1395 1519
1014 1153
434 578
680 1802
1979 2213
219 1327
1463 1653
1237 1310
638 493
1120 267
852 44
923 1007
2062 1280
2097 1158
259 2159
1398 1300
969 894
125 618
1141 2132
1195 711
1920 1461
1921 294
1797 487
2215 246
2165 654
296 1259
928 712
579 1876
692 850
531 1836
1311 599
1331 428
339 1220
443 1723
1198 1067
25 652
192 1732
2185 717
2206 282
352 1275
646 855
1342 967
1697 261
763 622
1077 1343
1623 2154
1427 293
1393 151
919 2038
391 112
544 25
1699 1920
230 689
63 1186
473 675
657 1399
408 286
2060 815
1548 1049
1344 1548
343 422
187 583
1410 1493
600 1130
1079 341
368 1418
837 2125
1791 812
2113 1357
1219 357
1702 1902
312 964
742 697
1994 618
178 66
536 1760
809 1626
549 1321
249 126
1843 305
284 349
720 1059
1686 1935
967 936
1056 456
1387 2133
1156 543
616 1990
2082 1117
467 735
2069 918
1581 1509
1819 743
2090 1386
1679 211
505 209
112 772
87 1124
97 1546
1445 1212
1947 1193
1476 1428
1601 376
1483 915
1249 748
175 1587
897 705
826 1319
2179 1701
1391 1097
1124 604
1266 571
704 1213
227 1139
1201 33
1188 1900
785 1961
2156 405
17 1186
1489 1748
482 840
1579 1004
1889 1867
1014 63
1218 387
1585 1721
2192 184
458 1422
345 987
557 1544
367 746
1684 1205
1839 1228
1741 693
1630 825
850 979
1489 557
1796 894
1959 1266
1537 899
239 187
1529 895
523 849
1510 765
1957 1076
1043 2053
1660 1872
745 144
1921 1684
105 229
327 1059
493 225
1557 1636
1676 1587
2034 1152
36 1935
1751 189
1567 1945
185 2143
663 492
963 1507
2049 642
1544 1818
1972 1850
1376 513
2180 1885
2123 182
1378 65
398 2143
835 2181
684 142
1066 2193
1255 897
779 1462
442 1548
1490 391
215 1240
1279 1748
304 680
1363 844
1687 447
1490 1559
1481 836
1008 2044
282 2089
792 1028
888 587
940 863
1911 11
689 1955
1364 287
589 785
1926 548
680 2135
599 569
58 251
2114 1916
1171 1289
371 1236
566 163
1744 1187
718 1874
2183 1265
979 1878
275 1533
1122 1140
824 1446
1903 1854
707 1864
947 1962
1337 948
2157 1621
617 1153
2080 2161
1364 1576
2038 129
2101 1726
967 1760
1805 415
644 203
1655 556
102 823
1476 999
1277 1693
964 1233
1246 2114
106 1696
289 1323
1755 679
1178 524
2193 1027
1651 707
2073 845
2197 997
1551 2197
476 368
2094 230
965 416
1514 329
2207 1864
79 2129
1114 1707
292 1190
19 766
1533 873
1633 960
1351 716
1532 499
2177 1203
657 793
548 886
1051 1852
1793 1177
1725 1308
1078 1497
2032 147
609 1247
1393 160
32 1006
136 1472
505 1455
1612 1138
409 1338
1756 1789
2033 377
1792 22
221 1287
1685 862
859 1394
1119 716
1070 445
1613 1596
1146 1078
1865 11
72 934
1950 1138
212 1997
1278 1908
946 1318
2099 443
1541 152
2023 75
477 1513
1181 1566
2195 1350
468 727
1576 667
49 1152
1693 1103
1093 290
1856 163
390 1481
866 507
569 1861
1129 1146
1972 374
1698 1303
31 1777
273 636
1003 890
290 2037
1060 149
124 284
550 1475
1093 1494
661 1800
873 933
323 1432
1971 1439
1927 1512
742 189
1575 2113
1663 1960
202 1636
777 1495
1028 811
322 2083
586 615
1812 1567
1657 461
860 1349
46 2184
843 658
134 198
1041 1280
1047 1211
449 173
759 1302
1097 1706
193 1070
621 959
1146 1598
812 261
581 1417
1445 439
1864 1963
981 75
2153 1428
1697 165
15 776
664 1945
1113 1542
904 1548
1561 1818
613 847
1900 2187
599 1815
570 2017
1791 968
186 105
2068 422
32 721
591 419
522 814
1308 1228
508 1324
1820 622
1797 1801
1014 229
2076 2125
455 1434
1740 1761
13 1238
832 2058
1816 1262
2029 1635
444 750
77 319
1814 1072
435 1455
1027 1861
1136 456
848 992
1320 1216
617 2111
1950 71
1818 1572
646 219
1682 894
38 485
738 2108
1124 1506
2112 2055
867 1355
267 573
1301 564
116 2210
445 988
438 949
1053 2156
981 1871
966 1971
485 1555
1687 456
831 880
319 2160
2191 892
4 693
778 1282
397 1936
278 816
1808 373
1954 1330
1681 677
1431 1963
347 314
2066 2065
1786 470
520 2042
1809 682
756 598
97 1679
396 26
1268 1038
1547 1356
196 117
787 2162
19 1616
2187 1573
85 1561
26 1246
2184 1504
334 990
892 494
1201 575
1510 656
623 598
1054 376
714 228
836 1236
368 2071
1242 841
1327 1065
511 393
1543 1772
641 94
768 958
1855 1858
1269 831
1779 1576
717 354
2088 2182
1096 759
365 1363
970 1177
972 1632
381 404
52 1397
265 458
1322 1781
2162 446
1935 812
1838 1145
2008 653
570 312
60 1522
834 1145
851 560
2124 1587
1103 632
78 344
663 1034
628 2208
982 113
531 1409
1171 12
2103 2058
340 609
32 642
2200 1353
807 1801
1268 2196
1998 2121
259 1215
1810 2070
1030 1586
1624 1013
1284 1731
541 375
1622 823
334 1510
1385 767
396 1305
160 125
2056 1609
183 1606
2131 965
767 165
397 1157
1446 1011
1464 916
1178 559
1934 951
1466 1371
538 1281
836 1841
507 1931
1132 1611
1538 2033
275 4
1695 376
1744 152
1038 26
2020 581
1366 2043
2159 925
1277 1211
177 600
1325 1745
1609 1275
496 1140
353 188
686 971
1433 677
817 408
1181 1853
1437 647
1535 1856
436 1619
1826 342
1419 1007
1902 72
528 1702
1688 637
2105 517
442 2044
1435 2034
558 1581
438 1436
1700 1142
997 725
657 1214
1722 2212
111 2209
1313 2193
882 249
569 1595
1795 1644
1314 1191
625 1792
1777 1101
251 1322
80 1583
1486 1303
357 2206
1210 990
1770 424
2162 799
750 102
479 1594
262 1825
834 1642
247 2111
1369 754
585 529
2106 867
199 1131
257 318
63 1881
94 1194
2111 1656
529 368
1197 1730
1123 469
2038 1263
1495 1918
1211 173
1968 1198
948 208
3 2015
1395 519
288 278
542 423
156 1928
1409 1994
444 1986
688 397
2169 1453
262 405
2009 189
1701 36
1279 1884
1947 1260
1402 643
1260 559
1238 1703
535 1323
1509 1034
1871 75
1968 1548
2090 262
849 2156
1160 1411
679 958
381 1264
1035 742
1316 612
1210 185
1177 1091
1762 927
1028 1111
2166 522
609 81
2038 2179
2104 812
346 1693
7 915
1019 101
1468 2142
1982 1460
1465 1499
1561 1732
276 1225
1080 196
2057 1639
620 1523
1874 1783
700 1781
2004 1255
1153 711
1750 1604
505 1
628 1383
1387 1817
1183 1376
691 1439
2074 1435
1756 1912
959 436
1435 1448
1746 1081
1686 1704
354 1036
2170 96
1658 330
768 87
1560 1744
301 472
1839 2211
469 1102
873 634
411 1426
354 892
1419 1216
510 502
1456 1363
223 1046
1405 643
777 28
1287 916
252 1109
1262 1497
2206 1860
1412 2116
1044 1720
1789 1837
1210 1752
1749 1621
1439 1166
1069 995
458 1070
843 503
719 696
2074 630
1241 1824
2142 1588
267 572
770 518
1363 129
741 1394
788 1326
826 1618
1368 589
257 298
1745 1479
1054 1216
1312 1740
1499 929
986 1347
508 1457
1468 38
1657 1631
960 1703
949 1953
1883 811
633 1079
697 426
2163 1768
390 763
1650 1628
707 210
2066 523
304 1928
1233 27
24 333
1121 1921
2214 766
666 1606
1207 649
685 573
697 1859
2193 600
1625 1311
2081 93
1777 276
1567 1449
1187 2131
469 948
1006 744
26 607
2133 405
909 582
417 794
228 1007
613 1343
1101 523
436 627
1889 2179
377 1215
5 440
924 301
1270 1878
1580 377
1947 808
1829 300
1187 796
1930 1923
577 229
103 1133
1139 1659
1725 1411
974 1097
1514 553
2123 746
1473 372
881 497
1929 1555
664 877
463 1561
1370 1448
1448 1776
624 1478
397 1287
1409 2193
1657 1212
471 598
945 2058
2116 1417
1194 813
414 1641
1670 513
1289 1230
361 466
1392 648
2088 797
1443 2191
1235 2162
1384 973
1496 885
1096 277
537 1711
212 114
2112 1648
503 406
1388 305
1096 1674
1267 15
121 1918
1102 1754
53 1109
843 2168
1808 1916
863 1508
1481 1292
608 2121
1059 745
279 670
1594 760
468 277
908 612
1795 1424
1518 621
1778 1780
1011 970
2024 1167
884 2061
1973 527
1346 923
1129 925
919 972
1016 1313
235 1651
1323 1321
1285 46
1178 1906
182 858
1143 1390
1568 105
207 2083
1701 1946
249 359
2140 416
614 637
1316 909
1357 681
349 2023
1601 138
520 2021
2100 1628
502 575
1937 618
1718 314
852 136
675 503
2142 2039
2052 1242
575 236
1228 1884
2001 1505
957 975
487 1700
533 684
1046 2072
745 1735
1904 791
1194 515
7 1248
471 1468
626 1262
625 214
2028 2174
120 78
334 1090
1277 1488
542 1793
1818 494
1534 735
1922 1109
113 1616
150 106
1387 1476
85 385
368 1268
520 313
308 808
629 485
1564 1257
1686 1628
2047 1899
317 484
107 1577
396 1451
827 97
453 902
1181 1083
219 1638
426 1559
1654 1452
1045 2125
670 787
1917 105
1370 1284
2166 1712
1170 1976
1116 2005
616 1310
503 121
637 1778
2166 1074
982 92
768 132
43 1039
877 713
1570 262
113 2123
540 1436
1970 1135
1412 319
1339 1152
1861 1228
1727 65
1356 1241
716 1518
1758 992
351 904
1499 588
1711 916
1230 463
2087 758
271 1289
774 1086
1173 1506
1112 327
1197 1454
920 651
1731 1504
1279 1752
537 212
1588 701
2042 2040
476 876
248 1686
376 1692
1928 1380
2155 376
1503 1353
608 537
265 692
531 2160
893 935
923 1452
158 1240
1598 458
828 131
1483 1789
1507 1917
729 683
211 986
619 1189
750 1380
488 477
1896 795
1157 721
1431 466
949 48
1098 931
1138 1116
1439 1718
1349 104
1072 878
1344 1486
1166 1708
320 605
933 45
1493 1694
1296 1445
183 1310
1532 1164
141 1
1859 1787
326 1066
559 105
949 1602
151 539
1923 496
1833 868
1010 1209
1850 777
1725 1420
1883 1628
1649 1461
1112 1485
800 1744
1909 45
1172 569
32 480
1075 1948
1692 1013
279 1520
1308 84
734 1246
2128 497
1984 749
1755 889
268 427
870 532
2063 1716
295 1055
1435 161
443 2122
984 1457
1545 936
797 139
1489 1709
930 928
1434 610
811 1385
993 1362
657 918
728 1207
959 582
652 431
597 495
1039 1594
1371 2067
2004 1751
270 1003
246 417
1798 1911
171 243
93 1635
1590 570
797 296
863 241
296 1671
370 1620
1054 1349
207 1513
956 1717
1894 1591
1870 1383
1954 1642
2215 743
383 1446
1993 1633
761 1132
1135 1459
1203 1185
1831 1162
372 1293
1720 1331
818 705
779 219
153 1105
914 1612
1563 709
1491 461
54 345
1898 699
1244 1078
956 1694
1783 340
557 1194
122 1940
1519 1691
1929 543
1527 234
1047 829
168 595
30 1119
658 459
385 35
319 764
2134 948
128 644
644 560
726 599
1987 1423
7 1437
1659 1441
1638 186
1095 87
385 794
1945 114
1468 40
947 1766
432 646
634 223
2211 233
1298 123
906 1505
2128 235
1107 2169
1891 1311
1922 624
937 754
1549 1547
825 2190
611 998
1858 87
1674 266
311 248
935 2178
2101 1422
1440 1905
1055 257
272 1834
2133 1454
1445 937
426 1483
1533 412
1065 1061
1255 547
99 1762
2073 1179
1500 234
357 336
1282 277
527 1570
1502 51
1864 1041
1524 713
1386 105
811 920
1966 1583
861 1186
1712 126
718 320
69 728
1427 1454
918 1019
1145 2113
1329 473
827 263
1592 1112
105 1590
569 1953
2158 68
1208 1531
976 2048
671 1412
991 1273
789 1404
2211 1391
1118 1085
359 1033
413 1153
1033 1764
1273 2011
1252 756
284 2171
510 1351
392 950
417 894
207 1
1773 378
1390 497
110 1380
1554 2146
1491 1452
936 1724
1026 1123
2113 1206
1598 382
1840 1456
1983 2179
1775 2150
179 549
1805 1089
1761 1577
1625 1424
10 1005
1174 2162
18 222
625 1803
71 234
716 1167
1529 1801
1795 114
299 1818
1627 795
2043 1527
751 1161
1012 262
447 112
1012 1839
1103 911
127 515
93 522
1963 1805
1900 28
1239 1365
1463 1976
359 349
1508 1081
254 1644
2144 1965
393 756
1716 621
1176 1839
150 1443
2030 933
1293 1686
1929 1933
716 133
1368 813
1327 2093
1152 26
1228 659
1185 2009
2186 1674
1373 519
1587 1760
1950 1583
2209 611
2063 184
82 1365
409 219
1401 1525
190 818
1904 1179
1612 513
450 1797
1192 1122
1136 175
1276 298
907 315
85 1784
1162 47
437 1369
428 317
734 1821
1898 1513
604 2120
1744 2129
15 1725
933 718
1340 1896
1306 1000
1531 444
388 546
487 668
787 929
388 137
366 1430
2136 374
774 2158
2010 1955
2063 835
1449 118
1775 1600
442 867
1390 1609
1104 83
1513 776
2007 1168
1319 502
364 538
971 84
1787 1430
238 1896
1380 368
1129 1689
948 631
914 1621
1982 967
1397 951
23 1449
560 491
835 1104
1523 2115
1666 623
2186 2050
1816 1056
268 727
2192 144
1299 1324
135 1366
684 413
133 539
571 127
2173 539
475 1322
585 2097
131 1661
1274 1267
1720 1762
1552 1769
1402 1681
111 1539
1570 1036
1017 1610
1204 1616
1225 327
1024 1011
1170 1968
1191 1762
329 980
2064 1656
268 1113
1178 517
177 437
1742 101
746 365
1792 1350
1836 1914
1205 1782
883 599
194 1429
857 1364
1471 769
2015 604
16 376
1550 1965
1699 633
820 399
935 911
1814 2011
1775 1940
404 866
589 503
1311 902
1094 1987
1455 946
1525 1499
788 74
2184 1092
37 929
130 2060
1631 2191
1669 1629
277 910
1137 636
332 1520
1576 1995
210 1265
1430 974
1907 1951
1757 57
394 1351
664 2115
1634 1527
1436 1957
1811 702
647 1388
1205 892
1622 1818
37 821
1393 1995
1294 1873
670 1371
2047 1207
480 573
2173 1432
2033 226
778 1053
1177 1324
79 1052
690 711
911 1699
1876 916
1115 1120
144 623
490 1031
792 1747
1152 1681
1771 2184
849 1643
1263 694
887 1755
1207 1733
1660 775
1452 746
1727 456
756 225
605 501
655 996
1068 82
1071 1548
1661 596
1752 1797
178 513
708 1496
281 1688
2183 263
597 1665
1740 102
873 1420
637 1472
2067 1400
1610 1304
850 533
1849 1586
805 1285
1977 423
1882 451
196 912
49 1567
125 1297
1930 2068
348 780
2045 1646
503 1248
641 1298
428 1828
146 1850
1579 126
104 950
1225 1992
1296 1149
1655 1576
1597 1226
1338 1640
2094 2032
54 720
1976 1402
1818 1081
690 292
696 1126
456 1931
1982 1189
1717 1529
1685 1231
1399 1628
1526 1732
939 2201
37 1426
2178 1100
362 1860
1166 2063
1044 1171
553 179
1263 1358
2172 797
1170 901
1129 2032
855 746
2141 2121
1011 356
994 2073
1134 655
1294 1876
1241 1684
1045 2038
691 1397
1113 1535
654 612
2078 380
797 252
1455 2058
1411 411
1317 138
508 1726
77 865
876 661
1698 95
622 1419
951 575
882 475
2162 1627
1481 1149
1183 323
697 695
1006 218
60 2209
1111 420
1835 1497
1796 1197
120 1931
1281 1734
1112 1696
1552 1065
441 445
1021 1923
1743 1041
666 2140
1771 2128
121 885
1354 1839
1031 2009
1085 897
2083 1231
1311 2063
238 1964
1399 1847
884 2075
1171 182
1246 1753
1486 868
1633 1790
2121 1873
480 2107
306 1051
137 2033
99 1512
1825 1322
1554 450
1352 1398
356 908
1755 1257
956 2072
900 334
405 2198
139 501
2116 73
300 455
1069 1195
91 610
1915 348
203 113
1554 1654
1715 1571
9 284
8 468
2006 1634
1900 1244
464 1093
186 474
22 860
1305 1672
188 1158
954 691
381 1058
923 1378
586 444
10 248
1934 1651
1984 11
811 791
2094 291
1946 164
1281 1351
729 1512
2161 201
234 78
1656 2051
1065 909
1103 118
882 2019
117 2073
2188 191
299 472
195 1992
698 743
324 416
669 154
1609 1975
280 1133
1771 1336
161 129
1468 1298
1956 478
1551 658
660 1390
397 342
1866 1344
438 788
98 1506
1846 877
1164 1566
1480 225
757 1816
2012 909
1118 1041
1092 494
1525 1544
470 1908
1182 424
285 56
498 1332
2161 1382
734 1954
15 955
736 1240
1558 1843
1259 2184
1985 2059
283 626
220 686
1873 277
1535 1630
765 1532
1625 1115
904 1318
1820 945
331 553
696 1963
1868 1101
1690 835
1461 634
559 682
650 46
528 2006
975 1234
1777 839
1598 1362
1860 379
1467 1845
1289 118
1290 608
942 419
2014 702
1944 49
47 735
1169 318
1892 304
874 1861
670 225
1726 500
704 1715
2154 1621
873 1115
1940 200
1349 141
863 1708
248 1026
2178 1420
340 2192
1904 134
651 513
1284 834
2167 1038
1395 2099
1541 2153
487 2067
1529 1541
415 650
14 77
836 643
1621 195
588 169
1494 765
539 1970
1260 1501
301 1424
1448 389
1190 1851
1637 1079
579 614
29 327
2077 1085
594 593
2092 347
199 1412
846 994
1452 1298
1154 1604
1882 1785
1868 718
2212 1660
1009 728
1087 1959
195 889
313 207
96 1670
94 428
410 1451
1644 1504
215 1212
2195 969
1035 722
820 797
1665 1792
2056 365
1706 1564
1164 1281
497 409
1992 1778
1543 374
1235 258
281 2096
2051 1455
361 1042
221 1822
1231 2210
593 1056
1823 1447
1814 724
1678 1129
751 1084
2147 116
799 1798
1850 1995
1074 425
885 1429
1846 1207
342 18
1320 1277
415 2037
1971 1058
692 396
1970 1996
1771 1558
984 1965
926 1466
1168 1228
1796 568
368 421
885 1959
2048 1277
1473 817
387 1831
2199 1595
1305 595
1849 430
302 2052
1821 597
1455 1177
1784 858
821 1156
1570 606
1704 835
1942 1152
951 1006
1708 1214
1837 312
2115 814
1067 2120
1590 2161
892 807
318 541
2147 1706
518 1240
2083 2179
948 70
1896 1944
1772 2137
1931 95
2021 663
247 2094
1466 261
349 1696
1200 1682
1612 989
887 59
2020 963
819 944
511 562
1389 1883
1638 452
2036 4
1799 177
457 1265
455 667
1988 1245
374 184
1724 1989
2172 50
636 2139
122 606
1698 1671
295 1468
1032 1847
156 1273
1887 146
1084 725
176 205
856 1770
849 1645
1229 1866
870 356
635 2067
1031 984
2087 1488
1418 1918
2003 1754
1287 415
1124 245
1937 2074
112 1882
725 239
786 1826
1413 347
1693 401
1348 1944
363 188
695 1793
121 1149
2110 460
1838 941
1802 1247
651 591
1238 1025
398 1951
1624 2000
533 455
565 1570
855 1409
1384 590
1289 1750
1605 180
2071 2051
559 1532
1690 1047
535 2078
1689 1985
1721 68
1008 275
1109 1410
1601 1872
607 2066
891 1596
1600 1010
589 1411
1198 1604
952 151
1368 1112
1409 884
1585 472
2171 1881
857 2213
1722 297
315 618
483 1514
1022 1383
265 1700
564 276
1702 355
1028 1722
658 1860
132 1027
634 2177
569 1931
2083 1364
1215 1405
297 197
1748 736
434 1743
96 2013
19 1006
903 1318
494 67
582 1986
502 1877
1513 2001
292 1021
1155 307
1231 1794
397 1977
223 921
1504 2038
1368 42
1499 1465
258 1373
425 1550
237 1350
72 1920
1550 1659
526 2127
936 2111
5 1601
1191 674
1834 780
2120 91
633 532
1405 1277
904 617
1529 526
2139 598
1799 2107
1303 2169
1391 970
31 1366
1129 1458
336 1593
1121 700
419 50
215 1532
1855 1333
869 1010
1316 1321
1868 894
1745 1318
73 545
1873 829
656 2214
1026 993
1785 716
1028 508
258 218
1236 394
254 742
1179 677
1387 334
1310 1920
1222 904
1814 1453
898 26
30 2016
1161 1568
528 1655
1350 6
1606 606
1456 698
1074 516
145 1859
263 45
26 1264
775 1388
1450 623
815 112
2214 461
2187 1676
1323 2096
1175 1178
1869 1775
1397 2045
1701 241
2169 346
271 399
2199 1012
812 488
1953 313
5 1820
2030 8
743 474
670 1307
470 1776
971 1829
1932 375
2213 1706
1628 787
504 1131
1717 1390
1590 266
1337 2035
730 1214
226 369
255 692
216 1258
812 200
1761 1810
946 1103
1409 864
1064 192
1832 558
1610 216
741 1753
2039 1116
26 2036
1351 1682
2084 1304
290 654
771 2010
519 1380
31 1742
1241 1401
139 2178
1147 985
1371 1367
2124 1196
1145 121
2179 903
1046 524
453 1062
1130 1835
854 1751
922 723
1579 615
41 1648
140 1770
710 1743
1040 486
1411 2199
296 297
1814 2058
2034 112
1881 1968
78 1386
387 335
627 1336
1874 388
338 2136
222 347
609 793
146 1786
2090 1095
830 761
471 1991
1441 277
1007 839
1548 748
1135 350
452 1074
78 1916
150 1267
767 1086
1 1287
1212 304
1132 1364
1924 1184
1399 2202
2113 1465
1149 1044
1910 611
923 1226
1934 825
1410 1722
1988 387
1473 2007
1216 1182
1900 948
1601 1518
2006 929
1083 280
1917 857
980 1207
1898 1252
1447 184
2060 756
878 1833
2085 1078
19 1843
1360 939
1571 2205
326 539
622 1355
1022 1883
620 491
1079 1859
1664 1466
424 436
1997 1904
478 1081
1893 126
180 1424
1521 1566
841 1807
143 831
1516 1079
1623 2108
363 871
165 2018
90 1121
1271 982
66 355
216 34
1997 448
2185 419
474 329
1939 852
1470 1722
643 107
770 965
1645 1723
856 1154
2066 584
2162 1046
585 2088
1324 850
2068 773
192 1110
1507 68
1746 350
1860 335
327 660
2015 1112
1624 95
1261 421
738 1134
1370 1905
267 2043
2074 1463
1156 255
1222 1103
478 685
667 1375
228 1971
508 39
1141 211
2020 1348
1534 1454
1723 1390
1486 1563
29 1618
434 1029
2206 949
1160 1658
1732 1475
248 344
1469 1510
1838 1084
699 545
291 1245
2185 108
324 1013
615 631
2079 1146
239 151
1541 159
1337 1704
909 211
1511 316
91 1076
1452 1133
1351 1230
1739 143
436 27
585 910
1421 242
797 155
648 26
1045 894
340 813
1822 851
595 694
1554 1711
1596 1033
1778 1684
448 531
127 296
268 1238
2065 285
1147 1063
963 1242
945 25
788 307
1259 72
1923 1284
1399 232
1348 1727
1535 650
1563 1386
908 1046
1948 2100
1691 1163
1424 1722
2184 278
2198 1079
15 276
758 549
1168 304
894 101
787 1021
1422 220
206 72
953 1727
197 252
1956 2076
2178 728
525 54
66 443
1218 1738
1054 2124
1735 1619
1265 1441
1932 1755
794 364
1593 1242
1291 1435
1837 1868
1068 1506
74 568
725 1432
1042 2042
874 737
1293 1215
1478 1297
1963 1949
2185 1796
1303 1939
2048 1678
2151 1282
42 1411
92 2135
1470 1558
1096 2134
760 2185
632 1096
1606 1976
2146 1432
837 1385
885 2036
1955 1492
1559 323
813 1293
658 1090
1669 311
138 566
176 858
1588 386
1699 977
2200 2162
1195 1852
568 824
1340 1569
1038 593
557 2126
2003 1504
1184 418
1516 74
1338 1379
913 827
545 431
1113 214
1003 491
1987 369
1235 505
2089 2186
458 2125
1594 1606
1036 790
1294 1314
1063 478
1862 1506
1751 2047
1124 1019
1218 1175
1965 1598
544 178
663 1447
768 1878
2104 630
163 1655
1548 1166
1342 1735
573 241
1530 1706
971 925
268 1591
810 1731
446 1863
1534 1267
102 741
2210 1550
1264 360
1745 1487
2070 1921
821 693
1461 7
897 1771
1127 1559
1806 419
2032 1665
199 1698
1145 673
1128 2198
1452 681
770 238
2105 868
1216 324
792 262
1618 75
1020 1023
683 355
1949 1752
153 1209
1284 1627
1769 918
132 1909
1406 1998
547 1105
174 514
1678 1294
726 2159
694 629
598 1070
1208 850
1905 927
1825 1987
97 230
740 1419
751 1923
1727 1186
1482 681
639 1224
534 2074
1252 893
1989 2089
1805 1105
1144 1625
394 2179
1170 1088
1718 1222
1287 361
406 612
479 1765
1267 1057
1233 915
1893 1339
795 1821
5 1436
422 184
1814 1540
2082 1620
1381 2067
648 81
1858 1912
586 929
346 1622
1196 1792
25 2061
477 384
1971 742
2164 871
1740 809
202 36
1764 1166
1375 222
2175 1969
600 1394
1079 1737
1959 624
922 1036
1532 1045
1433 694
416 81
2088 1937
2093 2015
662 1454
1176 772
1074 2036
2159 2146
1996 1939
921 2059
2039 323
9 782
1219 441
168 15
1989 502
1747 560
691 959
1685 914
1691 1748
594 797
598 1325
2132 1719
1761 6
815 765
546 2038
382 2195
214 1070
1605 1415
1404 342
874 33
1405 1884
2164 1378
124 1527
285 541
1240 1179
2041 1573
971 2037
1234 1773
142 1432
1771 28
120 2167
1999 938
395 794
1909 2213
463 440
953 2024
111 1300
836 1210
2139 14
1771 787
1954 1317
921 122
524 306
1233 208
1752 544
261 1918
879 1702
1285 1307
750 734
2023 778
945 1238
1657 1969
1640 488
1646 1551
124 1131
483 1558
850 1760
108 1123
985 493
585 968
17 1679
598 1279
1897 1312
369 898
1404 1379
105 974
2099 629
156 116
1724 423
1038 1587
461 343
2066 1355
1698 959
1400 362
2069 197
473 1665
1593 1516
595 199
2172 1229
1072 1027
337 1481
691 432
570 1454
481 851
2208 1331
995 1975
1047 1119
1536 264
1122 1787
967 1913
1500 1244
1557 1635
1354 452
954 927
2108 2003
1581 1583
2204 1711
952 1003
1163 1415
83 1228
1244 1260
793 192
1752 1401
1779 1046
224 1432
1602 2136
1721 812
163 1867
173 1386
563 1163
2178 233
469 2022
1 1688
2106 1934
668 1185
1926 426
773 1387
839 1332
1286 1643
1874 910
442 1367
423 859
1250 637
1134 871
1409 810
1190 1446
564 1658
1238 25
801 173
1162 1198
1450 1485
1621 958
1762 705
204 1760
1265 1705
1159 375
1946 871
1296 1692
1442 1746
851 1836
1456 369
208 418
1645 1437
2193 1422
1769 191
1054 1786
2199 2139
879 622
50 740
475 2195
1025 38
992 2076
785 1109
897 1021
1084 2159
219 1106
265 1073
173 1893
2146 1840
946 1700
1258 883
925 594
1667 673
582 1274
1669 225
81 992
1024 307
2047 1717
809 2076
2102 1424
96 1157
262 1269
1865 285
1512 921
2171 328
690 1221
1108 1734
611 519
1746 1353
2141 305
421 1298
535 1320
1907 632
893 619
521 747
704 1506
457 991
1034 1906
1413 1179
1899 1567
781 1088
809 1824
1101 275
1013 1474
1697 449
1147 1065
602 1351
917 2180
691 1688
591 1750
56 1177
773 1498
1761 1638
352 272
1458 405
373 215
252 1237
202 1645
1945 1804
866 84
1795 584
2188 2056
1917 430
1601 1356
705 1744
814 339
1277 1381
1612 1222
2049 1223
95 2049
158 299
1750 1192
771 117
1726 569
832 1933
1745 1751
1771 1889
127 1623
1888 259
920 1637
2071 1018
754 64
2095 1375
532 1937
248 192
589 1654
1243 866
257 1738
1232 219
1805 1801
1609 1072
1842 228
211 1213
1927 186
1155 1247
2157 1551
1631 1621
1117 991
461 686
322 119
1310 897
1767 764
1532 1764
302 24
1527 1420
1526 521
676 122
1413 86
255 703
1468 2008
1797 1280
1053 45
1042 1756
1910 1306
160 730
1623 1887
581 1138
2094 340
656 1577
1626 1812
227 2
1175 1876
603 1830
1283 506
1749 1245
1033 1792
636 1747
521 714
166 1569
634 362
1077 1197
1471 562
1197 1262
1872 497
467 1682
1496 2083
1207 1163
1293 412
171 1540
1094 877
1642 300
1031 183
1370 781
741 1247
1325 135
2175 1474
502 556
187 1484
1915 86
1829 1740
210 564
283 2095
1863 1998
2078 2035
1163 2144
534 810
1487 435
2084 425
683 1427
1973 557
1457 412
2067 192
573 1640
1355 1941
343 1709
2110 153
285 190
516 1551
1179 1715
301 580
2152 644
2114 1355
2192 637
1210 247
1745 1574
1197 1360
2075 317
550 1549
1050 932
1819 2197
525 818
1687 1898
278 1764
1100 115
577 599
1135 1421
146 1581
1360 1768
829 1494
218 1569
1900 1898
84 214
192 1059
1925 1662
2010 1620
281 1216
1700 1580
1709 51
969 1510
1934 1896
756 2040
1053 1589
1690 861
1000 414
2112 441
2007 159
1214 2180
226 1322
839 1894
54 1704
1141 389
1574 802
228 1511
550 1382
2160 108
1602 1278
760 325
1678 1682
1272 994
911 314
1479 1701
861 1688
87 461
946 600
1379 976
1336 1280
517 194
724 1161
1399 662
1571 917
624 2126
1582 783
420 2067
1746 1529
427 794
1415 1429
1128 1107
669 1459
1406 148
995 1480
2070 48
693 2198
2074 198
1389 244
1053 1049
838 1124
973 1843
831 218
1050 1717
1041 2126
229 787
1092 2208
1308 929
1240 157
281 1880
898 2114
1220 1985
2098 1988
1867 664
313 1015
1252 1114
1257 1903
1617 1126
925 1313
1491 907
772 662
1776 890
1478 1233
1084 1831
416 240
317 1021
1499 1930
1689 1645
903 1639
913 112
1771 1980
860 402
871 231
874 794
1932 621
1971 1781
326 1636
1118 1456
1874 1848
600 676
1162 559
731 1541
774 2140
1058 1670
1075 1085
191 1676
363 885
1858 39
1070 1235
637 1762
1265 19
1199 748
1148 108
1649 1442
732 867
958 276
667 329
152 1195
96 1709
1329 1760
2060 518
89 1255
1739 432
562 1624
590 374
1107 1424
810 1546
2085 431
1499 487
94 1864
310 1259
367 1879
2124 804
1796 859
683 1770
2210 1630
642 951
429 1710
627 5
855 915
1826 63
772 243
524 141
1564 63
381 2078
1018 1058
1855 355
2210 2160
1748 1986
1819 1372
1468 1523
1674 725
373 1814
1529 78
264 595
1682 1897
1973 1515
1924 756
419 734
697 1273
2016 1742
445 643
336 736
218 106
133 1725
871 1654
1211 1085
1914 153
1953 261
1892 22

