5466 5712
1262 2707
2955 4357
4295 3866
1186 3917
3759 5320
1161 3335
2006 3161
466 2544
4705 5198
4148 4112
3287 4278
5457 5062
4056 2308
1210 5442
5323 5247
2588 749
3040 3768
2004 4899
4676 2403
4503 1657
5208 3432
2923 1907
6 4491
1378 3282
1617 3298
1257 2992
3024 2605
1620 600
1758 1473
3733 32
2420 131
537 2787
4963 2823
5352 4621
3347 5365
1893 1782
812 3665
4294 4421
5407 1524
5294 829
4118 3643
3274 4190
3527 2155
925 2680
4443 1080
3923 61
2331 5404
3998 1632
2406 825
638 758
1663 1454
2665 4876
2732 1668
5381 2423
943 1515
4576 2669
2220 446
2208 1146
2865 184
4687 1453
3606 596
4514 2959
5014 3245
1529 1962
5043 2670
2104 4822
2568 5222
498 3585
2408 1557
3285 4045
5064 743
2476 1432
4116 1758
2027 4080
1 1732
2986 716
5319 2955
1167 2404
3746 3329
3323 2243
695 3991
2373 408
1326 1121
1195 1833
1150 4571
1119 1057
1824 2795
272 892
2309 2086
5146 4316
3747 2655
3912 4974
3111 4171
2414 4997
1153 1580
3197 3945
2870 1564
2145 4543
3506 2714
4920 2963
5464 1629
1319 300
842 375
3096 335
4147 4733
2958 2616
3154 276
793 1947
461 1208
2872 4535
315 4537
723 3285
165 2499
4 3305
1795 1289
2526 1508
5022 2169
1957 3687
1372 324
2621 994
1615 1479
1771 4207
5300 1103
2036 1472
1773 2590
1717 4910
4988 3231
4432 1027
3972 3523
1176 3243
2087 2642
3407 4653
4971 4166
268 3741
3403 1272
1806 3302
280 4246
3590 3434
2869 2920
689 3663
723 1446
3746 2671
2130 4688
1224 3125
3023 4676
4567 3951
5454 5437
241 4038
5390 5452
2462 4235
3176 1592
3398 244
5242 1501
50 5086
2567 1484
3711 3858
3988 1628
2484 439
2272 4232
4331 1738
4127 888
2044 4718
1434 3217
3256 3520
5143 5413
1876 1872
2644 3178
5221 3791
3593 1075
5086 3603
3279 2605
1266 1539
3475 73
3368 3882
1167 3748
1149 1930
3494 3469
2501 3479
4923 54
1970 5011
46 267
4120 898
548 1151
2247 4538
1915 1059
1013 3173
3623 2014
1453 4677
2466 4316
327 5060
4374 1653
4626 3860
264 1513
1122 312
1452 2173
4191 2885
4268 5320
4491 4574
1662 2922
1553 1474
1184 5283
3866 3475
70 4774
1566 2581
4703 2888
4212 5280
4212 2018
2018 2597
3860 4010
4892 959
685 738
3382 221
1602 3298
1686 2474
2353 5152
3986 2321
166 2738
2750 2344
4541 4529
2201 1119
179 5188
3233 2986
755 4301
2491 134
3518 122
5023 3872
3862 5237
835 2092
4978 3577
2471 956
5034 1671
3979 2789
3110 4097
4076 3661
3560 4562
3263 2060
1162 5082
2543 5154
5086 33
3181 2930
2802 2116
1107 3840
3445 4437
1769 4713
3835 3575
1045 4803
887 4860
5252 4243
2378 5063
3586 777
2555 4467
1032 3265
2474 341
1157 3674
5094 2610
4063 2513
4216 3509
4398 3257
2440 3847
58 2655
531 3104
1336 1811
3146 4238
392 2945
4489 2742
1168 133
3114 4178
2833 3899
2134 3898
408 3828
5270 5414
3454 4633
2378 4379
1469 4797
1402 1360
3893 4939
4400 17
1136 2409
4250 2473
4421 4277
689 2363
2821 3794
3099 1264
4089 2905
1305 501
5264 657
1416 1766
687 4774
1913 3740
307 59
4405 1542
4711 831
4218 669
174 1112
1295 4751
1413 4477
1595 3471
3009 1239
404 1281
5267 4058
407 1700
2307 4057
2272 3053
209 180
3029 4981
1189 4072
1569 1095
2651 834
1314 3020
2052 4181
563 4549
1790 505
2803 1376
2863 195
863 4208
842 5317
5403 4346
3318 5326
3853 8
5134 630
1137 1414
225 2352
1401 706
3646 5313
3952 5090
478 1714
2012 2028
1171 1183
2093 1458
4703 528
2417 801
2093 411
2805 2603
5039 4311
5433 4467
3284 3769
2208 1566
4887 4442
1780 1762
966 1545
1855 3104
210 5174
2395 2560
1674 2800
1178 647
1128 1055
2119 5365
794 1704
1783 986
764 3747
4262 310
1359 4859
1276 5090
4650 4327
2309 1217
5061 2851
446 2539
5119 4253
4993 1175
4858 5380
217 208
895 5290
1380 5039
3083 695
2780 2909
1066 2139
3361 151
4748 1465
4386 4001
3511 5464
3964 336
1097 3825
1989 1188
798 4926
2560 1980
3755 576
3736 3717
1370 3287
1847 731
2543 2915
1112 1221
2428 3113
1829 4511
3374 3257
1627 3064
1906 2250
2376 1647
4537 625
4160 638
3514 2449
673 706
3254 3047
720 1986
4204 3835
3894 640
1272 3896
2230 5097
3873 4903
2959 4977
192 4203
3210 1526
2279 1956
1692 2388
4938 5348
673 719
1617 2739
1873 221
4574 641
2070 4936
5268 1961
4182 3500
1764 2385
4876 4591
3826 4804
4481 5001
2450 94
3074 4913
973 1748
3293 490
2813 3825
200 4161
1133 1885
2256 1396
4575 2505
3492 4756
2988 1547
47 2606
3546 1057
1550 3341
829 1595
2804 4355
466 1543
5222 811
2158 5183
4491 1235
3603 2530
2409 335
1492 892
4769 462
1740 2162
1067 605
4423 3208
5409 4959
1533 1051
5070 511
4951 2280
689 137
1487 117
1098 5260
5038 5137
297 27
4890 3963
1142 3007
5459 3625
2406 2494
3614 4358
2731 4011
811 921
5266 463
5214 7
4650 1133
5308 810
2452 2465
4365 1903
2639 113
4666 3063
3784 4109
3148 3373
5452 2925
3769 1734
1611 21
4973 2927
3810 45
5200 3118
709 1381
933 631
5229 409
3582 2847
2841 5027
4606 4567
141 5017
2932 2149
841 3378
1747 4877
3653 4834
4377 664
137 1986
5436 4391
3517 708
5373 3288
693 1386
4572 3239
4128 2030
4620 3660
1075 3558
3998 644
1613 2150
3190 3854
4693 2374
4150 2849
4033 2035
5256 4702
5099 2998
3364 5323
5377 4174
2302 5233
3964 5318
502 5214
5123 2079
1690 4891
1167 1403
2941 1958
3892 2446
4335 3955
3729 4145
4792 3376
2576 261
3602 4040
2081 1450
2366 1619
5098 1618
1626 826
961 638
918 1759
730 1708
4286 3396
2267 4242
2415 693
4135 194
1288 2874
314 4883
3104 1854
1593 477
4163 414
3858 1764
291 4347
883 2007
4008 3694
1107 1937
3004 5006
3168 4885
2280 2962
4054 3517
272 4226
3473 4932
2784 5124
3883 1834
5128 5014
3822 4298
5237 5415
3601 1855
4139 484
2203 1587
520 3365
2159 992
3191 910
701 444
4278 498
5160 3855
4855 2990
166 3668
1193 3242
4217 4581
743 3945
3463 4607
453 3846
1442 913
2193 2575
5164 604
4460 488
4632 1268
4463 1725
1090 912
3044 351
4152 3260
1963 248
877 5234
4561 3953
4361 2616
2063 371
531 1564
935 4128
776 3317
2574 4458
509 3202
1739 395
4276 4356
3629 573
3065 531
4035 3735
2636 2074
354 2052
3401 3863
945 2456
3577 5257
3966 2100
4274 230
237 4621
109 3389
3753 235
580 4960
2954 2770
3287 2916
701 4203
4221 3494
4522 4654
3158 1782
1395 3308
2248 514
2793 4515
5408 1485
4909 2784
4320 4375
5336 1316
1221 1061
4031 1010
4880 3665
4431 2378
3765 4274
5240 5405
2758 333
5415 2669
292 3873
2962 1267
964 2990
4188 1465
943 3281
982 2751
3590 957
510 955
4238 5379
2359 5296
401 1951
1688 5091
2944 1785
2928 5453
1182 4502
2094 302
4128 1427
3887 318
1385 2996
3852 1263
4527 2341
3088 2035
4700 2003
1059 207
4133 4107
5019 1756
5321 4272
665 4188
1506 374
1010 4637
1874 4742
582 4190
4248 4767
1120 2553
1116 862
3559 3727
4746 779
11 4374
5311 3446
1142 5466
1212 4478
910 3130
3425 1145
4187 5403
2330 4850
4095 3828
3259 1112
368 43
3221 820
3198 5303
2641 5385
4342 2429
2382 5390
1239 3426
3736 3787
3101 1290
5466 71
321 5192
5208 2930
2572 2639
1020 4900
1737 4992
4548 3005
5207 2826
436 311
2180 2650
2618 1600
3740 243
1370 4538
983 1877
153 5328
1704 3071
3795 300
2053 4652
3997 3669
5332 619
822 589
473 206
3182 716
134 2174
4062 4966
2066 1100
2924 5295
3231 1776
1925 3312
5254 1315
3057 428
1593 587
1276 2637
1243 4675
3529 4853
2822 2022
3724 2059
1162 4686
4711 514
2849 1566
1157 5022
2014 4148
882 616
4232 2465
1546 367
40 2781
4429 2750
2909 799
3533 1188
5143 292
2493 3072
4272 3971
660 4862
2360 513
3089 4823
3622 5286
2624 4494
325 3071
1106 1421
4458 310
1010 2127
747 4871
4696 4046
3541 5455
3560 1267
4712 3236
3495 2077
3593 4598
4695 3003
531 1432
304 2207
4103 5343
5128 4090
5288 2056
1361 4104
1865 897
2023 4223
3924 4819
409 1442
1016 4069
1549 4569
2927 2909
4257 3716
337 2734
3780 4545
361 3091
1710 2945
3523 2674
529 1628
878 2041
2646 4508
1784 2786
2912 2641
2770 3231
2155 2406
2872 5430
3851 5256
3757 2854
5259 964
3085 4676
186 3517
5239 1251
3836 5069
4089 4266
2886 302
5131 2886
3225 485
4379 3776
4083 2731
1393 5358
4800 3311
2263 2245
4663 2259
5363 913
1703 5291
1398 454
152 3990
3586 4032
733 3218
1204 4789
2460 251
696 4090
2664 3464
5017 2383
1625 3772
1630 3850
3507 1874
819 5365
5413 3780
1583 4943
2502 783
1326 3331
1661 1335
5262 2308
4102 3107
363 4452
3467 2596
5270 1903
2534 2428
5070 1320
3468 1249
2038 275
694 1024
590 4350
847 1239
47 395
2417 1210
3167 1967
4815 2383
1210 2230
5247 993
345 210
4317 1059
3632 4403
5388 2100
4813 1640
2709 2378
3953 1950
5358 4365
2295 4724
4063 4976
4732 4842
318 4291
4332 5100
2761 740
159 1494
532 2493
567 1733
626 327
1763 3937
5139 362
75 3193
614 2424
3630 226
3177 2910
1640 1544
222 4559
2720 2405
1987 1359
3141 2435
1276 35
467 3838
1575 2583
3160 2448
3670 3193
1666 3115
511 353
1288 3428
4753 2783
1573 3826
1826 2020
1796 1131
3229 3571
2938 655
1057 1960
1747 5110
4269 5299
1223 451
2814 67
4484 1962
5134 1549
5250 2663
3329 1829
39 785
5337 3985
4181 2045
1114 2736
3077 1995
864 4776
4905 3015
3585 4616
56 3290
1377 342
5141 2999
2756 4276
2111 337
3795 2396
5180 860
4543 5120
2716 4998
5066 2717
2829 1906
2770 2723
1172 475
5466 1604
5020 1029
4980 4599
1795 5298
3125 4119
90 4348
1826 181
3424 5206
2800 1555
1830 825
4330 2918
4575 470
2076 4126
4636 3375
3633 2468
1520 2218
2096 1331
3944 4050
2729 749
1581 2871
488 3697
1408 4340
755 2765
2033 3382
603 910
2566 1630
2981 3831
2502 5294
1613 436
2985 2903
1989 952
4900 1182
3332 4933
2470 2982
4030 2760
2973 2785
1765 2641
4103 3238
701 3710
3585 5005
4801 543
4799 1665
2882 3313
2855 3853
4267 5453
2550 3971
1118 1904
3683 1726
3196 5314
4020 2314
2343 4846
3704 1556
4098 2907
4675 3184
2343 4967
4459 3007
4323 1160
2480 771
4281 1429
2132 3471
332 3681
469 3686
212 4030
2822 4857
5087 4912
2026 951
5331 3057
3580 4620
3855 3135
4914 2890
494 1356
803 2111
2594 4296
3074 1523
3754 2679
4204 5130
2444 43
52 378
1548 925
560 296
1802 1973
2552 256
1779 4241
1268 1285
783 304
242 2875
4865 4997
942 4498
35 1313
2151 1080
898 1459
817 2517
3119 3228
1209 2812
1979 744
4582 592
3002 842
2732 981
4778 3658
67 3638
3025 1728
5461 1436
5452 1616
4091 476
3870 2988
2326 5110
1182 63
3177 1489
5453 3423
291 1023
3336 1482
1889 827
4698 3032
656 1121
3612 370
1743 2695
4582 605
1187 2477
1572 4799
3461 3355
1905 1710
1101 2181
5039 1460
3631 4934
2602 3072
4564 120
4381 1877
192 3888
2645 4960
446 2492
4669 2694
4695 2831
858 3604
4507 1548
3736 1442
1851 790
5019 2110
298 1402
1108 2668
2287 5265
1707 260
4516 442
2088 5321
2938 536
2509 4560
2220 2471
1655 5402
3771 5169
3467 2048
3427 5359
4624 389
2890 2158
5466 1122
3664 239
305 1805
3347 2518
1249 5286
5194 5214
3339 3273
2341 3942
642 2743
1041 2223
2386 157
1811 4881
1792 438
2487 734
1184 1750
1268 2158
423 605
422 646
5215 3179
5296 4070
4253 2273
1553 4478
5409 4886
5078 5052
48 31
757 1245
168 5051
3580 379
164 5346
1442 4731
3348 2473
1054 3868
2394 3902
2476 1497
3341 1238
3817 3153
5157 4648
3667 3623
1964 1056
1907 522
4916 1812
2500 5237
5275 4374
3811 2355
1020 5159
4013 2984
3956 4399
2292 4241
1412 2916
895 2131
2649 4663
4211 316
4935 2333
4910 1751
3769 2600
3165 1439
766 4996
3488 5061
2431 4598
1569 890
4976 4441
5070 3847
3959 1835
1383 2312
4806 1936
4202 738
3468 1453
1019 5455
4842 4747
2296 4615
1004 1619
2557 4915
3049 2674
3183 3391
120 1572
1240 849
1988 1237
2604 1240
3618 1518
2020 3111
4517 1257
5336 2114
1509 1094
978 4612
4630 4059
1175 2911
2068 3946
4334 3014
1281 3832
730 1743
4495 1390
4202 2040
1313 3555
1682 5344
2676 4741
3484 713
903 2344
4607 2210
4015 4550
3874 1164
2193 837
164 3173
927 2149
464 4899
4672 1558
2165 3892
69 3057
5111 4116
1847 4485
1735 1046
1919 3607
1645 3718
1166 3225
3820 4324
2115 3374
485 1817
3990 305
3897 3524
1477 2565
155 370
1201 2401
3021 5287
502 2363
1116 3754
111 34
840 180
2066 4542
214 2081
4393 3031
3911 547
3055 4992
1408 5215
4223 1307
2173 5018
5320 3835
3019 4517
693 776
264 1794
2067 4070
5305 2214
1311 71
4318 5193
1515 4267
1282 2753
1172 5096
506 805
290 3136
2942 927
4853 4197
4514 530
401 3125
2126 1280
2716 62
2445 471
4420 3002
1209 4466
2843 2732
3490 99
2344 3573
994 4514
4638 3346
2960 809
3266 2313
1992 1815
2857 802
3056 3900
2116 309
4242 3238
742 627
649 4371
769 3470
471 3547
719 3383
4470 4004
1306 4762
5334 5277
4401 5338
3926 4816
2007 4809
1816 4046
4367 3475
2030 3517
4554 3072
4638 1494
656 1620
5286 254
210 3748
275 4143
2030 255
896 289
1058 4488
918 1741
2714 4270
3853 2099
5005 1264
435 2940
4832 4985
2315 3891
4055 863
4165 2226
629 712
312 5206
614 2804
1344 1337
2319 2670
1546 239
771 4858
2885 4515
442 189
3599 5090
3611 4915
18 1847
2991 4123
1578 349
5449 1375
2691 1387
4286 2465
435 1088
4248 4802
4227 4221
2570 50
5348 5120
4954 3503
2548 3940
2247 2551
3573 1896
1327 70
1824 5077
2682 5071
507 3714
2838 3369
3128 4636
1533 1343
471 1253
4774 3693
1401 4570
3958 2124
2782 2686
2196 761
2393 5247
5392 3338
1 1115
3027 4072
601 1376
4823 185
4277 5344
4373 5052
2329 2458
4428 2773
1105 1552
5138 425
2886 2497
33 2208
1752 841
2373 3403
2722 3328
3805 1491
207 294
3530 4669
357 5422
4787 2719
2648 3500
5139 892
4888 3296
975 1270
3366 2962
949 1806
766 2099
4900 3535
2203 5449
2103 4050
1905 1325
893 3079
605 3844
8 1639
667 1046
1412 4583
5457 541
598 3804
3695 1043
190 4504
3141 1689
2136 147
1276 2672
2171 3295
4822 2137
5044 789
722 3439
3045 3004
4204 4195
3149 2344
2932 2346
4062 5014
1877 458
782 2177
1879 2490
4157 3036
4941 408
4807 3074
1822 643
2847 1834
801 4792
4025 5253
2402 4601
3854 3156
5120 5227
2417 974
911 2156
3640 2409
952 4143
1367 2170
2201 3830
2174 923
3645 1706
4474 1938
5249 4415
1692 775
2621 43
2065 1811
3993 2244
446 1544
809 2121
2071 3962
1933 56
4423 2629
3101 5123
3414 1382
445 5348
2451 813
2321 5133
5361 5019
1956 3988
3805 3640
4712 143
2112 2515
4028 1433
2005 588
2309 1753
328 5069
2843 5070
1243 911
4704 5220
587 3495
1787 4687
2995 2579
207 2456
2583 2113
2354 304
4632 2607
3429 858
344 475
2680 4675
3315 3725
3105 1700
1979 1595
3995 4652
2472 3450
678 1933
820 4726
1164 335
1833 3584
5103 3932
2286 5286
5257 3581
1802 5173
41 4328
3241 4432
4356 4119
1469 45
2816 5451
483 2983
4206 5077
3464 3686
42 1291
76 4285
5054 2205
4260 3364
4965 4348
1505 4842
496 3861
3225 2882
608 884
3851 3573
5155 5411
1631 1921
4845 1923
4645 586
3541 4966
148 4696
2204 4183
3353 1468
2977 4335
5262 3645
4030 4376
3383 2579
274 4808
1643 1113
2496 1029
572 5145
56 4585
4830 4136
4386 4913
2763 4756
2437 5000
1094 2453
476 3343
44 1434
4159 4089
3358 1825
5290 5181
959 5153
636 447
2367 3786
4577 2922
1808 1055
3887 3872
2879 4082
4160 4933
3733 961
1164 1892
3008 3903
480 5397
5240 354
2180 2216
4131 4353
3768 100
2195 3507
1682 1939
4233 1139
2940 2843
4773 3978
3966 1963
1512 1420
990 5216
2883 767
1577 317
3579 2951
4733 1546
3893 4309
4985 306
5297 4513
1904 2819
1200 4652
4906 2413
1628 669
2884 295
370 2919
4098 1156
304 579
1400 1973
5066 1584
4558 4295
179 1338
4679 1323
434 2796
3295 5420
2932 3382
2985 2454
2653 1715
956 5352
3045 2764
362 2398
2633 2002
1496 2327
1 3587
3027 2572
5136 5332
1917 2771
3477 5023
5146 1849
4743 2139
173 2058
4338 2319
386 5091
3112 1074
713 4668
1775 1496
2524 1025
5102 4529
2989 4279
3644 1241
963 2456
1651 1810
1026 1987
4634 1162
4417 1393
306 2600
118 3303
503 5100
1697 879
3185 4046
3319 4046
5122 3316
2611 4188
2167 5231
522 4332
4324 3043
5361 4766
1758 3491
1939 119
64 2141
2029 49
2431 1261
4397 4201
4913 3034
4445 3683
2576 1615
1234 5268
5057 2153
2734 4537
315 4769
1696 640
4521 3570
2628 1108
3870 82
3298 5289
15 5416
1567 1657
3010 4593
4355 5200
916 384
1080 492
75 5403
4973 5249
3342 4248
1261 4216
4909 5264
5085 2457
1487 3512
796 625
3836 3480
539 3938
5410 712
4117 2416
4599 204
2050 67
1522 436
3942 614
1846 3980
2821 1112
5142 79
4092 3527
4622 1541
2174 483
4093 3119
657 4199
579 2330
2061 2713
2516 3751
2776 4910
3987 2319
4159 3594
253 295
3885 2271
2955 4094
2260 1960
689 4016
45 1470
5187 1942
137 2456
990 4358
3471 2294
3055 4796
4187 1683
2079 1777
521 1520
835 4605
3152 2635
3974 2743
3786 4907
2587 2368
3015 3569
4176 3372
5246 1330
4707 2779
61 2595
1470 4715
2612 4468
1895 2612
5130 1276
2496 5232
4497 811
1288 5088
2953 2704
1942 2845
3518 3119
2378 5361
1419 1757
3569 5043
1511 2743
2961 434
1581 5202
1078 4847
1384 1884
4943 3089
3692 4332
591 5402
3595 3581
1838 4198
1476 2762
4291 840
1079 3062
5368 5079
2896 5421
5296 2695
1273 4281
263 4647
2680 3322
2661 3043
3657 3533
4462 25
301 4350
2233 4030
4435 831
619 229
4409 1596
3972 3581
541 5005
1312 681
2285 4341
757 809
3888 2540
4929 26
266 2972
3122 1280
415 62
1959 4033
2045 838
1250 1092
900 979
3627 4835
4698 1712
5338 5041
3719 2559
3825 3480
1788 1562
989 2606
268 4041
2024 3236
2017 5034
2225 782
955 1975
5208 3103
5404 2749
4481 2774
1036 4300
232 4505
1073 920
1742 261
660 2444
2088 605
875 1578
4221 1507
3846 169
429 2925
2817 899
465 2353
250 1233
702 1808
4045 2449
2348 3309
1023 2617
4294 5139
1078 338
3394 947
3820 1284
1707 5235
1975 2017
578 3169
1543 3326
1888 2543
4477 4479
2948 1247
213 1593
1028 2708
3925 825
953 2305
1121 4333
2205 4707
1104 488
4670 4850
910 3103
4241 243
3456 202
2520 2732
4645 4039
2320 1395
3909 4385
1046 1422
371 3993
1633 3848
3309 3831
2061 2568
4043 2106
3154 281
4146 4971
3230 505
31 1040
4643 300
2886 1146
1262 1841
4522 10
4960 3390
2680 2209
338 5105
4873 4145
1430 2593
4284 74
1794 3513
2362 2573
3941 3118
3926 3749
2095 3397
1699 5383
168 119
3172 577
2803 2400
151 4087
1695 3628
4830 368
3351 5130
5338 774
4878 2516
4140 3075
3790 3191
5029 433
2162 2461
54 4312
4770 2424
1383 1447
3375 3622
2184 2930
310 2925
1003 408
3964 5185
5156 2352
1126 744
1537 315
278 4555
1444 3241
4770 3484
3608 3722
685 1388
2672 1004
5375 2288
4647 3535
3406 3214
1695 2715
3436 3093
1341 3126
4250 4249
1756 2321
5071 685
1535 4015
604 2459
1725 1143
144 259
1114 2975
5437 375
860 1109
1510 4372
4987 5013
1809 5422
5441 5220
4285 513
3831 2063
2941 3248
2046 1615
507 3586
1979 1036
2376 2658
2746 1208
430 1124
2929 2083
2288 3484
125 3642
116 3822
4742 2980
1498 4496
4562 245
2368 1090
570 3884
1592 2589
2254 1742
3410 1201
4705 3448
2296 2153
3311 2885
2621 223
2932 2071
4382 3468
1331 2935
5063 2634
4457 5039
1086 2350
107 2029
2457 3912
4050 4392
4337 140
4717 3579
1927 1589
1077 1190
1622 2939
716 2379
3305 4544
2993 1276
1048 85
3976 2241
4443 135
1752 1894
3873 921
1958 952
238 4309
2991 3687
1074 4544
5444 4271
2489 1756
5082 1182
5212 4150
5200 2598
1689 4066
42 1337
5023 5153
4371 2258
1561 5049
3866 3254
3486 1572
2717 2293
2608 3518
3119 58
2399 5101
4488 564
5211 2356
243 953
2129 1197
456 2414
588 4785
4934 3660
4918 683
1361 4708
261 3343
777 4428
498 546
959 1695
128 1538
785 1808
1106 4603
2790 2232
4013 5128
3447 21
4436 3504
5447 4531
1753 923
4263 2795
3972 108
5092 2088
477 3762
2414 4052
2596 3534
808 600
1470 1739
4090 1002
1030 2635
4354 294
1305 359
3554 2870
4373 3461
718 1996
4778 2958
1209 4448
2234 1209
1458 3728
3638 2719
661 4350
3297 211
3243 3358
89 4124
414 3692
3633 4038
1911 4841
3368 3474
1301 5326
821 2474
4593 1757
1260 77
2507 3559
2987 4721
483 2600
1145 504
5061 815
3426 4768
2394 4557
3181 3890
297 1319
945 42
4590 2748
1013 442
254 1622
2522 5129
5097 4915
3016 2631
3145 3307
2990 1218
3728 5348
2484 1575
2146 2519
210 1407
3981 4481
3141 2555
3791 4586
1083 1975
2209 1757
1146 45
3723 2910
2339 4267
3595 3893
1566 4280
4448 1594
3550 2430
3161 928
2930 4442
5354 2339
5000 1841
975 1331
4147 3588
3397 4322
4551 3412
1136 1959
4719 2767
601 4015
252 2060
4049 3551
749 2048
1736 2489
146 294
2847 4915
1799 2774
433 1290
2759 601
3015 298
3979 3199
5145 3117
2395 3707
929 3039
2775 3699
5378 1598
2998 1004
4456 4706
1182 2209
1837 2140
4244 4557
3891 992
3441 3681
681 3095
1170 4040
1328 3431
2102 4020
1294 2800
5387 1724
3016 913
2875 1728
2675 2606
4879 2974
2050 2783
2466 217
2751 615
4540 741
463 2993
998 4091
507 2541
2145 283
4157 3339
4064 2882
3267 3541
2859 4241
2549 3490
1921 925
3553 2299
527 4711
334 3350
4737 2988
2522 4942
344 1328
4979 306
438 963
4346 2056
2577 1616
538 1315
1001 1076
2721 577
3022 1737
2918 862
461 5003
2260 4797
1628 1588
3653 3940
3476 860
2550 1863
1621 380
1653 3338
2298 4271
4966 5039
2220 187
1464 1601
646 2137
4354 496
3029 1982
4830 425
2655 3498
3102 511
5392 1131
4787 2943
3851 5244
2832 2084
2417 5023
2236 2238
2798 3668
577 2158
2168 1286
2734 3683
3611 1677
5425 2045
2174 4864
1663 1908
1707 1951
5038 2538
2037 3812
5122 731
1550 984
2692 3514
1219 4119
1934 3347
1289 4363
3966 225
1309 3783
2403 2593
5083 4122
2561 2132
749 3042
1778 1494
5394 4923
2292 1715
5182 3054
700 1874
1508 3067
4996 4769
960 3612
5191 551
27 5393
2969 2987
3941 4840
1406 2911
377 258
3623 5433
2613 844
3139 4337
1774 4246
4313 403
2306 5009
769 4138
2429 2605
75 3986
2821 3883
1699 810
3925 5138
2681 3351
4463 3730
3935 5331
5015 4243
457 1018
563 3925
4441 4910
4912 2509
4843 4661
686 1780
4536 717
3782 3224
4451 350
4172 2921
5447 2560
5175 4087
5307 2257
899 1780
2925 570
2351 3947
2516 3260
1518 2697
2538 1558
4386 76
3754 1068
4373 4981
5128 2147
2581 3133
3046 4364
4553 2589
4571 1182
3079 4662
3201 3605
3815 1320
3408 5103
3193 2963
4259 3697
5152 531
1355 1376
1939 838
428 4894
2251 5311
5157 2982
2765 5303
4625 2828
1708 2524
2780 3561
777 968
611 5365
5372 547
1261 34
5199 67
4326 1899
3082 4313
4515 2552
5000 4058
3534 1404
3862 5407
1095 4781
5188 3476
3758 3485
2846 4157
2952 4324
161 4913
2837 1075
3886 637
4087 4828
4063 1273
4730 4705
2003 849
3059 4800
163 3912
2145 1198
1047 1865
451 2514
105 2106
3582 2747
4936 4931
4091 4610
2749 4466
2272 4807
1570 5060
3378 2459
1764 3842
5086 2660
3425 3968
775 3513
4110 4973
1024 5385
5456 3775
4475 412
1281 4260
4494 2088
2419 4308
2260 1053
4066 5024
995 375
3943 1426
2008 3784
1217 316
3049 4754
1101 2585
1568 2465
2772 689
5115 169
1347 2762
2606 5352
3662 1426
4327 2045
3751 2666
2608 3146
4079 3929
2652 5175
157 1854
5012 5265
5253 1981
20 5003
4473 2284
448 3723
284 619
3104 1633
902 4051
3858 3300
3613 463
840 4341
4111 2662
4422 1248
585 2021
5397 137
2420 3983
2581 410
5158 3504
3234 2924
3828 630
1164 4478
3461 873
2161 3355
1104 1165
1074 468
3529 226
3179 2291
221 3972
4345 2209
3978 695
2701 4918
502 5382
648 5436
1849 208
2050 3645
687 180
3627 5312
871 4727
5098 1894
4289 4236
4144 3323
2652 3686
3665 2571
3684 4799
467 4499
2709 3173
3303 125
4093 3664
4044 2459
1708 3894
2587 4765
4636 1324
5326 2259
4732 3772
5114 3837
3641 4442
4072 4894
4411 4094
562 1595
4559 2797
3635 197
1953 4600
2195 2147
1548 2565
4772 3026
4772 811
545 4287
4012 305
949 2650
1422 4331
1473 3330
607 4118
4860 1045
3516 3521
3958 4391
3325 2492
4267 945
3513 742
111 1672
2855 2957
4112 5208
503 1149
3949 2706
3677 2018
4136 4518
1886 2987
2360 2089
3592 1129
2855 1802
1481 4106
2625 293
2910 4599
353 2615
1110 608
1031 1547
4165 5232
2050 2169
4140 5404
923 903
1473 2767
1311 1722
787 2210
3726 1226
3385 933
4219 4771
347 339
3452 1108
4687 3829
5390 4740
4514 3120
2064 3248
4835 5161
377 1120
461 4497
2992 76
3840 3849
1396 3728
4870 688
2577 3217
4051 5466
1926 3664
2461 2776
1927 5057
3190 2104
509 121
4263 1565
4438 105
1568 3030
4828 3414
5322 273
4525 5362
1481 3785
3050 3642
1597 469
2797 4401
279 4331
711 3988
4964 2901
3403 1178
3 3938
5223 4064
3984 406
116 3815
1656 2217
682 4226
1695 2145
2431 4694
110 5461
2857 4802
780 3980
1912 1096
2210 524
5057 1264
4331 1160
4496 702
635 1118
2178 1740
2317 1037
1047 4216
4147 3150
3402 4228
3546 3455
3060 34
3452 4988
4547 5191
2078 5077
3112 3836
2712 3902
4392 4270
3452 908
2070 3617
3408 609
5146 1470
2718 162
1488 5332
5114 3329
3810 3248
3727 446
4791 2531
463 3481
312 1622
4894 2400
4130 1775
675 4828
4066 4463
1788 1436
562 2147
1923 5273
4930 2767
3131 169
10 129
3140 3372
2199 2589
3171 4671
2956 582
1077 270
2890 4429
5462 763
4767 201
2533 3108
3078 4894
1779 5386
2835 3446
359 1158
3134 3742
2055 4503
4135 4310
360 1531
1325 3903
390 1639
3767 4594
4698 1720
1160 1557
2023 3652
1575 3233
4806 2421
508 4031
167 3967
3742 3719
3991 4423
3069 472
2167 4047
5142 3538
5436 3756
1590 4938
4355 3653
4330 856
4514 3417
2218 4399
3546 1161
5020 3181
1489 1745
3794 4380
3188 140
1216 832
1651 2975
3910 5265
3398 3104
2436 3659
4252 949
4069 4211
4466 3618
4531 4013
1293 1402
1477 1748
3533 1235
4215 3218
431 4820
904 5269
4723 2907
4272 756
686 5275
522 1417
4161 2874
879 3640
219 2547
295 1899
3273 3351
3519 374
2971 1737
3826 2251
4749 3165
542 2944
2673 4231
297 2359
268 1392
4538 1935
4033 2931
4757 4194
1457 2691
2840 3590
1298 4095
4211 2708
1573 1590
1053 1820
5360 2393
4553 378
3575 1191
2157 1991
4586 4167
3324 4763
2033 5079
579 3482
648 1855
1834 4869
285 2217
2841 1990
2970 185
1302 4981
3823 101
3299 3070
62 5299
2839 5071
282 2858
3320 685
5307 2516
2584 2980
187 985
3143 2449
1172 562
3074 1568
1004 1917
2240 3291
5231 2992
1177 5228
4916 1668
4031 4429
2126 5377
154 3854
2962 1182
324 64
1770 4695
772 4132
2546 4687
2830 2231
4577 3821
4197 2139
1322 1566
3524 1107
3470 2039
4925 2962
3069 1816
538 6
2570 5286
4116 1224
4109 53
4642 516
3279 4928
1757 4890
1423 3553
4697 1620
2969 2938
746 3045
3311 2409
1428 4836
255 5144
4171 4435
826 1469
2686 1273
275 3581
3901 1807
33 1015
4785 807
3524 1591
3516 2410
2546 5292
4467 4325
3073 3008
2307 3963
1242 1653
130 22
1926 70
4006 143
3290 727
3031 4933
2826 3252
3347 2429
4321 191
482 2315
3766 1595
4189 237
2115 5082
4818 2165
2338 172
2424 2804
555 2951
1711 424
4005 2937
4774 1950
1081 1196
4955 1473
1670 5203
1643 670
288 1267
4143 777
4005 3058
2242 2103
2395 4331
3133 1816
5300 5012
780 3540
1697 2717
4694 4155
3546 3833
3595 1739
2103 2065
3400 709
4028 5004
5089 3637
2437 2584
2552 2571
3525 5063
2546 541
4349 4012
2778 1830
3901 3593
1998 4873
2232 4057
4083 860
1932 2075
1382 5055
4787 4359
3813 4419
4976 848
497 4369
757 1290
2804 3172
630 4898
4479 1210
2015 4180
5451 94
4839 735
331 3518
2801 4042
3255 3229
2250 1724
4307 2042
2579 2128
132 312
5314 4118
1095 1820
57 2124
2636 3830
984 1989
2276 3295
2136 4941
2912 4179
4104 2100
961 4193
3967 5249
5187 3646
2680 5455
3520 2988
4273 3454
5281 3015
3433 2696
1219 179
5133 1087
2888 1849
964 303
2072 997
928 1548
5105 3095
4451 356
4666 15
151 5010
3760 5282
662 4408
3539 1378
1882 2162
5194 4951
3595 2707
2669 3481
793 4864
780 3124
305 616
165 2033
1792 1343
3445 3069
1025 1844
2055 935
2908 2571
4654 3293
2857 5235
54 4538
1723 610
3795 2256
3402 3722
498 2219
3272 1397
1291 1303
255 219
4145 2719
3765 1037
857 4717
1359 3423
1951 3069
1839 4060
2690 1688
397 1736
2489 5081
3265 347
5235 548
2110 4001
1178 2715
4456 29
367 3964
305 1100
5313 2309
4192 3073
1779 87
4607 2268
68 1537
200 5140
5175 2725
4004 1157
1117 2038
2970 900
2536 4580
4869 669
4599 808
4953 1077
719 716
4944 3472
295 4855
5381 3998
2025 614
172 2654
3633 2570
4273 5374
1563 704
2237 389
4778 3826
4339 746
192 539
374 2236
2127 1685
3122 1950
4684 5066
2139 1924
1763 590
5358 3704
365 322
36 1315
2880 2309
404 21
698 239
4969 5356
2088 3019
2435 4295
2165 4434
4205 5374
418 1538
1593 1993
4759 1695
4886 3493
2138 746
5259 1523
2165 4555
1737 5017
4194 1135
2960 36
1129 4868
1044 4272
3831 3941
3062 986
2382 3442
1446 4989
89 1046
856 959
417 94
5427 4840
1707 2751
2039 2995
4960 3913
3882 2832
2177 835
5220 992
1665 660
4313 2008
714 5053
2128 2821
1670 1943
3480 2155
123 118
1666 2467
432 5074
1634 5403
3941 4472
3607 5350
138 1860
691 3958
5049 4385
4361 1796
4720 2897
5227 4391
1789 4644
760 2782
887 1574
2650 250
297 3142
5259 2249
1947 1675
42 2623
3514 2920
3297 182
3130 1237
1010 45
4568 4583
232 424
1732 2137
2924 1253
1370 509
489 1928
1709 1860
3707 2803
2810 2292
899 715
5015 4467
3155 4397
4406 747
4397 5357
830 1295
3679 647
1819 4778
1046 4791
4007 2398
3912 3329
321 371
4782 4646
670 1013
5103 4472
1266 2993
189 151
3103 4099
5241 1669
3561 4159
3692 1232
1625 3084
1315 4319
4011 2180
970 2069
4170 712
1520 523
5163 2099
3256 4169
1704 1283
1384 1830
2717 3137
4451 4788
4803 2732
1809 4682
4161 5214
1289 2172
3715 438
2909 4246
1030 4163
4896 4091
343 5448
3590 1197
5236 2735
3344 3356
5328 2738
701 4109
107 1155
4358 1419
1464 604
4507 4925
278 5359
1785 2352
611 5239
587 2667
584 4584
207 1628
3489 4245
5132 4317
3559 5243
4240 1440
3654 3531
483 1913
2096 830
1858 3631
1639 4526
1002 5403
1795 5268
2743 1809
5152 660
3663 4933
2540 726
3986 1681
2303 2705
2818 2104
2706 880
3698 3843
3479 3018
272 1743
2703 2531
121 4957
3445 401
4436 4482
3426 4094
2678 1656
2578 1489
1953 2420
5375 422
5299 3810
3652 5016
2302 5462
294 310
992 3321
2119 4294
1589 3311
4438 4649
5331 3469
2017 82
3558 3324
2436 4644
3453 3796
2997 4977
5034 4185
1205 3321
3341 4494
425 133
2675 4818
4454 1516
1673 2793
5379 1308
4023 4447
4091 5076
4300 4432
805 2690
4968 4073
2069 1867
3485 728
2418 2775
1907 1805
262 3875
4023 3521
599 491
1886 699
370 2654
4810 1393
1451 707
3877 1188
5251 4253
4944 5005
2531 558
1 4369
3564 3064
2136 702
2033 2681
2889 387
2016 4434
1441 1759
1537 6
2364 2673
4036 3180
3600 1832
1050 561
910 4688
631 5044
657 2027
4304 5331
5056 2980
2435 1506
3883 319
3743 3722
2861 2782
2585 4833
541 4188
888 1788
2156 3932
4026 5215
4139 2123
2900 2629
665 1450
461 3377
1514 1432
2931 1161
4645 3651
2709 2805
2653 5088
5000 3061
2786 3668
1989 5044
4033 5460
4991 2460
885 2779
2043 5051
3452 1
4357 107
3795 569
2606 2690
3717 5116
2571 2817
4923 1134
3342 4680
27 3054
2680 2760
1470 2543
2744 1469
4279 2496
1966 3124
2215 1613
554 5136
4588 4419
5049 1367
4730 4997
5222 1258
2357 3359
380 1987
5234 329
3923 767
3755 4566
4176 2610
1142 997
5038 5234
2042 2193
1197 2101
789 586
1916 1559
3851 719
5227 2662
2813 3238
3982 4851
307 24
527 3474
5263 1272
891 718
4005 1573
569 2653
763 3458
4565 1681
3651 1718
2928 3346
2386 811
4154 4261
2186 228
3321 1025
1306 1347
2708 4245
3270 3985
1114 130
921 4919
4348 3982
3466 2059
2692 5176
4469 1276
4160 2655
2447 3544
1072 5209
1142 3696
4382 489
1453 3100
1556 2518
575 1141
1662 1224
2243 4653
3738 1592
3234 1564
1844 5321
5332 3613
688 2600
2011 3219
4376 4444
2683 4780
2437 1112
4804 2410
3439 2319
2226 3265
4885 1473
230 4997
144 3496
4096 2710
4549 5166
736 2095
5185 4330
2836 871
3713 4113
1261 2596
2660 1813
3395 2905
3716 3485
473 301
355 3958
5162 3457
4916 4936
1614 4296
3529 397
4903 1476
3569 2684
1447 5058
1875 3815
1999 1141
3585 413
3655 5087
1481 626
3800 752
2561 5459
986 1852
2147 3641
2430 3929
678 4853
2965 4209
367 2224
3458 5310
116 1824
513 1231
3217 2888
4231 3395
3398 950
1765 3552
1627 4076
4392 2037
3552 2814
1611 3085
1900 744
2589 3935
3069 5326
3735 2935
887 2007
255 4211
2676 2362
4460 3376
3326 5396
5098 5353
4095 474
3227 4636
738 3806
554 3231
2128 4664
4893 1393
2960 4228
2031 1698
3569 2242
3642 2986
1417 3232
792 5395
4443 1988
4477 3033
3205 1147
3003 3938
5268 2744
1140 5031
1573 4095
5339 409
1467 4113
3698 154
1708 2455
2002 4393
2817 3788
2519 3865
4499 553
2983 2508
3222 575
2781 3084
3414 2731
2645 5
4883 3404
3948 1325
2696 4558
2259 356
3351 2503
484 3777
823 3243
4685 2234
2295 5382
3747 3671
2730 3095
1747 3069
590 1170
266 4493
4519 1420
541 2
3586 5416
3386 2618
2601 4563
3931 1923
2415 1892
3686 1567
3913 1731
2142 4628
198 1706
1113 4486
2949 5101
4137 3546
919 1624
492 4260
2871 4629
4001 918
360 5272
358 4445
968 5128
151 4640
4885 5287
4930 105
2106 746
1794 5126
4679 3906
4341 3618
5304 3406
2565 2199
5242 2262
199 1540
1243 4959
1107 1163
4360 1093
4740 2317
5460 4592
3069 4105
5290 1148
4955 2097
1408 3575
5198 5238
4179 5259
2622 1026
1667 3048
2711 51
4858 1346
2119 176
5331 1566
2223 4663
4737 9
1318 541
447 4220
491 5458
5441 3545
4392 3394
2255 2558
2070 297
5404 3599
3960 2424
2613 2387
2157 2107
2994 5462
4025 1543
5239 1172
605 2833
4839 1467
1188 1198
2732 1934
2849 1058
3833 2891
498 2333
88 220
1870 3753
4428 4353
4562 2892
5263 2710
1912 3871
4155 3184
4952 3464
1492 3140
442 4602
2424 3120
357 2693
2428 2946
3498 3385
2523 2954
3316 641
1237 5371
2039 2612
4588 1214
2831 74
3557 4904
3659 485
3503 1635
3405 834
2270 2666
2595 2951
1791 682
4576 278
5348 5224
4685 221
1422 3444
5300 1248
5279 2357
4401 3845
1526 3272
3098 2646
3368 2241
4634 1572
626 4678
2193 3708
1002 2979
727 2222
369 4234
4422 2039
1898 4204
4336 538
182 3590
5042 2686
657 3065
342 1778
419 1961
641 4814
1639 947
2561 4898
5321 1054
3063 3833
5332 166
1882 116
362 4581
3283 840
1069 3167
4143 422
3506 5463
5216 341
3383 2360
1430 1833
4774 898
2014 4513
716 3658
62 919
917 1433
4580 3513
4985 2515
490 807
1458 5436
248 4428
1791 4562
820 3836
3332 156
3147 2325
4865 2985
5085 2988
2351 2162
300 2790
3047 1111
1837 3338
405 3486
3445 3601
1494 3120
3997 1606
253 355
894 4064
2743 3975
1074 4668
2424 5390
5127 2998
3045 2061
3184 2634
975 4662
3302 4612
2192 5040
2608 4689
440 4503
118 22
4329 1382
342 2625
951 1686
4304 5001
3843 3623
1329 2800
4495 3256
4077 2514
1568 4250
4176 278
4000 2267
5042 4593
90 1249
4752 2545
4480 2086
1369 3488
873 4075
2839 4571
1044 4896
2439 5095
3957 3738
1030 2746
3170 3099
1231 2736
5295 959
1515 2495
2889 1130
652 585
2410 2593
4182 3038
3650 3443
875 1825
2442 3299
2065 3312
2758 4996
5198 3133
4198 5382
5034 3668
2225 4883
3061 2940
1550 543
5207 4535
1714 1405
929 3579
939 4038
4700 4438
1703 4141
4726 2626
1615 1813
3540 551
572 430
2758 3144
175 4931
1987 3792
5225 4151
2635 41
134 4112
1717 3150
3594 4584
2692 2497
1962 4378
971 556
2829 1748
777 3171
1131 959
4071 4630
2367 2104
2259 292
60 4203
3551 2793
1677 5040
3172 2208
371 389
1805 5454
2656 4314
195 348
4241 4115
3907 2778
4526 83
4204 4233
3435 753
2590 4862
3075 2167
5198 1644
204 2733
4330 1834
880 801
4782 3163
3706 5124
4537 4298
2783 5378
1422 2023
4479 5232
4427 841
5315 1303
3780 993
4053 4306
1639 2896
3579 4652
3699 3256
2351 4795
4849 2412
814 3429
1084 580
1212 5424
658 3855
3075 4745
2885 420
182 1122
5102 2713
868 5018
4378 1864
4624 5074
4727 2543
2010 5296
2669 2121
3180 839
2443 1778
4667 5013
3015 1940
2425 677
3920 4032
2063 1493
2283 1496
1634 5022
2770 2028
1500 1006
4175 3211
3294 1247
971 1416
5344 4824
745 2830
4112 4094
1562 3089
3597 2187
5095 3073
2902 4291
276 2473
592 4924
50 1608
4427 2277
3153 1779
787 3069
1411 1701
4122 4795
3599 2539
2760 4184
2573 1325
4233 2761
1987 2921
3514 4767
764 1193
5285 4499
2862 3269
4605 310
2750 2570
5 3275
2178 4330
5359 2169
5063 3339
968 3588
3913 4634
1232 4866
3789 397
2851 4315
275 2089
206 2218
1271 3481
5190 4504
310 5200
5323 832
832 815
2610 4495
404 4017
4208 3067
154 5303
1262 3782
3085 1755
3794 754
2326 4857
2057 1434
1738 1388
1688 1796
5093 383
4951 5403
995 4498
1958 4811
4628 3666
1840 1786
3476 650
3809 4014
3939 5026
1083 2517
5043 2309
2326 3113
1631 107
4151 4882
4444 997
1897 2441
2328 2664
2061 2549
3893 5031
2208 1027
2115 570
3654 1982
1378 3431
5268 3716
5182 37
2470 3363
1876 2395
1583 3311
86 5279
1540 4432
2013 4881
1747 1463
910 3447
4962 2333
4733 2281
3296 1082
3443 3761
3711 4744
2541 691
362 2302
188 200
2855 1790
2287 3255
2970 2265
4389 872
5316 4938
1438 3458
2756 1784
1236 4263
2511 5363
1377 3219
3827 5040
2803 2502
1134 1771
5359 5015
3135 4934
461 2136
3372 4352
1360 3107
3767 1360
5088 4040
1387 244
3021 1920
1145 3074
95 2321
3372 164
3359 3083
5246 1300
620 3081
1234 2486
1025 2083
2569 1358
1631 1075
3131 344
1331 554
3221 2452
1784 2485
228 5307
3709 3209
5104 5394
3003 280
4942 2363
4594 1653
3177 4782
4150 5288
3805 1089
3734 4592
2691 4515
3226 1641
161 5374
2186 5282
5021 2484
2703 2768
5079 1671
2847 4210
4040 4719
2794 4091
3501 1701
4265 2622
3011 3271
5411 1070
1636 506
4473 4005
2274 4469
2730 2241
1317 5075
114 5046
1473 3373
1137 5373
5022 1150
927 1399
3803 3328
5035 1614
2132 3194
3703 4558
1757 3253
3844 4268
3531 1593
4766 3560
862 1125
3224 4331
1906 4544
2396 2193
1861 866
128 83
3609 2186
3216 3689
1184 4559
4826 3547
1954 2491
4688 5074
4325 3
1238 3748
5195 1091
5022 4546
1460 5258
1238 715
2554 1624
1769 351
4734 5018
2972 3305
370 1844
2278 2564
1241 3241
3266 1429
392 3710
3014 4066
3439 1320
4065 4226
2260 3863
3780 4767
2402 1997
4473 301
1864 372
5267 3279
3190 2723
726 967
1801 3699
966 390
3316 95
1257 4740
1682 1240
3533 29
2955 52
1222 3470
3280 1569
1015 3406
3854 1841
599 5413
2264 5015
4781 1413
4096 2542
5193 603
86 583
963 3367
1360 4464
5448 5259
1135 5285
3129 3857
3970 43
3525 3076
2938 3279
671 347
2128 5396
1063 1854
2490 3762
3090 4023
3112 3287
2984 69
743 344
1383 933
954 756
2420 1195
157 3630
4431 1434
3782 3203
3782 5189
1648 1847
1751 53
4871 2608
2186 1149
2447 3405
1423 3836
1134 3733
5105 974
4907 1255
2825 318
3506 945
2176 4110
1030 4026
5383 4338
2284 4286
5175 5355
3959 2095
74 3056
296 3923
122 3770
624 4920
4532 186
4910 4010
4259 522
2715 4630
900 3808
406 2482
3066 915
4609 1574
37 2881
3500 3624
4691 1872
3443 2595
1025 1709
3382 4571
1434 1648
4355 3091
1146 5153
2235 3848
5444 4186
169 1909
4360 4374
1957 1810
5006 55
145 2720
1604 231
4530 1752
4326 4911
1635 712
4388 127
4816 4738
2596 2147
5015 3672
3946 2640
3585 4583
1353 4153
3772 4180
4742 251
4731 4034
4180 713
792 558
5364 3388
1577 1538
1659 3297
1475 1490
5346 3519
1464 5044
4874 2743
873 2361
3049 156
14 4320
4740 2928
1454 1673
5216 2749
419 5429
2364 3328
5409 4046
4610 4107
2781 3387
1106 4760
1354 4596
1230 4072
1608 1480
2745 2875
869 4295
3257 4484
3933 2552
493 4947
3382 988
4749 2027
1894 5341
595 2864
738 3438
4248 4899
1944 1671
3229 3230
1095 4089
441 3336
3211 2395
3493 3047
3131 1648
3893 3920
5367 2197
1060 4253
2688 3293
5120 1539
2900 4344
4273 2340
5394 795
4912 1280
3655 4627
963 4966
794 3208
892 2053
4097 2501
4004 1519
3660 3695
4432 10
1059 3627
77 268
1343 4554
2095 3435
1921 2316
2012 1680
2923 3294
3609 4753
5031 2153
2501 3012
3987 4332
1737 5016
2416 1103
2981 94
5221 3566
1511 4380
1155 3055
3864 3070
4256 4614
2551 1678
1687 3330
969 5265
2160 3513
5377 5247
5074 3260
4160 3068
2685 3600
1220 1585
3596 259
3485 162
3178 5051
1855 4166
53 3320
1677 5099
305 4295
4438 2123
4040 3245
2783 1933
4902 1705
2234 4091
2442 5023
635 4062
5050 2771
4939 5155
3411 3609
2566 1531
2435 2805
232 3793
2506 4900
443 4242
1727 2718
1446 453
513 1039
819 328
4179 3831
636 355
2733 2583
4679 1673
4457 3546
2421 5206
509 4717
3716 1562
786 824
763 1335
3314 2750
2515 3299
5152 2243
4087 4888
177 4099
724 4497
712 5197
466 1758
202 3109
1221 1287
918 283
4873 2949
1196 3674
4120 3385
2143 515
3237 1577
2074 4064
2354 2132
3861 2343
4540 3126
3529 823
915 2506
4893 3658
4308 295
3044 2700
4854 4898
3708 3683
5097 3838
546 3053
4657 533
2566 4014
2839 1665
4598 2326
1384 2287
1985 5136
2305 159
3125 3833
4847 3969
2840 4869
2091 2566
2588 3601
2149 3968
3587 2588
1345 238
3993 3764
1131 5382
1477 2343
1403 1411
4281 3679
613 3995
3498 3004
2130 2908
2507 2629
4972 5253
383 2486
3896 835
3348 2427
304 621
2498 2516
2062 5369
780 92
741 4530
4459 4331
3558 4344
2170 886
1314 901
3602 1906
1302 783
1434 4349
496 1851
4959 308
5387 4727
730 971
1926 1549
4076 5330
3782 2897
3040 3492
5335 1238
1178 609
2582 2348
704 4890
3585 2733
3733 1850
1338 2668
283 5247
4505 2366
3078 5302
3314 1866
339 4095
2985 2630
4745 5465
1673 1611
3720 2261
3961 2387
2094 1375
1933 1952
3199 4252
1958 3931
946 235
2576 1765
3075 3583
4262 4836
958 3857
3757 4556
3084 3753
2409 4109
5256 2368
3960 2111
1642 4610
3792 3961
732 5328
1193 290
898 4085
4220 1405
5128 1028
2206 4544
4255 5075
1280 1117
783 836
4795 2279
5151 4129
3864 4924
660 2163
3934 2216
2112 2438
2521 4821
4713 1688
2956 319
558 5269
4589 2561
2245 4364
4946 354
859 952
4799 829
3149 3464
4209 1000
396 2130
841 4695
4139 5371
2887 1508
4951 819
3645 2355
1539 1061
2872 153
1234 4397
4058 3167
5135 2333
60 2036
2643 451
1018 958
2461 1642
1306 5037
4494 3855
2925 2271
1930 5389
3008 1222
3469 2371
2940 2027
5058 140
2155 525
2094 2235
3339 3429
1988 4963
1309 733
918 848
2425 3274
4616 2131
5302 3102
2582 2174
1852 5038
3949 2082
3807 4887
4232 2141
1729 2874
5277 1998
2885 2333
3504 2082
3971 2716
5450 5309
951 513
5137 2634
5445 4965
5016 358
4049 569
4439 1020
2486 722
5025 1080
2950 368
3087 5032
640 1001
703 1286
3485 877
4488 4295
412 4786
2087 380
989 3077
77 5210
2637 2244
2771 1012
3457 2508
3324 4608
982 5289
2285 1792
328 3745
803 4792
2153 1084
2762 145
4329 1390
48 429
1524 1556
4585 3302
113 3564
1245 4881
3249 4141
1924 4644
4413 2966
4339 802
5151 4881
3061 5029
2241 4472
128 2007
1069 1807
2284 2075
4262 5254
1340 3145
686 140
2064 4142
3461 2761
1248 1341
3232 1477
2765 2240
1199 4603
1249 1980
2242 738
4564 2559
868 4503
1131 941
2955 1842
4597 1689
4879 4556
1649 1806
4596 3450
3391 1591
3815 5036
1173 4442
1229 3061
2426 5002
1920 2915
2875 2613
5068 119
915 3810
860 1888
2562 288
5441 751
2982 4294
1659 1194
599 1968
647 733
3990 1374
163 2606
2098 1766
585 1023
2665 830
3205 4487
2012 3160
4629 2943
3906 2548
1342 4348
3698 2784
360 4961
2421 4792
2288 5431
712 919
1584 2834
781 3944
4612 4817
4732 3687
4312 1034
411 5434
4839 901
1150 754
1432 2426
3290 1403
2292 3055
1285 161
4062 2148
447 1802
2330 2529
1538 1280
9 4959
649 3333
788 1
2068 3431
4012 2677
4328 4374
2771 141
866 5024
5186 5159
4327 5169
184 237
5204 5213
932 3806
1878 274
2660 3693
4721 5244
1101 353
3948 5257
4841 1862
5145 553
1131 1693
4658 4895
1191 2461
4638 2442
1121 2402
327 3295
1419 231
1345 4254
419 3005
3504 3573
3557 3399
4641 2753
4471 4264
1484 1006
4825 295
4819 2732
3738 3861
374 4817
2383 4192
4380 2281
1269 3454
2898 1605
3089 4354
883 3647
41 5287
1442 3116
1734 255
3189 4706
123 5356
4175 307
95 1322
4727 820
814 2995
4391 5035
1206 1533
2682 4609
2073 1118
2391 3908
683 1263
1410 2760
3716 2358
4092 659
4701 1935
630 326
2988 343
135 3501
871 388
4319 1789
3221 4257
3493 3898
2550 3271
1802 4051
425 163
1497 3415
520 1743
157 2334
1633 3461
3481 2733
2980 4666
3988 2012
5230 720
357 409
3686 4599
5458 2570
2084 3333
4770 2721
2383 3400
2949 1825
1426 623
3689 5247
2264 5371
1570 3233
1042 2848
4041 2962
3117 591
2052 4468
4355 4815
2505 3218
5311 3166
2360 1817
934 53
669 2751
87 2103
3860 3789
5367 4000
127 4390
3609 127
2695 2416
359 3851
445 2871
4271 3895
3489 3859
5430 3359
3353 2803
4638 2376
5149 3117
4311 1981
2895 676
2839 1764
2947 4744
3002 4451
657 660
1852 2262
2158 1322
4033 2912
4611 674
4184 4313
1665 1389
3415 540
3203 132
1095 2175
4503 2982
3226 1018
3117 4229
4220 2630
3430 259
3472 1424
2931 2009
1551 3330
5367 4605
3386 81
4569 1858
4337 303
3949 4099
4362 67
1419 4729
1758 1980
89 1212
5177 172
4153 4050
3256 2307
2545 4201
3618 1905
3540 790
1843 3636
4278 904
3980 1476
4680 884
2592 1630
734 209
4877 940
4415 2306
4555 1828
3328 1671
1600 1003
1352 1547
1771 713
3113 820
4460 4277
1330 216
4923 251
4868 2301
4114 2593
610 5232
3323 4952
4811 2935
2770 1770
1113 2554
4411 749
348 1704
2249 1546
4021 271
2445 5393
3357 3674
4262 1565
4531 5338
4731 4645
3864 593
3422 248
4194 5423
364 2708
1666 3948
4138 1098
2023 3138
5112 1425
399 2298
2263 5227
2151 1495
3935 4687
2008 3661
3736 4972
4090 1299
292 5447
2623 5102
268 4824
4681 986
1365 936
498 1085
3787 4910
1849 3200
1000 5389
4637 4033
5404 4700
237 3646
2446 2143
4478 1007
5346 3675
5310 1803
1072 246
3138 4356
4545 5383
1585 13
976 723
2049 2628
254 5168
2195 2682
1463 4453
4503 4339
204 4758
2707 5193
5004 3803
714 5274
721 1786
61 3662
3208 1688
2260 717
3713 5095
3768 335
1679 708
2232 2052
4355 1300
1486 1710
4879 3929
3162 1693
5073 762
3779 615
2098 2991
2733 1287
3765 1434
3763 4808
3403 4236
2489 4310
51 1523
2599 1701
179 2728
4124 2949
3399 3713
1018 265
3201 988
463 2672
2707 3341
1916 3751
3315 982
675 1215
3393 5251
3147 4552
996 1041
3267 2631
4865 5441
4375 1147
3225 944
3429 4652
2056 2189
146 4779
3790 3840
4671 1374
3759 4298
1290 3181
1966 3235
3215 3151
814 219
631 4713
5005 3650
4202 2508
4735 1022
3891 4309
3562 3087
4307 989
4792 2724
2586 4461
571 4783
1104 2802
1417 3262
1520 2717
3714 1643
2287 3118
2356 2723
155 1872
1072 2032
4426 3771
4760 678
971 4609
2502 1242
2975 3411
2021 2366
4828 1492
2742 1604
1348 2502
3535 486
3769 4036
1967 3419
2499 799
2855 2834
5401 162
2538 3652
294 2128
2874 2029
863 5439
997 1763
4818 4658
3345 833
1752 878
5141 1901
1579 4599
411 619
3055 5460
3691 4624
4293 4729
1098 3508
3683 3982
116 4350
2241 1456
513 1771
3892 1352
3948 2415
2690 2716
699 3129
2407 1344
3950 4447
4199 4922
5246 5377
5003 1455
464 724
4242 310
1913 2916
1784 3408
5239 2341
903 1444
3346 4309
820 3661
5389 4500
1242 2307
1672 1891
1653 5032
447 3537
2966 2223
1754 3394
948 4462
1430 2250
5332 1872
4406 5090
4403 1143
4853 3042
5044 129
3888 5285
5340 2113
2974 1646
1673 557
3164 760
1238 2322
4536 4947
3441 2731
4511 918
4367 2896
4143 5403
1170 2272
2988 4856
589 4478
1611 968
4339 4231
605 1224
1916 557
4238 392
5439 1314
1855 281
3043 2927
946 3853
2723 3632
4786 89
3872 2112
2103 3887
3567 5448
4595 1689
4211 2746
5365 3822
3956 3688
5091 2307
1662 3134
920 3692
1532 3024
4847 5064
1910 351
4074 768
773 3278
4596 4556
136 1903
1392 1529
1058 4164
5355 2329
1893 4211
576 5329
3552 4227
477 2317
2391 408
3739 4992
1710 1178
4406 3506
980 1598
3268 2603
866 264
4298 1428
3217 4772
2716 5244
2795 1107
2939 2320
2352 4967
4895 600
3327 2136
1123 721
2864 3314
2532 4561
1164 264
1158 449
5354 289
361 4720
1051 1491
3652 4942
2831 3258
1521 2837
4998 1529
2551 4143
853 4135
5214 2056
5049 299
5221 2998
5217 2061
5032 2695
911 4463
3346 297
582 5190
3352 2219
5182 2346
1273 799
405 3729
5012 1561
2272 5091
5163 3945
4600 2785
4992 1848
1898 2140
1478 3540
3209 1473
4566 3137
4882 5100
2900 3347
3166 2042
3164 3393
1101 520
3934 3311
2339 2004
4741 4831
3779 3208
2798 2289
852 2970
270 3746
5069 1435
3086 4678
3872 5321
2017 3646
381 315
5262 2998
1573 4019
1183 306
3703 4852
1697 2513
2765 2125
736 5215
5328 5055
4607 3043
4813 933
3281 4341
3059 1259
4905 1919
2122 154
4701 1631
2046 1098
2154 4307
2209 4768
4070 3225
4923 926
4986 5183
5027 2969
274 1491
482 1440
4380 4555
1443 889
501 5102
4029 2527
4741 1006
659 965
3309 107
4255 1419
2061 2227
1870 481
1649 3222
3736 36
3359 4250
3264 3195
1858 4793
3204 700
1161 1189
1407 427
1061 3991
3051 1101
5277 5200
4569 1178
1604 3866
1525 3307
249 4426
4941 1723
3946 2892
850 5060
1599 3872
529 3204
4006 4074
3469 2674
3792 3593
962 53
2309 1295
2801 4201
2574 2761
2138 3628
3833 4533
1624 2360
1152 2779
4932 5444
2571 891
497 340
4320 3604
4194 3199
4350 3483
2703 3935
5311 4393
1082 2427
5005 4875
1305 3896
5038 4005
3174 2739
2606 1235
2213 2472
2077 1379
894 4712
82 5322
859 1752
2087 791
3776 4914
3493 4562
2791 2075
3601 5327
916 4851
3275 4110
827 4550
2606 5449
2191 2955
635 1576
2978 2288
4371 2333
1812 2262
260 4523
4735 3549
4918 3899
3188 5107
3293 4406
1579 4656
2095 4950
2470 2612
3621 7
251 2875
5435 2849
5442 5225
1084 368
2857 5394
4810 1979
3487 1131
3297 3185
146 3468
406 3836
249 4118
3580 275
5386 4017
4484 5377
881 2116
3226 3655
4268 1817
1195 734
4412 1007
1648 1241
2090 1586
1264 4513
1154 4116
2414 3898
2512 2972
1468 2707
4458 5445
3434 1446
3599 3011
3215 1853
3686 1438
4634 194
5371 460
1233 2022
5363 5443
857 459
2391 5203
1878 2174
510 2078
104 3376
2757 5031
2865 400
3101 4023
4469 1941
3259 5134
1118 2836
1252 1604
5152 2348
5276 428
4462 3887
532 2217
970 3086
2136 3758
2699 3117
1663 47
4211 2440
1460 2842
2143 391
752 3021
4288 859
1430 2670
1925 4864
2016 27
3459 4912
3189 2055
2666 2768
3545 1919
3484 3629
827 2269
5092 2431
782 540
2909 2122
3936 3911
3132 3857
2005 669
4194 2220
1141 823
4279 4250
779 1410
4369 3914
2495 3421
1977 2263
1712 568
196 2523
3552 3103
3870 3678
5429 144
3013 85
4396 5185
535 5372
1538 3798
3761 244
4392 1279
4518 2852
4888 4600
1216 4686
1912 1393
682 5102
3958 3804
173 2781
4054 4266
79 2365
289 1909
3922 3063
708 846
4269 2353
2747 100
90 3133
5308 2432
1590 2402
1306 4858
2701 4828
3095 4984
4602 994
3457 3350
623 105
2840 2664
1652 1186
1483 2397
2935 915
4259 4388
4535 3276
1125 1376
4732 1346
3984 4570
4800 3695
3201 926
986 4866
4224 5225
3606 4129
1386 3524
1253 1948
1693 4169
3177 461
2131 1133
3423 3900
3122 525
4407 852
3580 814
5426 1474
4729 4286
4419 3306
1886 3702
1510 2368
1953 2645
411 3564
4386 806
3981 2972
660 629
2936 4549
5370 424
1085 2727
5113 3242
2043 4416
2158 202
2489 3685
4409 3540
5143 1549
2820 2243
5192 3885
2515 3593
1282 3133
2705 721
2644 2926
4387 3902
608 2401
2254 4168
5069 1492
707 1360
3193 660
4882 5278
4503 1983
956 2037
4402 1793
2357 1677
3990 1061
2133 2723
3714 5327
3005 4867
1017 367
3153 1998
2262 1561
3545 14
2316 979
2959 1085
1625 2559
4434 297
3237 4449
3583 427
4033 3336
681 5090
650 1310
701 4510
5312 5346
3843 4178
2480 3194
2633 1975
3295 374
673 4182
2791 346
4172 4619
4783 4507
4303 1655
1534 4218
3875 4103
789 4515
964 5041
4369 2130
3818 270
5213 2226
528 2609
896 4762
5247 2224
3593 2030
663 740
4141 2249
3026 3316
4676 1361
3752 747
3316 3829
3469 2610
1822 2833
180 219
259 512
3288 2683
4251 552
4507 2427
508 4599
2277 609
331 1290
1425 2315
1652 557
5400 2452
3003 4658
1613 4766
663 3197
1513 3596
389 1911
3618 2450
4499 1970
57 4555
4549 3713
3470 3491
588 1747
2486 611
2799 1071
419 2692
3588 3446
5171 269
1478 2484
4731 1431
1042 5071
2786 2980
2161 5106
5208 2524
1044 2902
2599 4285
2582 440
5197 4994
2487 553
645 4738
3657 1344
1738 3848
1703 858
710 2854
3568 777
1045 2578
3269 3864
1591 1327
2438 2660
892 4672
937 1705
5415 4412
5275 3843
1338 1231
5191 4640
2949 3485
2607 3721
2204 1796
4692 1694
3896 4204
2213 4999
3639 1838
2515 3085
236 1082
497 5324
234 26
813 376
1373 3682
4470 4102
2536 4083
2524 1979
4893 1926
2456 798
4651 3332
1175 849
5275 2930
3318 5408
3552 1374
738 4231
2897 2611
3389 5288
4144 4174
1852 1707
4784 2814
3691 2886
938 3996
4385 3977
3444 1962
3218 4359
1979 4148
3894 2427
4535 4446
4566 3759
2859 4197
2619 4710
1509 442
347 451
106 59
1419 5100
2971 2573
2965 1038
2158 3453
4935 5440
5285 1766
3977 4653
4557 3013
4827 659
4963 1486
1608 313
2903 3314
4135 1334
4242 2894
3378 574
3519 2499
2971 1876
1905 2081
2053 784
3080 2048
3763 2078
5201 4633
4930 2598
4324 3313
4676 2718
221 409
2445 3644
3918 3039
1567 3900
3776 1643
1311 453
2457 1668
631 2680
3814 1117
1615 3833
3585 4034
3719 4263
1556 220
2385 1765
1222 3084
3873 1697
3122 3226
835 4257
838 2047
3561 4441
2572 1483
2790 888
1978 4945
4177 2983
2215 2377
2442 1373
4474 2452
3925 1227
5198 2254
213 948
5066 1317
1033 192
993 1288
368 3451
4666 3790
4133 4495
1717 43
5302 1678
4238 2976
2030 1671
4815 3253
5166 4005
4712 1583
835 1237
1244 1930
1726 3919
1404 3868
823 3334
3841 4215
4928 4069
895 5159
1600 4194
120 1901
1969 3502
5028 2435
1831 3568
4299 1242
620 3126
4030 3454
5012 3514
74 2320
251 1724
4728 1540
4147 1531
2696 3844
3699 5397
1208 1323
3821 2125
4240 3011
3442 2213
3256 1565
921 219
64 3042
1233 3194
4340 2316
5076 1418
2268 643
835 4767
2464 2918
3992 34
4386 4125
5296 4575
2308 1358
5219 3574
379 1454
325 171
1820 1311
2522 1583
829 3905
2629 5092
1196 400
4834 4113
1578 4114
957 1286
3232 1571
4756 5398
3543 938
5195 3459
5104 3600
3651 5086
3744 3853
4320 5181
3115 4325
2889 4736
2151 377
4341 3025
2225 1494
1457 1851
1787 1268
3010 2932
2268 4281
1941 917
1675 2195
2669 1363
57 1658
1557 5357
5284 2726
480 4501
2282 1331
5341 264
2490 4249
5020 1791
858 781
2913 2194
3133 4183
2775 2260
4282 4915
3516 5153
2592 567
4846 298
4586 3111
3291 3988
4795 4682
1441 2162
3457 3233
1530 1416
2550 2263
3687 1709
1421 2412
2964 4532
5228 2965
3096 2207
4152 496
3305 4007
1895 4439
4223 4348
1027 1182
1435 253
3768 735
311 2732
2101 3726
4221 2703
1989 4976
793 4169
3076 2844
3209 3144
222 4316
120 104
4877 4441
1692 4874
5040 1695
2835 1856
138 3312
2979 588
2791 537
3632 1153
543 4529
5293 4211
1461 898
3199 5408
631 562
4108 1203
2398 1895
4856 3577
1646 4448
3081 3322
2348 1485
1009 2844
1317 2960
3495 2144
4079 2838
5108 1024
1085 2610
2932 1923
2265 1608
4756 5453
4866 5059
1280 3199
1228 4995
4516 3485
1 142
1062 2976
602 3257
1340 742
168 2470
621 2223
4893 1378
1525 5073
4534 1445
1664 1970
2538 548
3885 2985
667 60
4299 4022
501 3969
4752 4004
1218 4549
74 1128
3929 934
1527 2796
1817 1323
4814 802
4822 3137
5266 3070
2482 2844
4192 1694
3789 4687
5051 5067
5255 107
167 3584
4377 4076
689 4154
4673 4074
3700 4736
2218 3306
3154 3250
3737 1127
1173 2402
2276 3018
833 3236
826 2294
3157 3706
3268 4934
892 3816
2724 1572
628 4938
347 495
517 5107
647 4170
5380 1697
5051 1229
296 4586
3718 5291
3601 5120
4832 4201
3686 4935
1914 2534
2941 4552
4372 15
4648 4794
623 1574
2520 2694
3315 979
3657 4126
1962 3635
1900 2757
3811 1560
5195 5084
2991 3218
4037 331
1290 963
1489 4290
1294 853
158 5015
2472 3040
3747 1925
4206 4425
1286 440
2702 3502
5303 4967
2433 79
937 3669
5140 250
1332 448
3417 3339
505 3150
4586 2966
3314 1117
5327 4169
5156 2301
2845 1312
407 713
4273 4613
1585 4132
2967 1130
3230 1769
3902 4562
2116 506
5334 3367
4143 2904
4581 4069
2764 2649
4770 292
2715 1481
5421 784
5297 223
5068 5355
4180 463
4455 402
931 3621
2548 2243
87 4922
3674 1005
24 1604
288 3636
3715 4160
1389 419
4957 3659
2825 5345
1889 2691
2778 2560
83 5338
1690 2747
2429 5301
4147 2743
4656 4606
3037 2905
2493 2778
1631 3042
3183 515
3693 1260
3599 5045
2875 520
2840 1731
2752 3833
192 154
2492 2445
3063 1214
124 1151
3985 735
580 1956
4174 1196
526 2888
3284 4071
4891 2005
1857 887
3208 4197
65 3846
4020 3065
5290 5026
1151 2953
1340 3643
3656 280
709 5466
198 5250
13 515
932 2505
4664 255
5178 476
2714 1460
1284 2664
3615 4305
3124 3021
2969 932
2733 2641
2230 1532
3245 2264
1680 5000
484 4193
1701 858
5051 2478
2927 1581
1996 254
4380 2953
858 4784
4669 2827
4729 3366
5436 2410
5023 4752
652 865
1194 5120
5185 1781
1047 1394
472 5135
4727 4875
436 1240
4166 341
5341 4280
72 5393
794 4597
1692 1051
1697 1395
3420 938
3258 4286
1250 4318
3485 1296
577 24
4494 2664
3611 4562
2219 3025
443 1643
3664 2587
1131 5198
4567 1866
1879 1385
2978 310
3335 2533
3619 77
3849 539
2912 5059
4133 3452
1905 246
5117 1636
3881 4628
3363 2716
5091 3835
1717 2383
4029 1530
3260 36
3600 4278
2827 2076
3572 4179
955 2181
5060 2162
1025 1193
2105 2091
2353 1173
2795 4258
878 3883
3202 152
2147 516
1916 4784
901 1837
1298 3688
169 3608
4501 5029
4193 2698
1292 5105
1374 1468
1186 2171
3145 1725
3641 4521
3225 3145
3748 217
4207 4932
3968 2435
3103 681
2041 4792
169 2682
1428 1596
5201 3282
5381 4152
2870 594
222 1232
794 5107
1110 3357
2343 4726
3405 56
1235 504
52 124
1075 4423
3800 3251
5154 5398
1434 4770
1741 3237
1085 3835
3172 4032
1331 4241
3218 472
275 2919
1652 5235
4630 3011
4998 5164
2067 1020
5030 2608
5434 2432
1294 1218
2823 2171
3530 3753
3328 128
2461 277
2369 2903
1128 4834
547 4559
1681 287
2319 49
3444 4625
4874 3771
1961 462
4628 3449
127 3010
713 4568
3514 725
2138 216
1291 236
4278 3228
3803 2706
4562 1940
2445 1167
4107 1252
886 2257
693 896
5440 2330
4300 1832
936 5269
1915 76
4857 4611
2563 3266
4839 5200
4854 3522
5150 4338
1947 4165
1212 4241
1867 1469
2080 4731
4074 3303
2809 4840
2616 15
1777 3646
5082 4032
985 3417
3323 1799
3046 996
169 4026
1272 4413
807 2098
4486 1382
1554 312
5365 2290
2462 4099
5232 943
3590 4479
4287 3424
2236 4052
2388 3103
4965 3982
378 2042
3574 455
2121 3927
1621 4543
3083 4274
1114 4712
1953 559
1803 3244
2491 1366
4946 2548
3702 4962
4478 982
4003 3907
4560 2778
690 893
516 1760
1640 5293
2476 4518
3023 715
3830 286
3431 540
3754 2627
3475 997
1577 4836
4340 1933
1843 4955
3108 1203
4722 3957
1802 3907
2829 741
2206 3731
1108 1998
1461 581
1996 1908
1741 4836
2937 3428
4289 813
4402 4137
3996 1234
4801 4371
4626 4784
4299 188
1940 471

