8623 7489
5390 686
2912 7168
2755 3020
8546 8331
6767 4988
5939 6526
2059 4485
488 88
4276 591
7719 4388
1848 3218
4441 2644
7947 2037
829 1549
2859 2030
6680 495
6790 892
3068 5816
7686 1178
3967 4158
6996 4114
1684 6614
3577 216
4547 3686
2847 5066
7628 8528
436 921
3963 1191
5576 300
3043 1679
168 5078
3815 8611
441 2204
3148 4361
2931 3609
3981 686
6252 327
646 4824
4684 3812
6117 4303
2447 3267
1575 305
627 1549
3362 5229
6148 2569
3665 571
8432 8336
7482 6501
5317 5795
565 1573
4472 5740
5480 3049
2982 8098
8001 1818
6156 336
3097 1928
8088 4217
5644 8526
5491 885
2328 4046
5822 8569
2746 4744
5479 4150
5314 2356
3848 5889
2465 789
747 3024
4695 7222
2460 1879
5495 1650
4579 860
716 412
2930 6608
1009 6299
109 121
3113 2528
2937 4517
2283 5979
289 4108
8272 7784
3745 8110
6199 22
8446 1026
7842 94
6673 7526
847 8573
4068 2384
7351 2745
704 5555
2416 5461
1233 7067
4312 8342
250 3106
4680 4833
2766 7681
5629 781
8060 5807
3145 3513
1380 2283
8463 3945
3337 7884
1269 6882
722 4269
4650 874
4383 2745
1293 823
7545 6529
8431 5161
1157 4840
6047 2876
3156 5742
4577 2732
895 5099
4308 6250
6429 6095
4808 6307
7797 7396
5811 8382
5831 5358
7484 3903
8062 5829
8370 7931
3086 7497
835 4802
6110 5160
4346 2812
1116 8198
4297 5845
42 4644
8421 2096
4885 8230
1430 5621
7211 5326
6593 783
6161 2092
8161 2172
7484 8346
4822 2633
6472 4879
6203 2439
2533 3389
7770 2930
7062 3863
7673 5737
6370 8214
6026 39
4819 7475
2088 3914
2717 6300
8138 1757
7866 3284
3327 2553
1331 5103
3941 1958
6988 3015
1136 7079
7755 3453
5680 1509
3956 2266
196 5703
5562 4671
1271 3776
5677 5375
3234 295
3130 1406
5695 999
7520 7198
7940 3354
7833 7429
6252 2610
5949 5016
8380 1411
3113 1173
7183 7549
2346 6141
2611 3406
238 4020
6141 6125
1378 7672
225 5478
5784 4841
1704 5856
720 7406
6778 2023
7836 2371
5950 5547
7503 4642
7699 6274
6959 1509
7322 7748
1005 6757
90 3748
5859 2921
4095 573
2054 8076
4624 7747
2239 5089
7000 4435
5792 4328
6602 5594
8298 2523
330 1636
3550 3375
7287 7619
4997 1549
4708 5647
4828 3992
7144 2615
5167 7393
1528 4475
7090 5533
1407 1970
970 1178
7759 3413
3777 1287
7068 526
5643 6275
5994 3580
149 5617
1203 7280
642 4732
67 4501
5532 2768
3185 2351
5657 3177
3792 814
6323 1577
5079 3200
1326 3149
3669 6076
3357 4269
2657 5349
7400 5816
3090 478
554 1357
1163 647
6777 6362
5514 4296
3136 365
1277 5364
7639 4785
6212 8246
8350 7506
3799 3274
347 3629
669 1199
4544 2381
5610 3832
5288 7982
6609 4805
3274 2527
1426 3514
6763 4225
4194 8125
7994 5255
2488 571
3740 721
2726 5583
174 8144
5650 1322
4086 6498
4137 1067
8424 7404
6719 2290
4916 4969
3952 7666
6441 7678
8607 3361
3546 7429
991 4057
4360 1755
31 6001
1077 8298
6147 6679
2623 5697
504 5403
4248 1433
3981 3829
5159 7477
7535 8366
2822 1103
743 7082
4456 8000
3615 739
490 6636
4709 1764
2095 5433
2090 2874
3389 3136
5228 114
229 1384
7670 2525
8110 4783
1645 659
6954 4011
5047 3866
3954 8139
3987 1900
4427 4158
1180 1498
2805 8575
8001 3914
6055 8042
4840 2755
1137 8446
3912 5405
8471 830
3629 2313
2113 4268
1445 5566
280 8273
3475 6047
60 3803
3255 5778
6819 7098
2698 3911
360 1062
4160 2851
1445 2304
2775 6080
7009 4189
7234 8508
2134 3280
1382 3416
8321 8362
2207 7959
1522 5641
8600 543
289 714
1114 339
7245 8495
5526 7610
3216 6294
3152 122
1357 2662
8017 8193
7890 1736
572 177
847 870
1335 4071
1221 6184
1627 7397
1922 4016
4759 6283
4554 5356
6075 1530
6436 4919
6073 437
1773 4189
1773 1156
2043 7167
6540 8167
4054 7406
5955 3047
26 8611
6046 5380
8242 8553
6153 4459
1665 5945
7835 3210
6802 6302
7666 2206
7196 190
3732 13
7751 4421
1476 7591
7285 1467
180 7600
6092 8542
7941 4252
3469 4743
6363 2360
1068 5029
7446 5478
1620 3556
2292 7332
686 8081
6195 5637
1545 4321
3219 1491
3327 1024
5233 1210
2019 942
5725 1672
3978 2940
4495 7367
3602 2131
1981 5790
4752 1287
6894 2992
7441 7591
540 2671
7014 5043
4438 8001
6874 6955
4854 4452
7008 1064
6870 5035
8427 3835
7376 1194
330 323
3819 35
4521 307
5503 8281
8228 5611
4306 8232
2806 7687
3503 4646
7253 4399
341 8446
2203 2698
3629 4233
3696 1254
7302 2534
4750 665
4559 6089
6171 1627
6816 7515
8254 6135
8259 8465
6382 4025
2495 3220
7934 303
1200 4356
2306 6438
29 2559
2395 774
2204 1243
8110 879
3402 6526
8170 4865
982 7553
7248 2311
3591 8384
3576 7352
8168 1759
4443 787
7703 5106
7023 7562
1811 7785
5749 2634
4362 3013
3839 2743
3582 1101
1842 6317
4984 3999
8622 7483
5492 2456
7155 7573
8275 7604
629 581
1262 4200
5946 5026
3236 4786
6952 5938
4897 4646
131 2704
308 4323
4542 4943
5517 8003
4832 3699
3953 2333
7658 7268
824 1880
2422 6905
2069 6750
4330 5703
4746 5352
596 5665
6618 63
6724 5414
7416 43
194 5096
3962 2274
4191 6712
3116 2482
8157 162
3394 8354
7996 4940
6437 8245
2139 5654
8451 5978
1500 3681
5543 7214
3361 5144
4371 6764
372 3274
6950 6026
3901 170
3939 196
7608 7689
2405 791
8244 1191
2125 8321
2032 1448
2706 5334
2902 2765
5765 4001
5598 4827
245 1139
6619 7067
8442 802
7753 5424
5941 6334
1127 1234
8090 6766
1198 885
1892 4191
5994 2669
1621 1890
4272 1523
5064 5364
3278 5509
685 5854
3923 6213
5870 280
687 7849
8383 1632
5346 7184
5208 5530
984 1841
6376 5457
5546 8154
6766 5871
2375 3089
5381 4145
8507 4300
5110 2339
6517 5581
7128 1305
2869 628
40 7341
1270 2814
67 7215
4601 8356
3209 1450
7821 5140
2697 7691
6639 4002
3970 7964
6451 4705
3503 2836
6060 2605
2329 5494
6252 2546
5708 5829
8058 1296
1921 7591
2228 194
7915 2415
3007 7745
3952 6755
2272 7067
3492 2044
503 4375
7105 4303
4525 386
3411 6293
2358 1822
2592 1006
8466 5857
7103 672
1065 3068
1333 8215
6665 217
2344 7027
2098 1373
8451 1240
620 7232
2411 786
7765 7328
2058 3408
1970 7496
3845 1916
7252 4070
2439 8469
6930 6005
6959 519
2258 2944
4289 2603
4886 2593
2539 190
185 5210
2716 7959
1191 5893
861 2231
5265 7958
8474 7616
929 6832
7434 7322
4912 3898
4853 4752
4935 620
1430 1866
3439 5671
7152 7343
555 7530
1696 36
6591 4566
2107 5757
8178 4706
1459 1520
5794 8608
5665 2536
491 2297
4458 7232
98 7964
4566 6765
2914 4924
4860 4768
5431 5752
8057 7341
7224 170
6830 2754
5771 7843
7426 4963
2608 6803
7233 5359
891 4338
121 5854
31 7092
5153 6454
3956 5385
2244 7465
2316 5355
1794 8168
3807 603
4431 7866
8521 5058
1962 7752
8416 346
2474 4894
3231 672
2807 4774
3189 2661
964 8357
1688 6136
8412 6993
6688 4983
7993 8443
7916 1578
1644 4265
2289 5235
3748 4695
7228 3392
7353 8002
2625 2151
2482 6532
6457 805
2050 3677
4295 6261
1129 1311
1898 1822
4275 6548
4779 1880
2000 5253
78 2319
4216 491
255 1723
2890 8205
7310 5272
2272 693
6553 3603
56 5943
4228 4931
1163 6678
8355 4900
6533 7337
5855 2026
7195 8476
8260 1630
6613 7037
8020 8064
3227 512
5409 1121
376 1087
49 692
6310 5989
2041 7068
6475 8271
5303 3849
423 6760
1094 4750
610 2422
3616 1263
7079 2235
7807 2708
318 7683
2735 4897
3220 3663
231 8172
8016 1246
1715 3232
1575 4686
5095 4206
6969 1730
6825 5886
5878 2107
4317 2370
4065 7222
2834 2930
4673 4863
7324 5462
5445 5379
5544 891
2732 8251
7804 6035
7969 7563
6857 7918
4539 6216
8231 2581
6956 1215
7682 5291
6144 1071
3712 2273
5121 155
7289 112
1812 5285
7765 2027
1500 5656
8033 1549
1873 6692
505 2395
439 4256
7015 2963
8469 2116
1872 2266
5960 846
2584 4983
6172 6889
5661 3704
3415 1878
6603 4860
5976 6196
940 229
3569 1527
6163 8237
7507 577
5597 3130
6933 3459
3892 1399
5897 6253
1324 3494
2296 2607
5496 496
4372 8159
2672 3352
4984 284
2429 3136
7821 336
1666 1393
7037 8104
7495 580
4597 3258
3542 3356
6632 3625
7862 1047
3379 6075
299 6036
2572 1845
4074 1941
8403 1630
3664 5978
3514 2772
7672 2091
2892 8616
7446 6703
3425 4915
5813 2889
8576 2726
6352 4860
1665 5197
2365 6066
4528 6433
5894 4948
3946 830
4899 1916
4856 1051
7011 4910
5361 7868
3255 4359
8027 1622
4661 3966
6815 3988
2102 7534
8028 9
7862 471
2836 3365
637 6044
3192 7393
3326 7393
7192 676
7403 6309
7988 6999
7153 5380
4991 3962
3224 2134
6192 4884
4829 5620
3879 1018
6528 7398
5031 7417
6185 2077
3231 982
6756 617
205 8615
8505 5774
637 8272
6461 5129
576 1846
5134 1358
6472 6456
5756 6774
3246 472
2132 8594
4474 36
654 2439
2603 8179
2068 4637
1046 1502
6427 3946
1433 5560
4079 8259
1434 8148
7105 4534
4727 4804
4723 3342
5609 3206
760 1266
1403 5573
3826 121
1592 8212
4334 7438
4172 4407
5822 3435
1271 5353
2866 1247
4106 6527
4796 558
5759 6304
948 1852
1665 6862
3846 7512
446 4085
3018 6835
4880 3073
399 5959
1753 3942
1096 1457
3547 5903
3430 134
7661 160
548 1773
397 3792
674 2343
5880 6772
3149 4672
8089 85
2310 6088
7408 5056
2919 7135
8157 2205
7406 5949
894 1750
3449 2870
4233 2915
3106 3699
7209 6014
884 2230
1763 5316
4445 8463
8546 7211
2992 5748
6237 7315
4981 2027
2348 3202
8277 378
6222 5731
7437 172
6407 6679
6424 3879
8358 6638
8452 7734
5488 1979
4249 536
5339 1856
3369 1426
8269 150
1306 1936
931 598
4709 4843
1927 7238
5127 926
3879 6079
6513 5506
986 6132
240 5524
2258 289
4491 3344
8155 4306
423 8385
3050 6870
1722 1477
1080 7608
2047 4391
586 4067
5396 1851
8155 6413
5156 8285
3919 5454
5637 4128
1903 7766
3807 5169
3375 7461
6933 5058
6855 7848
1308 911
2368 4311
8376 7176
6583 8328
6745 2499
1892 3564
1209 1319
4075 8488
2537 6483
5670 1164
88 6055
4448 3108
1140 7083
4134 4638
4621 2770
2303 5269
2948 2792
2093 2012
8099 6265
2801 3267
521 8273
7343 1263
3295 7451
1802 264
7368 798
2156 4697
4031 6287
844 1729
2747 2923
6888 2790
6338 4080
5560 5210
3644 5016
1128 5810
5398 4101
3390 5365
7158 2772
3020 6320
6781 4771
6519 6986
8553 527
4444 2561
4091 5183
5101 1370
6317 7525
3506 4264
6556 3606
8118 8183
7382 1204
4562 338
4410 5165
6602 1278
3890 4604
2906 3976
2635 8357
3010 4033
4869 4403
5421 3159
5890 7838
811 481
6746 2575
7401 6936
6637 1585
2170 6392
8588 5745
2086 1325
3959 3549
8355 6446
5891 7430
1047 6063
5371 1244
3631 3454
7462 6808
6106 6537
5781 6740
4198 303
259 5495
2895 3534
5310 8552
6704 3867
1535 525
1928 2442
4076 929
3778 7651
681 4033
544 86
796 4508
4598 2731
7911 6647
5122 3145
5839 6169
3669 5156
7672 5355
593 4041
2386 637
1314 125
6062 4642
6819 6836
2292 2961
8071 4771
7136 7940
6408 4232
7058 6300
3137 5645
181 1737
5351 8458
3465 7433
2851 1383
6560 3808
1784 2410
130 4926
5980 4990
2299 8454
282 5697
3071 568
2643 3016
2397 3549
518 3466
1390 1180
612 8497
3277 5813
3681 3651
3760 1729
7968 3380
3181 6748
1653 2987
5230 826
8438 1279
3935 7624
8494 1854
7914 5480
4127 5579
1129 6858
86 4078
7546 4266
5200 2236
916 334
3536 4064
7202 3180
3086 6753
2762 5838
6224 5713
7664 7146
3582 5348
5681 7649
4742 2068
2811 7982
5395 1172
3643 110
1248 965
1841 1479
3551 6708
2836 6174
1169 2069
7385 7852
8531 4903
7065 2249
76 3632
2199 140
4279 2953
2887 2463
7241 7844
5164 7251
6401 5881
3996 4062
8350 775
2947 1696
2826 3392
6150 3791
1683 6612
7818 5088
4924 2058
5450 7995
3518 5605
4822 3996
1940 266
4538 36
6845 1320
4042 2838
4825 3247
1164 3428
8497 3575
2392 2992
2583 2294
1736 3361
616 1115
5610 1423
8175 2477
6637 243
4952 3409
7538 8080
945 1290
8086 7094
5911 7952
2227 6752
1366 6689
755 6764
3527 1466
160 956
7571 5638
948 5358
962 3041
7029 1642
5179 6461
2837 8603
8400 2487
2283 4001
5812 897
7302 6123
2176 1660
7119 4955
2523 455
6022 7537
1112 3924
3429 6421
4671 3143
467 8589
3993 3753
3565 14
834 7070
5684 1772
3092 504
364 3593
4650 1929
8443 5287
693 4034
607 3994
7694 702
6515 8466
5778 737
4190 1126
2672 6684
1543 6604
449 2132
5760 3837
2609 5352
6198 7446
8355 2555
5485 5066
7042 2883
4032 8538
3096 4652
3242 4706
4742 6190
7519 3976
1629 349
1458 7112
6042 4876
5830 2482
2284 5942
3161 6969
1122 2238
941 3358
8532 2080
46 5926
8000 4959
1950 1572
4785 2746
3606 3074
6786 5909
3636 5168
8500 1983
4549 7838
2079 6304
6074 1687
3526 48
3694 4291
2438 464
1123 6381
7220 8537
5506 6535
7713 7652
7109 6454
1880 7491
8566 3626
1230 2427
8234 1352
2645 4032
5862 7523
7925 1765
4642 1892
8518 6709
6858 6993
7730 3512
6372 6053
4188 675
6899 322
7222 5176
4973 6314
4026 3996
6725 7753
732 995
5974 7067
544 1698
473 1229
596 7752
3929 801
7483 908
8054 1892
6858 7235
1519 5697
6082 7768
1498 4820
7250 6564
1632 5574
5328 661
4060 2452
978 354
5886 659
7508 8256
5927 431
4146 920
1534 5941
2080 4394
8205 8598
6388 4963
7520 2079
4073 5481
575 5720
8166 6391
4208 4888
1639 5819
70 71
4560 2078
3691 7816
4111 4955
3271 2763
1727 455
5153 2299
3040 7482
3248 8414
1426 4664
6118 4442
1159 4320
7740 5357
1988 1435
2141 445
3292 1775
4661 6977
8611 8067
4239 7513
7209 473
1565 514
4946 693
3423 5907
6269 5513
2801 3874
511 6206
4373 6429
2691 2201
5194 3131
7351 943
721 5383
2514 6217
8411 6033
1307 7466
5243 6406
60 1328
1477 6012
4782 5644
1060 8353
6558 381
2332 110
1105 3171
8398 7154
5054 7005
4433 6429
5692 617
1569 767
1121 4054
117 3417
1156 76
1345 4967
2296 3203
6023 2558
5739 584
8338 5423
5982 3954
5543 4321
7908 1345
8544 6696
7391 72
7291 888
3715 5637
8266 6
3063 3496
7649 8180
6706 7553
258 3369
3707 6163
1009 7209
7967 1817
4496 4108
8429 5783
1474 4276
4241 3589
5780 6462
7273 5277
7247 1612
5211 7244
6121 5479
1818 1312
3210 1048
4801 5094
3916 7855
984 4533
1132 3236
5822 8566
8241 7839
2563 2634
5859 5415
3416 106
2192 7831
3045 6020
2955 2865
3811 4247
1808 7841
8131 2167
1481 5231
2451 6715
7312 3296
4636 8073
6666 8517
1026 5590
8269 5255
3480 7530
923 8323
2754 1010
7929 8075
6272 5890
2292 4628
2401 2814
6129 7238
2715 8114
3125 1596
8362 908
588 7700
8239 6436
7004 6189
3913 6523
2768 6664
7410 6059
4256 2661
4013 4889
6943 931
7741 5112
4907 7317
7562 1205
8389 6087
7503 5994
2909 4573
7186 8273
5777 8139
4453 6063
3171 1540
7426 2512
5989 1350
2274 5230
5348 6915
1712 7678
3432 305
7700 6400
3123 8595
5872 4562
3933 3445
6672 2696
4340 7475
2502 5215
1060 6890
3023 4163
3639 1951
4566 584
2965 7083
2129 2381
6423 5725
8519 144
2925 3712
2990 8308
2717 6163
8483 5590
7020 4439
4382 7714
4535 2560
4901 6064
2231 298
608 7725
7831 5260
3192 5116
2932 3765
2022 3278
2001 4158
3480 335
2442 7284
4992 6074
6977 5092
6576 1779
3964 7029
2004 2857
1476 2472
3110 4939
3206 7387
2512 5478
2192 1107
7503 7538
8090 653
5261 233
3881 1554
6212 5410
3212 907
306 2970
5757 3554
3375 2096
308 3016
8202 5711
5223 8464
1391 7595
5152 7766
5880 2843
3278 5812
2894 453
4215 8610
1216 5527
1221 1670
3346 1745
3084 8161
1935 2999
1200 5519
5367 2177
6600 4300
583 2847
5275 2359
5381 3280
4331 4742
6072 3134
6186 1987
1937 4213
1517 7037
8133 2699
1753 3638
6561 558
398 1754
7065 4292
8160 3741
1258 3780
7142 7104
566 4721
1161 6099
5244 6550
7873 5633
3910 7169
3522 8521
7462 6449
5884 5540
2200 7309
8055 5502
8504 4574
830 4134
1366 6854
2340 2135
8274 3065
4772 6797
7375 4467
6251 530
3436 2977
8288 1953
4726 2894
4091 2383
1861 1319
3799 1982
2661 4526
6977 7696
7885 3118
4654 3435
127 6205
1419 4771
1240 4540
374 8068
1172 8048
88 1295
8615 3637
6564 4265
7858 7795
1757 5705
690 2531
1938 7443
5245 3472
1487 7278
2805 2827
561 5800
2821 327
3587 7185
545 6206
4335 928
4557 1758
5625 7786
124 7381
5499 5166
5347 4543
8340 7323
1160 3971
298 8436
1249 4723
2796 4067
1524 232
4017 2689
4519 3610
1186 4145
5828 2079
6497 1420
3964 4748
3840 2238
3303 84
8332 5368
6258 6507
6296 2598
201 6904
4150 4157
4179 657
4094 8426
2554 1393
4472 1404
4568 5838
4590 5597
6025 6686
1589 4390
4734 4558
7196 4696
4902 4371
3279 4951
7960 5065
7722 7637
1222 8016
6437 5583
4251 8467
3000 5243
5341 5357
628 43
2033 243
2320 3683
6728 4685
5236 6997
1439 258
7522 4694
3606 2205
2541 649
2674 7594
7123 1427
6510 7616
2403 8528
4549 324
7772 5256
8403 4564
2181 4399
4565 5378
6033 4429
1103 8014
7302 5980
6349 2679
712 5648
6489 8617
3798 3435
346 4773
5781 7712
7386 4523
4939 4693
773 6688
7541 1135
3984 3948
4958 1673
4056 7463
2789 5958
7077 3660
834 4604
5701 4871
4212 6929
4427 438
8109 545
6503 5724
6602 6935
5699 1011
4387 6408
6345 1122
6505 357
4490 3382
8548 3517
1927 4064
2372 7898
2673 7826
4020 6062
6647 8519
350 5551
4513 747
1825 6453
7830 6391
4500 4191
4009 7337
5785 3535
4656 4704
5005 6807
4088 5186
913 8522
1403 8386
1656 7519
4006 6958
4711 4761
6024 1723
4858 2973
8402 2887
485 2985
280 3519
3210 3991
6028 5750
4988 989
1746 5355
1877 1637
7548 2453
6395 2016
8492 1733
3753 1651
7622 7771
8432 7088
7193 7594
2224 6821
3006 8254
5033 2573
2185 1874
6806 5384
4588 3391
5983 7562
7320 1175
6843 6205
2577 2371
827 2173
1878 6534
5314 7403
969 6952
3622 8378
1908 6413
2431 1270
1340 6895
2618 3311
7464 6673
7641 8292
6760 6557
3212 1017
7251 2593
8030 4546
5600 8561
3267 3612
7527 3696
975 1899
5596 7395
2891 7233
4692 3690
1041 681
8571 4082
2117 4843
8442 3214
208 3605
3773 158
3853 6274
1588 7616
1025 4995
27 1692
6869 2770
2855 1924
2602 4484
8312 1010
5235 1242
4242 3238
1487 7951
5754 1807
6130 4309
1298 8429
8201 2576
3308 1384
6094 3797
2909 4496
2833 5669
3898 5764
5061 4216
6824 4582
7839 5085
2228 7023
2837 8299
3165 931
3550 7683
433 2100
4631 2538
2791 5564
3583 3780
293 6900
551 3260
2676 2581
8281 6490
6648 1215
2926 6139
607 1354
8369 3570
7647 2676
7970 8025
6054 1644
6083 130
2944 8115
1342 6354
2732 5226
3422 6198
5962 5209
6471 885
1094 5242
7630 8492
4786 8023
6178 1306
1441 4303
8218 7201
7359 6945
6220 4457
1973 8449
4566 7875
2169 8095
4915 1613
5455 3018
2123 4192
278 2710
5680 4570
5840 2307
7400 8272
6258 4052
6695 7022
883 2820
8224 5006
2424 4305
6949 3677
157 5574
3803 1823
3770 1646
5234 5651
6937 3788
7847 6224
8569 7377
6420 7204
4599 8523
8561 5981
5299 569
6804 7315
3891 4272
2399 8570
2149 7870
2569 6766
4172 2979
2004 6994
1471 2064
3506 2889
1628 7875
6465 423
3977 30
6203 6573
8460 4064
1378 5256
7677 420
6448 3637
2952 2488
8516 4144
6396 966
1129 5683
6810 2003
8267 6823
5199 4889
2250 6353
8411 4064
4156 4812
8619 4767
1055 6148
6136 1271
5863 7269
6259 1607
1786 1644
4652 4612
5430 5431
3840 2253
6498 4289
7167 4347
2807 5079
5510 4148
3660 2551
6465 1833
4660 945
7707 6957
4476 3110
6914 905
143 7880
5400 462
1859 28
8092 1291
6989 3415
397 6686
5710 2344
8579 4792
6041 643
6851 1909
7740 8423
2112 7011
1635 4871
6883 4601
642 6867
3137 537
1558 194
4949 1061
6284 7167
2793 2161
2667 1527
4172 5341
3206 7699
4092 3591
8235 6308
93 7712
5471 584
524 3505
152 1647
4059 6568
2137 7081
2505 5787
4743 2245
1157 4586
4030 8496
1568 6106
1769 3652
5449 5147
1559 3842
4657 8328
3465 2567
5963 938
7275 385
1105 868
6833 5372
1764 7859
2046 2590
6146 4671
7427 5064
4235 6807
995 3332
1915 4241
7063 2572
3482 1056
7859 1725
1148 3547
2669 3922
2194 394
3086 6425
7373 3902
5437 316
1681 519
2828 387
4722 4242
7782 7978
5796 370
3244 1241
2584 148
4318 7986
6259 5500
8380 915
6032 1027
5961 6745
191 6152
6684 4336
5837 7618
1233 76
6141 7965
1791 7170
1342 3402
120 5575
8081 2029
5738 6686
5263 7588
2503 7756
7577 3398
8578 6218
7454 6711
3755 278
6731 5858
6939 2589
8361 218
4140 6212
3763 2061
4647 5491
4876 3099
1594 6080
5751 2316
1439 315
4566 7259
7365 4279
6357 3257
6152 3791
1059 3706
7141 7311
441 6811
5176 2758
1695 5381
141 6290
671 5058
3422 3838
1928 1122
1331 3118
427 3614
36 3500
6254 8161
526 1149
13 1567
5513 6931
7764 2190
3399 4241
4679 5456
1632 198
7991 6784
4704 790
4308 561
2487 8296
3227 3905
8036 2999
484 1273
3221 6076
4931 3169
7961 2596
1839 1844
5094 4624
3093 643
8344 119
472 3141
4785 8484
5931 1297
1143 3016
2022 1672
6128 4736
4827 6616
2664 6774
472 1047
7612 8198
8007 4526
3848 7234
5973 2354
7352 1562
4360 212
7990 7740
1503 7092
3029 5330
8261 6742
4199 3906
928 5319
2048 5350
7831 1452
292 4849
8341 2951
2126 2008
3931 4091
4825 5765
4205 6057
277 4985
3425 7114
7295 6289
7799 1850
6708 2520
3514 8354
5291 8426
8180 495
6987 7341
4831 8441
2486 449
7472 6595
1756 344
7105 5081
7789 7928
7448 5420
812 17
4662 7814
5832 7208
1833 3718
1926 3909
360 1842
5308 3532
7920 985
3420 1643
2924 1210
6395 87
6535 4039
2590 2798
7421 3903
4072 5891
7496 3259
7795 5770
3196 3776
2810 34
789 4971
5734 2714
7239 4505
7351 3514
5608 94
2554 1276
2762 6409
1903 4204
557 154
8475 1220
1866 1104
1040 5492
2174 991
949 5633
5433 507
1761 8406
701 6965
8601 8391
2056 3335
1266 735
2698 8437
6792 675
7411 2639
7235 6843
7061 6727
3840 3302
5130 5959
6924 7661
6315 6348
42 1788
5458 577
6254 6109
7410 3353
6216 1158
7167 8550
5502 3737
6018 2607
5856 3969
7524 3576
4239 890
2446 8229
6449 3961
3214 3082
3006 4136
7269 7672
2425 4090
5516 1928
1902 1955
7559 4105
597 8560
3896 6162
5780 2159
4770 2488
5531 2357
2855 7363
3431 5015
3950 7566
6605 7870
6792 3495
1140 1911
3015 3501
7 5553
229 8406
134 5365
6213 2283
3955 8031
2844 1175
2042 1719
1121 7001
296 4380
6359 5720
7561 5295
2786 8000
8029 1199
8089 7666
7518 2215
2815 6486
5389 1432
8362 4297
3800 1862
8612 1146
5649 726
6196 5325
5413 3896
8349 3661
6277 7650
1851 1346
6479 8013
8448 4808
177 8313
6039 5499
4787 64
5389 398
330 1358
6808 4926
1620 3786
5231 5410
6225 8254
3305 4232
588 7022
3685 6210
673 4356
3787 1239
3238 1963
2837 3605
179 5218
2894 5573
6841 4443
5369 6404
285 689
7362 4788
7665 4560
7952 3570
3620 3354
6154 5812
4017 7191
6863 4811
1240 774
5743 4551
2731 7393
6549 6341
1259 7139
4637 1422
3315 6626
2195 2165
1866 3387
4144 5919
3142 3436
6192 6225
3109 1273
4463 2703
3432 2192
4096 5390
6491 105
3409 4423
5890 5594
2788 1632
7478 4976
6315 3262
1496 2019
7765 7369
1311 8130
833 5876
5513 167
5769 4257
4072 2939
4115 3538
3356 1271
2994 4073
6860 8202
8116 7828
3759 3876
1030 913
6128 3328
3079 3622
190 3151
3863 5919
2216 2466
3048 7692
7852 7674
7833 1245
1338 4183
679 3315
6816 2618
6392 2556
776 2201
951 8618
63 4480
6183 7815
1088 4422
7454 1599
6270 6242
5717 4080
4946 3708
8029 3227
3625 5350
7075 3902
618 8566
6048 5267
5548 8593
810 105
677 2959
7427 5000
7160 4885
6826 5534
2163 6265
3560 4847
1404 3732
3504 4952
8296 6617
720 2282
3649 5535
4420 6644
409 4083
6978 5295
1553 4471
6938 1695
5138 6106
7249 2082
5822 6775
6705 2921
4862 51
664 4494
3852 7476
33 655
1194 6645
5220 375
2228 7390
2007 5176
2408 8260
4949 6742
3977 5377
4118 3138
5123 213
8091 3192
8011 2674
7019 7524
792 7015
4321 1925
8473 1429
3404 5902
4168 6234
5226 4367
761 7786
447 1705
5388 6122
892 6027
3132 1134
7746 5651
1865 6008
2596 336
2661 4895
6336 1845
5262 2721
4656 696
8517 280
7320 1463
1480 6318
6577 7542
844 1647
2618 2202
7850 3614
207 4473
1616 2392
4811 4367
5613 3594
5251 8574
5707 4424
2636 758
868 3172
4168 3214
2291 760
8421 7523
6390 3141
8258 7990
8578 5228
2592 1102
3354 1425
8395 7241
8550 2685
912 3888
5253 2914
2508 3848
7243 8426
3376 8502
4252 5692
4616 7137
1591 5610
4867 8476
4404 84
8420 1528
5097 2522
4410 1821
7868 2449
1770 2054
101 3501
6730 2778
3351 2968
5958 5187
2623 4895
4534 1483
7815 4693
7430 681
7894 1539
3230 813
2658 6020
5655 1860
1609 5640
3627 634
1519 4929
4857 3048
5561 4561
187 1982
1009 4305
401 1453
3047 2166
5072 4289
4409 6160
8425 3174
4789 8138
3870 8097
6110 8159
2951 5612
4590 4222
7269 2897
3609 2808
5613 4091
4281 5867
6726 7344
2204 5274
2 4043
887 3911
7471 6451
907 1116
3020 1137
5105 1554
2811 3215
5970 5496
3 5850
4666 460
8068 5623
8539 7194
1476 2212
3535 5380
2545 6627
654 5258
4329 1979
7857 5295
5838 2465
3995 6240
5034 6346
3693 6841
802 6297
2545 6748
1366 8325
4811 3830
4341 5601
2854 1841
4314 8393
1167 8115
6649 3057
6743 2692
4339 8157
8496 2141
5574 5923
3745 3217
8288 4592
232 1835
2632 5296
2365 6938
3884 7469
5687 6739
5408 3123
5019 6051
79 1778
2343 6627
2019 1053
8130 5588
6834 5560
7508 5770
6310 1884
2559 5878
6050 2482
4990 3256
8532 2306
7787 6124
7606 3043
8573 617
1733 7987
4818 2920
8388 8219
7715 5201
6295 973
5085 6647
3199 1192
5415 4078
1366 3211
2273 3915
2032 820
4863 6719
831 3052
2930 7339
757 4823
6897 7844
5920 1217
3407 5692
6886 7197
3376 8328
6120 5937
6886 6379
665 1972
3598 3947
3947 6087
4100 7083
4705 4682
1276 7495
7571 3220
6113 7331
5595 5419
6001 6861
7466 2874
7906 665
3972 7958
2630 4845
5080 250
8211 2469
5399 7880
8057 1773
6293 1677
997 4939
4541 7031
4589 3581
716 2674
2989 2684
6435 2026
868 7683
131 708
8513 188
5153 4269
7035 8033
6770 4352
2808 249
5170 1469
5 3228
1255 6752
7683 6793
7807 6334
2270 6501
8044 3766
7896 3639
4281 324
4630 5167
8021 6034
5108 3708
3688 3422
374 3970
386 3041
370 8466
2877 2456
1163 5887
2881 4790
814 7396
5580 7086
2118 6982
2025 2590
4487 4714
2641 2593
4514 7328
3263 4562
3383 4664
2163 5449
444 8536
3288 5558
3623 8517
6166 7597
1388 1925
5033 6809
8209 2126
5974 2179
5614 5808
6006 7315
2145 5516
6725 1818
8547 2121
5372 798
2247 316
4587 5712
844 7810
321 1353
3592 465
2499 271
3875 4200
5117 5123
2971 4696
2828 2661
2057 6756
6257 4574
5314 8148
8507 7310
4092 6120
7242 2165
6734 7128
7081 6943
3002 8597
3890 2872
6421 3635
7417 1156
4464 6113
7666 4829
770 4454
4371 4902
212 7839
5740 5637
4835 3316
1883 4482
5071 5249
1105 5383
2895 5882
2000 4249
2447 3248
3453 3931
4774 3686
4873 5126
1869 2453
2438 2610
7570 4609
5144 3899
5641 6920
806 8591
5082 806
7294 2984
960 3810
8167 7753
8392 8100
2244 1697
2548 913
6860 8246
1718 4512
6225 43
4291 2239
5605 6714
8163 5136
6582 317
6969 726
1232 2296
2061 8005
4556 2924
8420 5960
8297 5072
6568 1550
1332 4863
2774 2693
6239 2314
869 1426
1806 3699
636 4076
5279 1454
6390 5600
5395 6769
5292 898
2666 6250
5085 5789
1463 6221
2958 1174
5664 8354
7432 7374
8184 2054
7819 7554
8495 189
5059 2245
3804 6456
4581 900
7858 7603
513 7109
6766 1928
2204 725
6188 3614
2019 7095
2327 4996
6251 930
5002 785
936 3950
7353 1321
7678 5807
6706 1510
3154 7370
5399 7022
13 7587
6856 4423
2618 1883
8211 4765
2092 5745
5029 2729
1615 3312
5359 2082
2796 6211
5678 3525
917 8114
6729 7886
6827 6243
6706 3967
823 7698
161 2883
6986 8222
1174 573
3108 2541
4652 4068
340 81
2020 6865
8436 1419
4707 5172
5082 4820
2640 1096
7173 1753
6834 6259
5779 1190
7479 3782
2413 3534
3213 5344
298 4406
346 5386
4983 5191
6877 4091
2534 4763
8365 4814
629 7660
631 6952
1341 6590
2430 855
6619 4442
292 6439
966 6383
3225 4472
852 7072
642 3290
3562 896
1265 4501
1497 3575
36 1265
1641 5246
7314 1476
610 6721
5383 7390
6047 8602
6152 3663
135 978
1747 5672
5755 8430
3150 807
3236 1490
7236 4387
5840 4717
602 1016
3057 2952
8537 7647
4665 1983
2287 6417
6497 8141
8002 7717
8406 4131
2346 6243
627 6149
4316 6444
6897 383
6341 165
4374 4399
2717 6415
5461 8454
7185 4462
6476 1787
4122 4629
3340 392
6230 5703
3814 1214
7944 1188
5137 5482
1156 383
7876 8409
4230 2297
5559 3633
7501 5987
1732 435
4433 6039
2384 5959
507 4259
6367 7226
3067 1293
8366 3927
5045 1355
3224 459
172 1007
708 987
4739 5449
6294 4617
6662 5538
8116 2476
4649 4243
4337 6866
6083 5373
1766 1308
8176 8125
8485 4679
3491 1863
4437 1741
911 2901
2548 6834
7019 8562
384 351
943 2035
6163 8348
2438 5390
4021 5411
3604 6291
1266 2459
1806 6116
2346 7787
8541 7031
5566 895
5961 3639
6988 2688
381 5156
3495 4025
3712 3794
7350 3306
8227 3350
5154 5007
8066 8091
2030 963
1149 7401
8355 1320
2394 6343
6480 6311
1941 4597
7946 334
1523 2623
2598 5621
1321 3391
3993 5096
1893 2799
8562 3720
1996 39
3327 2468
3196 7152
5300 4401
6795 3555
3814 7201
5325 149
222 3311
5151 4951
4454 4794
512 2067
5164 2446
7018 6902
2270 3028
7166 8463
3558 428
5588 5110
2680 8561
2919 4642
1518 427
2476 1857
8580 5413
6228 6867
4074 6616
8411 8381
3823 2015
6674 6166
3922 5929
195 4359
6654 7914
2387 7642
3337 846
2177 1645
7073 7080
6686 2470
1526 2358
7164 2997
923 604
1573 8068
1205 5686
3944 211
874 8030
1139 7547
3260 7392
4492 3463
4142 6319
1501 3698
7516 7542
840 2003
4423 5026
6202 7911
6682 5101
4796 3810
8065 7720
1825 8410
6623 441
1502 4458
8479 3509
4771 4167
6639 2371
7114 7619
6716 7987
2149 5208
7442 3634
1355 1442
3404 216
3576 1225
6927 3942
736 5305
5485 1416
1510 8146
1202 3829
3189 3674
6866 3474
3806 5070
1688 275
98 3513
7317 4807
5742 7121
8053 3414
4575 7503
6010 3637
4247 7149
1509 4595
4724 5236
8296 1536
1552 4184
3850 5648
5080 8025
6900 294
7562 3419
7543 3140
6975 3851
5614 2482
3144 5607
6523 1512
463 1638
3235 5496
4895 7161
4290 3560
7562 1554
987 5960
8294 951
556 755
6463 1353
5327 6976
2996 905
4351 1971
5154 4015
3285 4391
4436 7936
8524 4530
6808 718
5944 5339
5147 8213
2800 3824
6440 6186
8596 619
1262 7188
4402 4309
5255 6699
6540 122
2176 4118
7551 5084
8590 4224
4918 109
4316 1761
1215 1636
6812 3469
595 6092
6056 2897
5569 335
2566 7161
1943 7936
7726 628
4567 3679
8185 4296
1992 2846
8207 3560
2985 621
1930 7889
5283 4300
1699 5482
2212 634
761 2718
4269 2938
265 5520
6232 2197
2047 5670
8285 7802
1150 729
7287 7239
8006 1971
6466 7504
8105 3899
1472 6378
5099 2614
4706 5837
1430 4920
628 7679
3037 2329
4941 6377
7131 6847
5470 3200
4491 5094
4608 3693
6868 5161
842 1902
4995 8047
4339 14
7076 2077
5377 7065
7307 8362
1719 7022
4074 5048
5275 3755
3387 8319
8351 2103
892 7738
5443 1124
4157 3770
7330 3771
3511 7042
1580 6045
993 327
7759 6779
6546 8506
428 2800
7038 5999
845 5303
2661 4512
4316 3655
1935 2193
5735 8183
444 5373
2016 2532
2482 8189
1007 3537
6217 2975
35 4158
1260 3717
6253 2632
7979 258
3741 1101
2562 2412
4157 2736
5896 301
1535 7978
7717 379
1808 5104
2209 2001
5366 1240
1911 2078
2089 4299
2627 7129
2892 6380
2018 1157
6312 2286
3120 2043
7011 7922
8609 2064
1386 1331
1458 3651
6599 7833
7351 5482
1457 2379
4698 6456
7807 4715
6874 2332
4447 6056
1475 8290
4338 407
6026 7540
8101 624
8333 8329
6239 6372
6138 318
3384 8373
4447 700
4185 5655
8096 401
408 26
3620 1187
4394 544
768 1766
7332 7589
7352 68
4638 6539
5307 6634
7504 2862
900 4810
7629 8226
5972 2069
1064 488
5319 228
630 2182
3534 5405
1679 5716
2195 2334
7760 4858
7323 427
5831 2739
7680 2162
5620 8154
2308 2625
8189 4254
109 911
6191 4708
5593 4264
6909 3941
8378 8290
1496 2188
1740 2814
604 8437
308 5177
3606 1386
5178 7176
80 294
4666 4520
345 5180
2096 8461
6396 4480
4462 260
3304 3909
8395 3167
277 5719
2353 2115
3953 3537
5192 2765
1546 854
245 1980
2483 3393
3054 8349
5655 1974
233 4077
7416 1247
492 5994
5055 7082
2515 7253
4397 4638
592 6346
1199 2365
8440 5367
6745 7579
4152 1508
8141 5973
2666 3342
6792 228
5095 1354
8198 5726
3303 5131
2837 6378
1976 7739
4288 2722
8481 1584
6127 1945
7169 6981
6388 8402
6073 891
5560 1309
1054 526
1453 1440
7475 3008
7310 3843
209 5022
3614 8527
6277 4491
408 6134
4551 449
260 5741
4625 923
3289 5963
446 5379
668 2045
5666 1304
8073 7922
2675 4757
2568 430
2079 1959
3538 3405
2053 4710
5074 2597
8456 6384
1982 3194
7359 2809
5538 8595
3599 3277
8358 4765
6611 6299
3151 4578
7987 1331
3651 2420
5555 4482
8029 2496
2478 6929
5298 5351
213 660
4929 2973
825 1187
6038 2357
5921 5744
1867 5994
53 3825
1154 5792
4074 1183
6725 4226
6725 25
116 8082
6160 5208
7440 7
4040 5736
6299 856
6992 1537
7755 4485
3052 7029
5471 4582
3237 1827
976 7075
5418 7873
7616 5723
7222 6321
544 8091
1745 2863
8026 7809
3250 4425
7677 2700
2780 46
6073 112
993 6382
299 2258
8162 3388
7393 1894
1231 2763
3963 547
360 7637
7901 4781
5079 5266
7418 7256
6040 5654
118 6010
5367 4393
8260 5249
4110 1324
1490 3229
7493 88
1913 1642
4734 2881
2087 6373
8054 3050
3802 7516
4956 6606
3380 1636
523 8516
4730 2358
6706 5757
1283 3545
3580 1401
1290 323
8436 4256
1571 3194
3004 5671
6667 5536
2317 540
1794 499
3831 1922
4426 4054
6771 5593
3897 7874
4475 5636
3539 3736
89 7887
3320 925
7745 4523
3075 4504
7694 6921
7053 6632
5208 3164
1808 1952
1866 3879
8490 597
7600 8427
7400 4875
370 2285
8018 1541
5218 324
3416 1922
5422 1551
311 6256
147 7316
4245 4369
4312 7348
895 5260
5284 5229
6545 15
1656 5358
8521 4168
3578 644
5434 7159
6182 7547
4900 7225
6573 4665
5811 1898
5122 4305
5302 5404
4899 4233
1312 7655
3094 4099
2013 5982
7839 3474
4331 221
6895 7991
5481 5527
3161 8182
8576 1902
262 7023
347 4098
1292 893
6589 1239
1105 4679
1451 1640
8374 7056
3749 889
6147 1537
6226 2355
7472 539
5505 1804
3977 2473
5646 1780
8438 6748
3921 6779
387 7324
2890 4053
6338 6208
3038 2719
2719 1956
769 7591
6171 8431
5175 4494
7670 2631
440 3888
431 8269
8042 3671
418 4809
8193 8270
4575 3977
2192 3378
6639 5274
3339 3771
5300 217
7611 1125
7401 83
7490 3050
6889 8539
6662 5113
1476 3817
5001 7882
3580 2261
2165 363
5468 6301
3135 5819
4212 2245
5503 3555
3835 7856
8386 6463
6271 7564
911 7135
1489 6846
3899 6336
1712 1936
2142 7182
4664 6139
1102 2421
3132 2902
6924 437
864 1317
4945 1170
989 4695
6328 6004
4681 77
4794 6370
8089 3099
4696 5569
2297 5191
7385 2717
6416 5070
2593 1577
6684 3838
639 7736
1821 14
6432 584
3997 6736
1538 3072
7818 1000
25 3083
5768 6431
930 974
6860 6400
3183 7125
5681 6957
1309 2956
6833 5479
2220 554
5518 6148
5036 1944
4821 8206
2159 4745
8606 827
3570 1276
8408 5272
5289 6325
1422 1971
393 2095
1721 3287
1095 1347
993 5766
2656 2518
2828 5513
7633 3182
202 1480
2672 4219
5731 5101
3449 7523
6257 6837
6031 6036
1796 6211
535 4780
8212 6915
4184 8157
6178 4743
7580 5921
4337 2737
8459 376
5116 7026
2315 4187
5792 3108
7050 363
2428 3835
2689 6091
8474 1559
2557 273
4664 220
1950 4705
935 526
1193 821
1263 1294
7240 1399
2950 7034
3215 4336
4639 7747
4995 441
1848 5596
977 6535
1786 2503
3990 7072
1715 1805
5575 1955
2634 7444
6646 5211
2720 48
4386 7422
769 6478
4169 254
7436 1580
1794 4434
8535 4935
2396 3307
6145 7854
3017 5640
1322 7364
630 8534
653 3822
597 3927
5265 5297
8367 2614
7307 2634
7104 7644
4198 7492
5158 1909
5606 1510
1873 4326
3129 983
1827 6839
2258 7291
2690 3538
1323 4798
2854 3380
7408 5668
1019 2357
1750 1115
466 8560
1811 4737
849 5292
8514 6703
2325 528
7513 3331
8497 7931
185 7234
995 2084
8023 8011
8202 3849
848 381
2489 4019
1968 2590
8605 8403
5900 1862
1214 3592
5470 184
1849 6439
4215 4654
1303 2479
1103 6326
7564 8493
714 6285
993 3485
5351 6090
5129 3008
2925 1179
7756 2018
8363 4682
7799 439
3193 1115
7237 7502
8395 1372
3835 3736
4101 6336
7160 6989
7149 6571
960 6812
8114 1066
1223 1035
6741 2575
1398 5991
432 7595
1987 3124
6193 8341
2858 5568
158 6016
7766 8088
4516 1976
2152 158
812 3507
4363 8564
3515 4791
7821 2776
6666 3690
4116 3210
1369 5532
4443 7217
4281 1971
1881 6646
5224 1137
573 3117
7331 818
8207 5821
7303 8569
1956 2740
6057 7675
250 4800
4260 3955
6383 6613
8444 28
6618 2989
2265 2677
2504 4945
1416 3900
7472 3803
985 4616
1967 6403
8335 1963
997 6841
8444 7504
3731 6620
1867 7340
700 6739
7202 3511
32 8266
1233 7956
5458 6282
3540 2595
3574 7841
3118 4592
5888 1665
5776 966
5917 2137
1742 1868
1730 1713
6607 6906
1575 8228
3180 7513
2570 5783
7869 3987
718 7789
1910 2475
7998 5794
8067 1235
2683 412
6468 1435
315 1104
4494 3515
6889 3414
4423 3046
4277 7681
1402 8313
782 6353
7146 2437
3828 1560
7178 1194
1895 6610
5777 655
6131 1153
836 5771
3955 6741
598 6128
2119 2827
670 3789
2540 4281
5768 4218
5019 6611
3303 1042
6001 2736
3580 7995
6517 7231
7914 8065
6631 8501
1361 4582
7025 5422
2355 3225
6990 6633
4937 4182
356 7655
822 6933
2351 7886
4204 6519
670 7064
4056 1400
8378 2133
2543 7827
4835 5339
1163 4193
5807 776
6255 2858
4837 7105
5874 7367
4817 5177
4505 7800
6573 4601
1662 1783
1846 1375
6531 174
6586 2850
603 7131
5362 3930
5358 4454
5320 5919
3563 2527
1546 295
7960 438
6805 7997
4539 335
7880 6336
5529 6672
5853 905
6001 7421
1357 8394
4824 2160
1446 2693
2268 1835
6332 5454
5611 5694
8285 1258
1645 809
4590 2609
5596 5507
945 7487
1992 1792
4638 2276
5259 4838
4546 2687
5709 1139
2966 4886
6211 4238
7713 2385
3251 3823
7603 1695
6183 1143
3005 3538
7332 2629
4763 7532
711 2193
4412 2579
1296 3112
7925 7344
6064 4871
7789 7190
2790 8201
7577 366
618 4109
6946 6915
5443 2393
1549 417
4603 2416
6207 2267
5876 3830
2971 116
2768 4254
5302 8173
3881 3306
7892 1703
5056 829
7242 8202
1227 1197
7806 8015
5920 3792
2239 5078
8331 7348
1556 1372
8021 1709
4242 4638
1616 7021
3287 510
3154 8467
7949 6909
5526 5679
8239 3221
4046 2898
5744 425
8044 730
8176 4858
2262 3052
3483 691
6478 6247
3448 4605
2856 529
4339 383
5519 6844
6047 5014
3810 7172
6564 2500
2030 8300
5208 4444
5294 3464
1209 4135
8387 3176
2487 3291
7714 4359
121 4847
3202 5488
7713 4171
2670 7613
7498 2785
944 4591
7873 3894
6434 1114
363 7992
2882 7469
8044 4944
5922 5369
1504 1666
6358 1240
3563 6783
3191 761
4402 2371
1054 1874
5399 3005
913 7762
7176 1808
39 4525
5051 2258
6134 421
3577 4624
1570 7510
6883 3397
1905 818
1502 6063
7119 5596
5197 6109
4462 1984
5766 3822
6256 3686
5399 6509
7362 7983
3386 8183
4537 4787
5584 8477
6405 776
396 1887
110 5694
7542 3376
6642 3348
2022 5661
1589 3564
6346 7901
207 5519
4656 6293
4100 8290
6430 6848
6194 8032
1915 1519
6067 7439
5936 6690
3804 1768
2260 5839
8190 1173
1137 3295
3100 2554
2821 7340
3060 5636
3937 1479
5057 5711
1371 200
3464 4413
814 4978
2096 2856
581 7665
7713 3621
7849 2987
1563 7725
5611 7172
6671 4183
6420 1154
3002 4769
4648 4092
1227 2528
1552 8246
977 7786
6467 7507
4256 4736
6560 87
4134 838
276 6921
8473 5187
8091 5085
2062 5315
2738 5598
659 6393
6485 1670
961 4516
4180 4862
737 4771
5957 4897
7951 7707
7612 4040
4501 487
1911 5267
2296 419
2579 7123
6399 6706
3584 6184
4471 1254
1821 3280
2497 5778
3887 7619
2048 24
761 819
5805 3200
909 7335
6950 6176
100 4722
5661 4912
4268 4988
4891 6162
8457 173
4587 6919
4018 1026
728 8576
4985 4750
2034 5616
438 4838
3112 3169
2094 153
5348 2708
778 5845
7827 5230
5548 258
1955 3643
3254 1424
8580 3703
749 7709
5706 322
7132 1857
485 5421
5179 3545
2697 5384
534 6774
5678 1657
6471 5494
8222 4116
1717 1842
3508 4027
7448 6644
5729 1366
1200 3043
2129 1557
3274 2813
5858 2419
6568 4501
4677 2903
2099 8444
4055 4546
2474 922
2367 567
7645 7050
2022 1286
3656 3753
3664 7549
995 4866
1466 2273
6775 7086
6126 2705
5223 982
8497 1035
4978 5352
7578 765
6657 651
3876 7590
292 141
5961 4065
587 3472
3393 7621
3706 4634
7611 3507
7204 5600
1294 72
4377 1577
7295 534
7902 4329
4631 1349
4544 6534
3820 612
5351 1638
4886 7991
3316 32
8038 4082
3980 4627
4644 8579
7553 7716
748 7725
426 7674
3712 2597
7378 3928
3381 4712
8462 4265
291 5005
731 5277
7947 4085
5896 6699
1292 7034
7876 7588
7226 8260
7157 4454
6294 6479
793 7094
3737 1085
6407 4141
1570 5968
6071 6178
1854 1297
1659 6454
2023 7899
230 7102
7269 2830
180 3309
1914 4465
3710 578
676 5876
5065 5616
3451 6999
4124 1386
987 5997
2884 472
1769 2771
318 5121
6375 1048
3004 537
4731 1017
230 578
4294 7166
3851 2624
1244 1085
5812 3042
5452 4685
1321 810
407 884
1394 8199
6291 4208
945 1462
3186 4607
5705 1869
6774 8499
38 6127
3449 6414
4118 6280
2769 5608
7559 5921
4465 6243
5239 5866
5743 1198
529 4499
1059 3267
6005 8523
329 8117
7115 5651
3431 5434
4076 2203
6624 8531
789 7055
1286 1445
8032 6225
3133 263
4627 8089
4538 2907
6086 3119
2887 207
4550 931
1680 2688
6025 4802
276 4332
888 3627
5946 7138
509 4799
2618 5573
5746 6326
2162 3078
8480 507
3156 6151
7509 6463
3476 1662
6963 4977
6407 6974
7496 1276
2494 2504
6690 4559
1443 3741
825 2416
6652 5206
5324 4768
2146 2208
4833 6894
1560 8463
688 1135
2813 392
8449 7815
2067 50
269 858
3377 7789
1605 5617
8525 5595
6505 5573
7990 2053
2871 6934
2802 913
1207 2575
6434 2889
3084 747
7459 2804
4322 5200
2083 7763
8167 6008
1183 5749
5126 5668
7626 702
2541 4147
8186 773
8402 3552
85 525
7356 23
4907 1810
4464 5441
4717 666
3786 1554
2523 3689
5985 1578
1180 3128
2910 8272
7884 2515
2939 4314
141 1221
245 7694
4433 2011
2826 1404
7418 1961
3012 8175
7258 1191
3156 4433
1153 2594
7192 6987
210 1930
8250 5911
7276 5934
7575 6496
13 4311
6014 6988
4177 2206
2685 583
8158 4107
1014 4650
1267 629
2291 5796
7573 4585
2420 19
3509 1932
4713 3354
4135 5363
4291 6105
8122 599
426 2386
4247 3066
6425 3970
2956 5139
3262 2213
1866 3001
3254 5964
3954 4655
6803 4007
6085 1512
4306 2599
3160 7534
2000 8370
6707 5238
6822 7403
5281 1488
561 8293
7078 7100
8405 2765
6679 5139
4767 4879
7986 2781
5171 4474
2756 5845
767 2921
4806 562
217 239
6502 1692
4788 5352
2381 2440
6718 6420
4008 1750
7394 3027
7356 4721
2888 5102
2248 8448
1093 1226
7948 5535
7834 37
6015 4169
8040 3552
3088 5392
8109 1962
3695 1640
2593 6618
4104 118
772 5493
357 5214
3896 2569
6060 3804
1380 7298
6483 3641
6025 2763
3984 3850
7091 7927
8363 5117
2721 1555
7201 7304
856 8466
1453 4026
4509 1227
7217 603
1730 362
3130 676
7438 7927
2715 6621
8135 7855
714 4626
464 6895
694 7091
8214 7330
6550 8138
639 8589
2179 2790
3615 6504
1402 7070
8513 4364
4265 8306
1909 8564
2766 7690
6971 439
1833 5307
2432 1694
2313 2497
8037 5832
2853 8103
5644 869
5603 1097
482 3313
8580 1048
4798 525
7409 6384
6550 3950
1025 1956
6002 8282
1399 3631
4692 1940
2135 1942
8236 7775
1873 6897
113 4062
8602 5883
7590 6846
3823 2430
1507 3578
7320 6204
613 1086
8598 3145
5527 8524
6747 8493
3326 5946
5502 8467
5844 768
692 5472
2957 4544
1816 8362
5346 5860
5043 1887
3902 6937
5001 5862
706 5757
7449 4870
7526 8500
2321 5730
50 1925
5118 4397
2117 3456
252 6489
1305 7513
1807 261
1652 4588
1960 6690
2956 2979
2825 4216
8038 7601
2431 5494
6755 638
2692 1593
5954 3743
4185 1317
4281 7441
525 3214
466 8232
8231 1886
6412 8233
8241 4294
7578 3950
4629 1213
6207 2876
2409 7024
6605 936
2936 5723
477 1601
8496 7903
127 256
8466 4762
3751 1590
676 6133
7656 4664
1868 6003
1987 6634
7677 4723
6598 1054
612 1129
2970 917
1975 6516
1434 4849
5214 5528
6396 2236
8128 3319
1013 2577
6372 5033
377 6042
6552 7889
3820 1474
1146 891
7591 347
742 3696
4486 6667
1574 7461
3470 6959
4862 7183
7064 1998
768 4099
302 162
4871 8400
5234 1578
7195 239
5252 6062
6666 4059
8441 8222
3088 4534
7575 874
4087 6261
5270 5823
5013 5901
2162 6476
5543 2454
1043 5098
3302 5402
6237 5989
3720 1714
8403 3621
906 4046
2489 8039
4471 3339
1798 951
2312 3387
7823 6200
1025 735
1365 5499
8091 2753
7342 3160
2046 235
4437 5862
7834 7005
1311 3169
437 4133
4135 6399
5661 2917
3307 1558
8116 423
518 6394
4439 8244
8123 813
5571 7346
1348 6326
1668 7499
484 7978
6902 5345
2538 3154
4081 5008
3526 6183
2227 3706
5824 5661
3990 2611
3422 3093
4108 6050
7843 3280
290 2635
2356 7728
7956 7358
8482 6650
4626 4929
4058 7626
5412 3623
5546 5838
2050 2474
5244 2763
3155 3099
1093 5295
4848 1716
7288 2095
6522 7288
460 171
6146 5954
5394 6090
31 6144
5562 7889
591 2051
6580 5428
6772 3383
7943 6614
2809 3522
1400 1402
7729 3127
4614 5053
8239 3643
6964 6707
4605 3018
4328 8402
2672 3638
1581 4308
7087 398
115 4394
171 2525
3394 3744
6869 7759
2827 7834
2588 5337
7899 397
3814 7484
135 3181
1014 4089
6301 5208
1881 1688
6614 7654
6259 3750
8318 4932
2548 6325
1571 3862
1832 6118
616 1949
3356 8484
4063 4145
1396 6490
5416 213
4619 5302
727 4153
7556 2515
5326 1451
4467 7648
6208 6040
6206 5442
48 6982
5939 7047
1114 7716
6372 1947
2502 6744
6322 140
5771 4467
1513 3749
4392 4441
7485 8354
6117 381
8140 8285
3410 5808
7804 6121
5834 5691
2638 4016
7973 8064
1629 5250
2446 813
6234 1316
4179 6440
3671 8185
3229 6820
3315 2659
7991 7825
6640 3172
5062 6235
7947 7230
8581 5826
2316 7240
7288 619
642 7037
2684 4374
6125 7573
6662 5297
8083 2287
6646 334
4815 7418
2504 6658
7681 3933
4496 4632
3992 6856
1352 5857
6946 4009
8083 3455
3175 1349
3909 3825
6505 745
2921 1698
6004 2974
2817 7239
4037 4239
2275 6956
2089 4285
7877 1256
3539 1747
4944 6606
7122 1094
241 6706
1753 5275
6354 3208
2615 4516
326 2091
3409 7006
6363 7872
4491 4301
1127 7738
4165 2559
2145 1076
6967 7986
4395 1560
6958 4490
2009 2878
3984 1208
3268 8171
3397 3855
1680 1390
5699 2580
318 3260
1995 8083
2934 7773
193 1013
5550 3396
4220 2323
677 3314
2038 3471
8576 4101
2793 600
1356 7049
4792 7918
4771 2611
6273 758
7625 2078
7346 448
8063 1257
8594 7309
1636 7039
3668 7889
5140 3124
156 959
8449 1148
3588 6324
5131 4472
6891 7344
7662 3020
1266 7361
3871 3909
3475 1694
3275 5046
5093 7334
2762 1263
420 7606
5067 7870
7265 5949
3645 829
7404 2846
7263 655
3177 1892
2055 8204
7055 8061
7251 6953
2411 632
5609 6325
4787 1521
4329 643
2656 3883
1215 7409
1141 7194
8321 4130
3125 2375
7797 7099
5829 851
1527 8169
7764 6656
8521 8621
3997 2277
7135 4684
3136 5624
1296 2005
1514 7597
2622 4356
4473 4606
108 1547
3800 5789
5575 5751
948 3924
934 3989
583 7209
2168 8508
5707 3611
5743 1807
3294 1608
2771 3553
668 5977
6148 3024
3090 7965
7054 8199
1838 6768
5609 7627
5129 3984
597 4232
3828 5864
5485 3619
8128 422
2962 990
2371 1754
7252 2185
4731 1881
8117 1172
3647 46
1370 6784
900 8555
8498 8219
4517 1134
8093 6184
4165 2372
6634 2257
4610 7189
6816 8155
7695 7077
4912 3060
4475 90
644 2563
8545 6200
3570 3367
2480 1229
6948 7678
4967 7318
7291 1372
3039 1866
910 7041
2128 5392
5562 7649
3370 690
5214 4162
6716 4258
5988 5771
753 412
1263 3372
5092 6387
407 3158
1409 4594
1102 5117
85 74
4304 6987
7595 7209
6513 1054
5993 530
3224 878
7747 1601
3088 953
116 484
6269 6147
1198 3606
3959 6292
4937 4661
3477 7945
7164 3966
8265 3001
7432 4949
2988 614
1339 2454
1836 3260
4490 4322
2269 5707
4967 2446
3 31
6773 1987
5801 1891
8366 7863
3130 4760
1807 8278
4706 6993
6977 8583
6327 1533
1841 6061
7190 181
200 3820
71 5921
7139 4336
2796 282
4645 422
4182 3172
5231 290
3739 4817
599 563
565 7331
8197 3839
4725 5262
4885 2282
3200 5182
6741 1378
3835 1263
1352 248
5264 4493
5376 3502
7516 5841
7342 2278
3981 6915
1920 2691
3461 6162
6097 4238
3428 3770
2031 721
3245 4817
6793 3941
7532 308
6227 4698
2877 7804
4790 6717
308 104
1995 5615
7501 1897
2364 5189
4119 3479
987 3775
2886 2790
4570 6569
6894 5807
242 6287
3831 5412
8368 8285
6233 4075
2993 2623
5208 4318
1194 1257
2487 5380
3891 2955
676 7158
6325 1045
7302 5228
5793 1938
6739 8269
1805 98
7778 2713
8552 6537
4704 4640
5182 7419
4843 7724
5913 993
3258 4624
3237 2323
7779 2534
1029 6643
74 6716
3367 3564
6789 3781
3721 6048
4528 7568
4745 921
6596 4140
382 3570
3604 8617
5841 8179
8081 1825
7127 6930
3923 7350
3704 2324
7718 7105
7761 3540
5911 6144
8397 718
8075 6854
5621 2110
43 24
8490 8530
6011 6496
1654 4759
6943 4490
6745 2519
6944 5883
1770 3887
4739 8259
7940 4306
4949 1838
5868 1613
7306 7403
40 1833
335 4639
7199 3261
3336 5028
5865 2483
8411 1834
4622 517
1344 5189
2548 6382
4127 5678
156 4236
3200 7210
5851 8304
3604 3395
4463 6243
6118 3171
6218 140
1124 4785
5840 4883
5936 6806
6411 1437
508 4930
7918 1096
6391 4353
6703 7365
6278 4183
1085 4160
7376 4869
3895 322
5966 7974
9 7326
2641 7875
1397 8074
142 3654
3848 8548
3283 4117
1808 8059
946 4351
1920 881
3064 5470
5992 5115
4034 1770
3384 2442
1885 3812
216 2556
7113 7734
6662 5354
3427 7629
4055 2768
3780 577
7688 1936
7201 7739
4999 3741
7793 417
709 7161
8278 1657
4681 5795
7237 3353
3644 285
344 2983
4554 7676
7723 8430
5388 7313
7936 5276
2812 7073
6339 7572
2927 3613
2340 8017
4685 5392
5619 4213
1501 5232
7729 4165
1681 1901
8343 1126
4928 7715
5416 70
4609 2256
999 4203
5140 1892
1480 8448
3988 7507
7376 2441
2522 6839
8575 6966
4702 3881
4736 5451
3258 6907
7588 1839
602 753
2274 1260
5243 5632
7347 3847
2156 4422
7090 8392
6001 6250
6266 775
2061 1152
4636 3648
6395 1185
4478 5011
4797 4239
124 2525
5308 2765
4778 1782
5635 2894
4984 8037
4650 6700
25 4734
7480 1114
2808 1022
7637 4710
4411 5371
1529 217
7566 1797
8348 1540
8124 4010
6031 4412
633 7663
5445 6274
5333 5804
2990 5506
4339 3145
521 6146
1354 714
3100 3651
3592 2164
6639 5207
7708 5421
3489 1662
2788 3012
7721 1684
5936 216
7634 7808
449 6098
5195 7802
3044 4816
2514 3833
1926 1182
6984 1246
8238 7693
6163 5749
1712 8514
7741 3854
8076 2383
7610 661
1044 5382
2706 512
3905 1819
5927 1456
1906 422
6059 3827
3027 7737
2934 7509
1236 1122
6717 7439
800 3938
4757 5482
1691 1931
2329 1693
2155 2560
4844 1694
4401 5554
3083 1108
5486 4315
5916 3899
1272 2886
3689 7977
102 1048
7680 4675
3129 6822
2533 5256
1461 2529
1612 4913
4298 4530
6495 3202
8523 7286
3719 6809
4032 624
630 3540
3783 3532
7011 1254
8452 5541
4011 5116
5709 694
2152 6439
8530 3919
7443 7448
6615 5576
1708 1480
4938 7842
2118 4761
1672 7155
5493 7835
7171 51
3189 8054
4897 4054
7138 7687
6429 6473
2537 5095
6384 6996
8077 4445
4541 2140
2306 7148
5570 2578
3698 468
3304 7482
6796 6940
1404 4078
6281 7285
7258 6742
5682 2230
6100 3975
4331 6504
4458 7740
53 6780
772 6467
390 3921
5612 3110
6651 8400
1928 4879
1377 804
5869 6149
1239 870
2961 3450
5187 5792
4757 3764
8116 966
458 8118
4992 5058
5305 7504
2331 8615
5689 3414
3011 1177
1724 740
6677 293
5632 1833
4463 7050
7665 3551
8382 8561
7771 271
3703 6544
7712 2845
1179 1061
3628 479
3101 3177
7476 4968
4246 4958
4349 3622
3554 944
7124 2796
3753 4271
2883 1907
1095 3174
5463 4023
6715 6425
8260 5171
7222 7653
1627 6189
4820 7300
3932 6609
5600 7906
6459 3466
3520 7604
4707 4656
4241 1473
7809 6174
5426 4077
8022 7221
2421 5646
894 538
1818 5841
1572 2173
2593 1444
805 725
5460 7229
6933 6624
7182 7365
5211 7693
1990 6483
3800 2531
1728 2807
635 664
5282 928
6532 3957
7908 5900
3515 2254
7900 2747
4885 1642
4489 3628
4704 7488
8561 7862
7570 6255
6144 4491
3812 676
580 8433
5583 7578
791 6401
6975 3601
5961 6706
4558 5340
3933 1316
4561 5345
4386 8202
8348 2213
6935 4818
593 3834
3282 3951
2313 1874
3293 4783
8091 5216
5721 3095
7016 6096
8110 476
4276 4701
4967 4289
5731 1009
2864 6484
6652 342
7213 4021
1270 3537
740 302
3037 898
4932 5392
2695 5335
3715 3213
1474 8147
4397 3018
8051 7493
3834 2612
7985 723
7610 1334
1046 2452
3425 872
379 2632
5582 5100
3787 5654
5404 75
4215 6360
431 6205
8373 1478
1329 5140
1065 5067
1693 169
2888 7204
6777 1868
4002 1004
6653 1280
3877 6607
6476 7245
528 6151
221 2702
4785 7398
5647 4653
3245 365
862 4455
1899 4717
4376 6412
2180 5639
5876 3466
8278 5539
3023 6853
4126 1053
1469 8287
6780 3347
1888 5238
6974 6367
245 736
7392 2679
1015 7299
220 5109
1216 6794
4240 4457
2760 6106
4998 5533
6500 7615
1817 6876
8173 3365
2875 7978
6001 3703
445 1376
3370 3527
6071 3947
2507 8225
4278 2066
4489 300
7975 2747
1942 3730
5159 6955
7394 4687
7034 8316
3183 1691
2055 7700
4825 7954
5799 1515
3011 1850
3271 4958
1698 2178
5583 2156
6849 6442
4378 5693
3623 687
952 8252
7418 6333
4553 8434
5420 1869
6249 5363
6213 3491
7651 125
1140 4287
7611 7142
7389 4814
8464 4843
2351 4436
6809 2024
8237 4157
5952 4618
1621 4065
2247 7762
3484 1925
3398 2676
2329 890
8566 8533
1050 4478
315 2339
6013 7459
5462 7585
2639 823
1346 8448
1010 8499
1820 5564
3542 5663
1021 6113
1210 4588
2421 6198
5910 8125
7519 736
7386 2836
7649 1489
4471 8085
437 7001
3486 816
2343 5497
1682 7966
2926 5552
27 2178
3278 5482
1792 7545
338 7934
5162 2876
1351 6819
8202 7946
7204 7383
2926 3458
1152 688
6374 3398
2815 5613
8198 4979
6288 3331
1116 4148
3807 1931
1299 4535
25 4562
2537 8493
7523 50
7091 2379
1132 867
5624 1486
3491 5724
1897 7988
1864 1395
6229 549
7550 2785
5886 8023
2880 4523
3206 5676
1160 4204
3488 4113
611 2942
5719 4584
8174 5766
4741 701
3123 8307
7891 7400
3158 451
9 3813
1251 2750
4373 7135
1677 414
761 6040
1440 178
4695 4153
4676 3911
7639 2345
6761 127
3815 8012
6339 663
1862 2796
2266 5360
6749 6425
552 4590
5531 5822
2800 4247
1215 8583
1189 717
261 3071
2625 4889
5584 4409
4577 5487
2421 4601
1903 703
6848 4862
7670 3213
757 6163
7887 3736
6047 6799
5852 6523
2082 1873
3193 6285
2472 4539
3057 3243
2070 3741
1309 6208
6369 4167
77 2738
4844 6073
7731 5680
3240 5700
7014 6039
1995 7889
489 6102
2383 1289
3749 6745
6870 1601
4127 5119
7033 841
4282 563
4917 256
7026 5002
2642 1176
5360 1765
7625 5267
5457 7067
1625 8184
2439 4496
2191 2179
7373 8200
4220 5175
5370 2345
8623 2275
7346 1543
4296 4123
2782 489
6718 5357
3523 3382
1036 2433
4821 1204
1042 1918
5415 7312
7781 3312
6235 2621
4767 8030
7723 3307
6671 7352
1413 7459
5136 6850
6979 3792
637 2808
1753 1148
6825 6543
4213 7629
4259 3544
5133 136
5993 5195
3768 6424
4387 8159
1618 8507
773 2036
3149 5140
200 188
6953 2729
7120 2906
8250 5574
2157 4062
7293 582
3007 4269
6050 1420
2548 951
1008 4498
1684 6767
5316 4579
5159 4595
2411 5820
3584 493
3325 7143
7415 171
7000 1124
1143 2858
2959 8025
7780 40
2377 695
8245 7687
1361 2973
213 3109
7200 2619
2759 6624
3714 2121
2241 2497
7069 1870
7099 5196
7076 7656
3661 16
3156 4230
6404 5802
5467 1957
4649 1998
8454 8103
5787 8499
3639 3007
2842 6635
1569 1178
7974 6419
5797 5888
4106 3412
6229 2135
2589 7623
2543 862
7423 5269
6564 5508
1452 7130
113 4059
3944 4932
4852 6541
4662 1950
5286 6998
7 7689
6306 2890
279 5933
2823 4420
3633 1485
1881 6610
346 1907
4322 6433
8343 1051
7828 3574
6707 6095
8162 8294
2699 8410
1895 4680
3361 2904
2755 1108
1547 5165
3875 910
1658 4215
6307 3091
7072 7095
5820 8113
5928 7646
4746 2536
8020 6790
3123 3382
6079 3614
243 1004
1024 815
4337 7212
130 2790
7463 722
538 3258
1899 4398
2541 1421
3021 72
6247 4780
1407 674
5206 3581
7542 5566
8036 6626
183 1754
5319 1243
7270 448
518 4713
4976 8488
4888 6389
7420 7791
3072 5608
7255 7229
8452 539
3280 1881
7302 4537
2315 6568
7255 1981
3898 2159
1883 2481
7301 6298
1253 6515
1952 100
6207 4041
8163 3819
1008 8404
6575 3161
262 3861
650 7124
5263 156
2771 7494
1742 677
5097 4819
5071 3369
6627 8168
5569 2599
5913 194
314 6616
2531 2759
6447 64
2250 4466
3153 8175
1080 2628
897 7876
4547 8216
1050 2870
2225 4823
2152 3786
6334 3691
8457 2939
6201 8531
6382 4176
6731 883
3555 1136
6734 134
1381 2862
8036 8278
2788 3889
5109 5071
5442 3002
2348 7000
2169 3322
5653 5171
2260 6887
3941 3279
4023 7253
277 8144
7324 7705
5331 6288
6685 3517
5343 5359
1545 5077
8403 464
8010 1738
2882 2598
5390 5821
352 5177
8012 1518
3294 2542
4757 2158
6450 1785
3905 1878
660 311
4750 950
5589 1456
5231 1748
1786 3274
2820 1804
915 3984
514 5626
944 5210
8017 3969
8051 2799
8319 5997
956 1248
1377 6903
2438 3092
2474 2520
5130 4446
5302 766
7785 2535
152 8512
6179 5994
2499 69
8185 3903
1566 4331
1521 7032
3632 4240
5516 991
5163 7777
8511 1858
1060 4873
2063 1875
4332 6802
7759 8117
6577 563
8593 5310
3216 7681
3708 1202
4150 4287
6292 2794
2522 1113
8480 6601
1956 8020
4394 3371
5992 2209
7167 5882
8545 6437
2414 8346
7994 2133
4581 6846
5080 3820
4940 7947
7836 4176
2741 5442
1380 5056
3207 519
8492 7190
498 652
5097 2188
1423 6860
1808 2241
5971 6364
7885 6670
5784 1519
4471 1618
4334 4767
8243 5331
8272 1831
5524 5271
4866 4776
907 419
3491 4492
729 5782
4509 2260
7286 1507
7337 6922
6879 4795
2813 6728
4153 1578
4909 6516
638 8229
5328 7143
4007 3446
7933 3425
6164 2985
6073 1369
7225 8034
6536 1810
6596 2578
4834 865
1004 365
5076 7043
681 6771
6142 5791
1509 766
2749 8032
5993 5439
3216 8178
6110 6778
2043 7991
6258 8073
28 8313
3588 2307
7488 3317
8210 6685
2826 7848
4101 4784
5013 3617
5600 381
8406 7499
3401 2831
228 615
1733 7169
8496 4948
511 2660
5975 7613
4446 5842
974 5050
7885 4013
6823 1937
6584 5627
379 7321
6082 7860
7754 6418
5973 225
7996 1750
7785 6899
8343 4194
593 7142
8378 1936
6036 4078
3066 4665
5782 2212
2258 3445
4925 834
3462 4638
7863 5893
535 7847
3826 7278
7030 213
4834 4624
8497 1520
2712 6540
5633 3028
5060 1180
1795 8531
6900 5701
1024 8388
3061 3432
7708 6140
638 216
2799 4149
7059 1035
6974 2654
3462 8142
3777 6985
3782 2899
6449 4489
6025 6413
5615 8464
3211 3083
447 5990
6488 2616
2923 1633
3162 1878
2760 5547
1542 743
6428 7934
5734 6062
3234 2168
6241 2860
5945 6016
8225 2996
4828 1301
2221 2236
1907 6210
5467 470
102 3861
6206 5010
2456 4210
5184 7207
5433 1532
7043 3376
1344 4942
3682 1863
2897 4037
4133 7168
4089 6307
4576 275
5257 673
5718 1785
8383 2777
1708 4293
657 1652
2291 8549
3604 2330
11 7893
5085 1320
5342 1619
7893 1314
431 7203
656 3615
4281 2205
3770 2218
7830 7152
793 1405
6625 8474
3761 7538
7943 5982
6825 3580
5112 4698
186 6739
4720 1693
3668 8478
8117 6283
3497 1197
2710 1312
7921 5819
5096 1162
762 900
3996 6479
2 5053
8065 7934
5787 1201
8066 6587
2796 4654
6079 3066
2221 5177
2224 4428
5889 2151
3896 5201
4596 5841
4756 1400
3906 3179
3102 3879
96 6041
686 3362
1465 2346
695 3596
5886 806
1460 5614
5992 1727
7038 4990
6653 4627
6864 7025
2139 7070
6839 6214
8377 4772
4270 3698
4051 6549
1651 2593
5047 357
7664 4341
7610 7488
7651 3096
7282 2704
6759 3417
1578 4680
6266 6931
6711 3117
6707 8596
3163 3498
2447 4082
3878 5695
5468 4443
2060 6790
7464 2307
722 2601
6845 5978
2330 7819
1724 6733
5683 2688
7510 7499
1006 6682
246 578
1402 266
7055 7629
6368 4713
5444 3574
184 7284
6683 3556
3831 5596
3586 3321
1029 3552
2013 4742
791 4434
7810 8555
1542 6288
1165 2137
2997 4094
6107 1006
3023 4497
4047 390
6340 7889
2458 5213
4990 199
17 4380
1927 6516
6199 2931
1333 6006
5371 3045
3239 3748
3285 6604
158 5029
6030 7067
1516 7561
6340 547
3797 484
5178 4986
3250 7899
6335 5838
872 5954
8425 8548
4406 3194
4759 2558
5084 103
940 4368
5821 4799
1361 1917
5273 3947
3249 7418
4725 6293
7521 3604
6929 5678
3900 5658
5120 2658
6797 5495
1735 1754
3727 482
1065 7409
6402 3919
1722 5427
4630 1747
8222 389
5278 2197
7010 7939
1798 3207
3066 921
8098 4231
811 5691
1752 58
7494 1757
4694 5007
7789 7532
3527 2420
2165 1580
7977 3567
6060 1014
3551 8146
622 894
1726 6313
5325 3948
1347 1069
2988 6693
154 6158
2119 4029
3402 6976
1107 599
423 576
8308 3680
711 2669
4332 4752
6176 8032
7403 4742
5691 4836
5837 2150
2535 6236
2065 8236
8326 5131
3493 3953
4874 4025
4633 4865
2057 4625
1018 89
489 3946
7478 6498
4880 2527
7514 1954
361 6878
1302 3231
4547 2583
4540 1412
5493 4447
7932 3635
2154 2693
4803 1233
4348 7742
24 1981
3408 6632
5963 7752
396 4778
819 7850
93 2754
7730 6547
6768 686
1303 2944
6406 6228
3978 6115
6478 1112
2116 5447
7377 8085
6826 5996
3395 3027
4904 4065
3559 3623
4495 3079
2079 1071
842 1458
2258 319
3866 7981
5950 3100
3152 761
3145 6006
6085 6937
7312 2893
3650 8622
8101 5268
8419 5843
7913 3756
5157 3585
5274 2938
3789 8407
2063 6846
1111 8385
227 2703
677 5649
5085 7617
7413 1376
4424 5885
7230 8048
5778 899
6238 2577
7239 4606
4278 583
1015 8273
2512 148
7572 6472
4296 3377
4103 5197
7874 6285
6785 4143
26 4231
4666 7754
8195 4650
4585 2433
2475 5864
7129 2906
5979 8365
3789 2233
8021 5931
1548 7167
4430 3727
8298 89
3807 6488
7330 5784
6110 2405
8050 8325
667 2170
2212 5117
1694 3205
505 1125
5472 7221
5628 3304
5526 7457
3447 1836
8588 3655
6790 299
3854 7300
2225 2733
3999 1302
2693 5053
3649 8588
108 5976
7366 5949
563 4341
895 4814
5084 7876
5363 646
1104 4399
6474 1086
7718 1412
7972 6927
2587 52
4467 5958
6797 315
7719 65
5731 2735
8423 8031
5710 1858
6557 5443
2968 4066
5166 8561
2143 1179
2060 1410
8031 7628
5075 7884
3486 8314
3880 1071
907 4127
3060 4944
629 7502
8215 2874
6327 7438
7822 8578
859 5749
3426 7401
8225 3858
1146 6974
962 6399
3312 4118
1784 91
4712 3937
3289 6874
8110 2336
5825 3026
2645 6772
1590 7136
5971 865
2473 7483
1965 4569
3241 4359
1121 686
4047 6903
3775 8430
2809 7819
6613 6869
2748 3379
1878 1015
3581 3316
8522 7999
6238 1222
3070 1565
5778 5142
5694 2290
6521 4957
4269 1394
5189 7487
337 5542
4247 3298
6356 6058
4691 565
7915 5227
4334 5926
7882 849
1973 7789
639 2847
5176 2714
4121 1617
1932 554
8191 7202
2816 3755
8486 6598
5248 5973
3388 3163
470 6192
5244 8483
7148 4129
4198 7583
7773 3134
4288 7513
8600 5572
5657 4047
6792 3154
3063 4692
3977 6015
5861 4227
4975 8335
6955 7238
8087 8555
6804 3393
6418 1408
5860 4527
2503 504
1862 8092
324 3872
852 56
157 2712
8231 319
3805 4898
3232 8234
916 7130
4574 3911
2690 1306
4395 4205
6490 7296
6054 5682
4249 3333
7523 1400
2519 6002
5846 3932
7916 3317
3356 1480
849 3060
5320 1378
4096 6659
2620 3317
3430 6798
7843 745
3792 7416
4098 6439
8403 6939
7493 4274
2191 3032
8142 3902
6605 6966
2943 1849
2239 979
8405 3723
3391 1716
7341 6253
6699 4800
6601 27
7884 7929
8436 40
3923 1725
1161 1066
7694 6785
1100 6977
8340 4947
717 5226
7988 2509
7377 4570
2485 5707
8192 1750
5920 4136
6997 3302
5486 1171
5768 8468
5791 7405
3972 1186
2403 8004
4089 5706
6119 8402
226 1094
5788 7107
1817 710
4857 1579
2640 6604
8132 4220
1332 4344
337 7462
5705 6291
1046 2260
1581 2833
5009 5275
7433 957
2459 69
2027 2361
5182 7418
645 2330
3033 3273
3349 5236
943 5407
3687 5231
3841 4651
4842 6451
2022 2367
6731 4714
4802 2299
385 6957
8282 4931
1621 1161
2637 317
1226 2325
4684 967
1005 6527
1681 7335
5184 3010
707 188
435 2469
3911 7352
3142 2640
4532 1283
6913 3270
440 1766
7191 6927
6664 5949
3809 2093
7057 5126
3127 5671
5824 724
7114 7582
6302 1288
5242 1271
3992 5597
4355 6174
2655 1367
4146 816
2055 7266
5052 100
5284 3604
2801 374
5080 1101
5439 3892
3226 4458
3200 5223
5808 7667
6486 183
5713 4397
1189 6189
6043 7426
185 5057
3782 4797
6187 8602
1660 6713
5196 4551
2890 6387
1510 4968
2898 2535
1678 4552
4707 4774
999 8135
1577 5897
868 253
8282 4260
1433 1459
120 2016
8492 2498
5138 1698
4590 8511
7551 5852
5309 762
7136 1180
1021 5571
2130 5184
7763 7694
3403 8426
1676 1301
8166 2449
3537 8426
3748 6623
3698 7031
205 3938
857 7799
1628 8356
1168 6614
5287 343
4328 7319
522 5227
2411 6715
5317 4386
4458 8597
5666 4311
4702 7008
7556 4223
4593 7775
1637 8297
4985 4852
6229 2438
5021 79
7192 3946
1803 4802
1839 4459
7938 1292
1406 3116
2075 2457
6414 4820
2087 481
4129 2019
1784 2429
7919 5106
6318 4479
4525 5631
5896 5015
4910 3752
7916 607
1006 7504
1680 4937
8056 4559
6480 2033
3336 2504
6271 3845
3690 5476
181 5260
5573 8418
1137 6351
1796 3055
5144 6026
8382 8371
6844 1384
1171 1690
2437 8191
4214 8492
3684 3042
3224 5538
1104 4080
4300 278
5455 4467
5076 8083
1334 1280
1695 7675
2872 4039
228 6782
5491 5329
4753 6117
3980 7399
263 589
483 2578
1952 4483
4357 4087
7251 472
2490 860
1368 7172
5523 6974
8104 388
6787 5441
619 143
5517 4456
6697 4501
1490 867
7813 1380
5090 8260
6346 7132
2411 5118
1573 3790
8059 5233
3315 3804
8504 5583
8132 1510
6603 2479
7455 8586
1815 1458
7312 2158
644 2364
8606 4934
1471 2816
3635 8481
6056 6403
6036 1735
1677 6304
2888 5470
1661 1112
5174 5648
6602 3809
3498 1952
5493 934
5399 2733
5334 123
958 2308
639 2528
7093 3524
2915 2018
2022 7133
826 4340
4244 7555
6286 2906
8441 120
2589 5416
1093 6037
630 385
3399 7850
3934 546
1590 8240
8135 7634
986 4864
7309 7326
6194 3438
5450 8390
3936 6742
624 7400
1174 1882
2086 7131
1468 8250
8111 7425
7820 5263
1743 3759
2161 1303
2914 8451
2288 1115
4593 5736
2401 3207
2395 4853
4253 2369
5321 4159
8598 1285
5851 5593
1661 320
7125 7222
7374 3762
2666 5962
804 8512
8280 1060
4489 6150
3462 685
5931 5966
5824 5840
4754 971
1710 1609
5799 5029
269 4906
7179 3415
450 1985
2659 482
1311 3482
5632 4973
3693 3856
1750 6269
5361 2938
6266 3044
4401 681
7876 2939
8420 1605
5615 4511
1876 7805
3937 7636
7333 7386
8565 5672
3563 4914
5975 4265
2133 493
5419 8019
3731 6484
1862 7089
4612 4018
3321 8535
2891 7261
7274 4941
4616 4891
244 2351
6991 6575
4823 3420
382 7425
1385 4656
3702 6133
7281 2621
6688 7476
4458 3672
8172 3997
3690 5786
2389 7666
3547 8181
7239 3792
5393 1671
6118 4327
4418 1506
1107 6001
8069 48
2268 4114
931 1345
3558 4031
569 4110
2909 1141
658 7602
8590 201
6721 2526
1566 809
7493 5486
1140 4084
5365 2898
7674 2794
2500 4770
3002 3934
2856 4405
7162 6820
6307 6040
3528 1011
121 7784
2019 1693
5563 4347
4763 1517
4778 2320
6455 2942
5335 696
7019 769
3796 3687
2551 1675
4816 4911
2211 6185
690 7796
1072 250
4091 6843
4566 7890
4739 5603
3491 4340
1166 7617
106 6405
7599 1586
2198 3334
7929 8402
8547 867
3078 7325
2667 4078
4105 2698
2644 6575
5922 3889
1678 8179
3609 804
186 6290
2129 238
3658 2652
8127 8508
744 8274
5990 7406
5985 875
1936 5441
5661 4198
425 3310
1735 6848
2552 4663
7394 1719
828 8389
1449 600
2194 2703
6034 8617
5011 7472
5074 7003
662 634
1739 6216
1231 7961
7138 6573
6800 3316
243 1175
4353 5930
3466 3663
6112 175
2793 645
4216 4649
7528 3237
1944 5803
2336 4341
8499 2879
8515 2860
1428 5923
788 3082
1641 2998
8205 1651
6511 6983
2294 5283
7927 5578
504 4491
2682 669
6737 7703
4373 1455
150 7117
7048 1445
6363 588
7609 1189
5219 5569
4325 5292
3662 4719
715 2580
3304 4745
2091 2308
7662 3186
4078 2153
2385 4741
5163 7559
4365 3149
2539 2175
340 4625
7012 337
721 4731
1180 5016
2131 8207
7358 5111
519 5270
2888 5217
5902 6851
6748 1395
311 5506
2018 2853
421 5903
4476 6750
7809 8201
6121 4451
2559 5392
5866 1946
3689 5616
7097 4208
2584 497
1806 3613
844 2973
5125 1682
6439 4962
2899 737
7482 3497
7258 4018
429 7834
8343 5223
119 209
3212 2402
1354 5145
7945 3901
7511 5366
1912 2669
4488 2680
869 2629
1051 6541
2479 4473
5323 512
1923 6241
1890 8279
1898 7874
7080 5264
5827 1442
4593 4315
6092 2127
6329 7732
6394 6895
577 4298
3651 3243
2691 3201
6796 1425
3651 1028
3071 7623
7090 5844
3351 5691
619 737
7642 2156
3435 8085
6797 603
7664 8590
7683 467
7954 930
3806 1841
4310 7467
5654 8209
7035 6029
7835 6607
2866 1862
1119 7597
5921 3305
4458 1888
8238 2567
7670 1063
1699 7125
6706 3760
833 36
3106 2904
3056 3312
1022 3355
511 5354
3979 8427
481 6643
1898 5914
5203 4085
1128 5444
9 161
6134 2379
4853 7355
1271 2719
1711 2237
3774 680
1418 3412
1036 5747
5248 4622
8331 1172
4948 8531
3683 7624
765 8401
5827 771
3302 3960
5962 6594
1306 8496
2345 7370
8298 2163
6431 5352
4110 4133
4654 2836
1009 1793
2239 1467
4064 5185
7629 5976
3562 7684
6026 2270
4267 4009
6920 268
8200 3698
562 2686
8340 7650
2537 1016
1707 266
631 1739
4738 561
3446 3981
3508 8508
2675 3057
701 1919
3540 2569
7017 995
6141 1590
3580 2116
3770 2213
7046 7065
4443 4184
8269 7194
7911 2790
1592 7351
5857 7550
5728 4696
392 2638
2558 6686
2267 5985
3392 4108
3316 5318
5198 1434
2283 1728
920 1481
5107 6685
2672 6155
7913 2957
1447 4381
4776 2155
4497 1508
7506 1815
5401 3375
4179 1347
1357 7053
4879 6942
5770 2949
4304 2281
1164 13
3830 2398
6839 2934
1140 5254
3222 1724
94 7912
7750 4777
1642 3923
3557 2239
7185 4739
5175 5893
4316 5903
7939 6635
6158 2657
1213 4456
6797 8013
5949 2025
481 2026
4825 2518
6031 5999
6411 8206
7156 6145
6867 2070
1753 7295
3711 2009
5736 2146
1996 8450
5458 7571
754 4292
3679 256
5449 8505
6001 7261
3282 4757
1305 1133
286 6109
697 4926
8600 988
6908 2488
2692 4662
6583 7801
6686 5270
2431 3315
5130 5611
7774 7712
3385 3313
4509 2002
6707 6268
7204 7303
1144 5214
8241 4330
6990 1601
665 4950
6284 2378
2349 364
2961 3372
4131 514
1002 6972
8553 8510
1600 3400
7264 3008
8569 4024
231 5782
1628 4401
3758 2605
580 4246
8121 3339
5509 1190
2562 2929
5306 3985
4425 8437
5173 6839
2277 7146
1232 2307
7902 1844
1451 2610
3949 2442
3368 181
613 464
6595 8524
7722 1132
7939 5038
2889 3337
4354 7981
7874 5286
4784 1149
8071 1895
7126 6591
927 2852
3769 7183
8134 4580
1577 2439
4651 1909
1010 3789
6502 2159
8504 2312
887 191
3526 4917
8328 8502
427 2650
8122 5401
6119 6972
3581 8007
5640 4759
5325 3701
2768 6672
5067 5126
4155 6064
4884 8388
4108 7938
970 81
6986 1575
3352 5151
5690 1318
5013 6997
1384 6716
6089 2757
4685 1920
805 2057
6022 5103
5403 2550
4427 7933
416 905
414 2064
6152 1096
1300 1891
6033 3656
8541 2449
7823 6599
3604 7307
774 2720
3619 4582
3703 7205
5878 2671
6063 3885
7496 6362
6952 1014
8531 3545
7418 2241
2493 3726
8157 6781
6116 1681
3936 4410
258 975
5385 2630
1469 141
5369 8055
7406 3291
7473 2298
5348 762
3560 4244
2169 4918
4111 5286
3572 4483
3229 1111
2117 3681
4420 3008
3492 7119
3443 289
4788 1899
3308 101
8536 6238
6303 702
2693 4672
4306 6033
1145 7052
4366 3832
8609 2057
848 2372
8124 3934
641 352
4916 7618
3686 582
3826 296
6720 3097
7434 491
1200 7634
295 3098
6411 5496
1820 3592
5430 147
5409 7672
711 7591
8573 656
1976 806
1184 348
296 3858
1920 7852
4767 4125
7850 2661
214 4462
6853 2966
1805 6064
8508 8259
7145 7275
4385 6689
3521 6880
5410 2955
4059 3257
846 3628
8349 4415
7165 6880
7931 1458
5897 535
475 7593
7106 5253
7109 6948
6285 4323
908 3688
323 6970
2668 2130
2105 1724
6413 4737
4742 2388
5858 5158
4382 6017
5610 5581
1344 7409
831 8581
6951 6254
4970 1205
3608 2580
5920 1727
8084 5177
1484 2171
6981 131
3925 1469
284 4103
6877 3686
8465 8023
8286 7755
4375 8350
8199 4605
1882 5600
2904 4305
5560 7692
5992 1953
4624 6021
5687 7504
859 4684
3741 1015
7867 116
871 3526
8448 4528
5800 2951
748 4853
3790 5566
7850 8514
4879 3803
3359 2081
3364 6397
6485 21
4219 6911
3716 6785
3454 2355
6106 6791
7651 5537
1302 6314
4542 1121
4493 2168
6779 2080
6949 4743
3676 5292
6561 2123
1435 3581
1476 1367
7009 1495
4932 3154
8550 3505
3016 3152
3506 801
4220 8546
42 7040
3764 1096
3688 320
2220 1942
2803 6198
3114 6585
3623 6462
3069 692
3817 7496
806 5342
8504 3924
6440 6276
201 6696
2201 4265
178 7880
8317 5616
7288 7689
1703 726
545 8576
7259 572
4194 8506
5040 7251
3023 2508
4298 2147
3696 278
1690 1322
7321 3005
3601 125
5186 2178
1371 6645
2680 4626
2415 7620
7879 1202
7851 8539
5031 3243
7859 7905
3645 6705
6102 8485
4162 8163
5060 682
4624 1283
7736 5704
4011 4732
296 5202
3486 4618
8314 1022
1034 2687
6298 8289
7788 683
3426 4981
3634 8128
7301 299
29 1596
2434 8370
4805 4714
1795 8154
143 8262
1287 4449
1808 5878
550 6142
5137 205
4318 3320
3633 7647
3709 3175
6177 7073
1096 3807
6269 5578
6093 2878
415 3594
3019 900
616 4752
1703 176
1135 7074
3070 6500
5377 7518
4193 5782
2579 749
7857 4263
6126 4115
7894 7299
5316 6232
7821 5774
3199 2830
5487 8036
2273 1581
7873 5146
27 5417
1237 3944
8529 5716
4844 7526
3600 7725
2368 3023
6547 3182
6435 4698
2417 8577
3176 752
2988 3899
3428 1202
4242 897
7431 6504
2080 3680
2460 5887
2456 2210
8379 4738
496 5356
1934 3976
6903 2076
419 6829
258 990
3570 1564
6885 2372
4249 4067
7394 4464
4732 2989
401 6637
4713 495
5282 6839
6493 4019
7699 6268
3311 751
7564 8029
8180 1882
6490 3721
1488 4949
6615 4884
2773 1112
8027 4269
3175 6259
4718 7147
5532 1473
5079 8321
3706 233
7341 1497
5073 4571
1649 558
4281 7560
6738 1692
3131 7357
6932 511
2384 1192
68 7258
5553 3932
3977 1406
4498 2835
7488 5573
8013 3997
8030 5627
3175 1950
5258 4509
2600 4459
6700 353
2494 6921
2232 4935
1279 3620
7655 5457
5227 8313
3661 4031
2852 3633
5992 3686
6564 879
1180 6243
774 1125
100 6779
7569 4306
8295 6167
5349 5162
7493 5250
5968 5665
5111 6044
3755 781
271 6782
249 4808
1866 3659
336 1249
4279 5598
1801 1463
73 5750
2491 3832
6610 3977
645 728
8457 1075
2488 336
5514 3256
724 2943
7802 8462
7162 1457
8014 7335
4983 358
3446 5637
7556 6191
8341 1802
2301 5290
870 1196
1661 6650
1496 426
3614 791
8 3123
5535 53
4268 763
5623 7750
1199 5020
2296 7282
4684 3795
2432 2218
1950 229
38 8142
4898 5481
4977 5774
1704 6360
6224 7566
5859 500
7846 116
6402 3408
2083 8113
648 7741
7861 424
1694 2639
2877 2955
5768 2223
3092 813
3183 702
6520 3255
8068 5948
2414 2857
2354 8404
6050 1276
8000 4208
5956 5778
7489 5453
1142 5522
8163 6077
6914 8147
1680 6100
1003 7578
5177 3983
3747 986
6737 7696
101 832
6064 2500
1212 1272
8467 8410
4279 6216
7508 4806
4850 555
8444 2047
4509 262
3478 7399
4096 2079
3285 3557
8533 3287
7822 5676
7536 3592
2255 7657
6286 1236
1036 4880
351 4777
5160 8072
5695 4215
770 8107
7248 7740
4077 6122
8258 5684
3884 2317
5384 7965
4069 3494
8575 6263
2226 2876
4800 37
7258 2951
2537 28
1272 1565
6048 3929
6438 4609
7095 6865
6606 4193
4620 3489
6643 7229
8450 3760
1971 4168
660 3145
1095 4268
5384 7268
3865 7528
380 5491
2107 6688
7607 6868
2063 1663
4967 7101
8076 1196
6552 3970
7959 796
438 7768
8339 1017
794 6649
6955 2108
5131 5933
7035 7995
4867 7809
639 4496
7660 7000
1397 7292
7180 3165
1415 5131
8332 6117
6095 3357
3348 3464
3596 533
547 4799
2670 3256
1340 234
2807 3490
5506 3837
5036 4891
2314 6748
4348 6439
8520 5656
5632 162
769 2754
3303 28
3955 6895
6044 6522
5754 2259
5649 516
5380 1523
7489 836
7746 3387
411 8563
4862 2701
3790 1435
3251 5587
7817 8407
1826 2476
538 8496
3888 960
3740 2782
5242 5093
6298 1433
1387 5031
1306 1134
7629 8063
2515 4620
7125 2787
2952 1625
1622 4753
2281 3406
4404 4115
3652 3019
2475 4440
2854 6
3697 3435
2874 5088
3311 1450
5692 4898
2008 6896
8529 483
2885 295
4464 7256
2822 5608
3207 8159
84 1334
262 6295
838 2964
4374 802
8291 7377
18 2178
3455 8345
5119 2124
6703 7214
5741 4093
5660 7137
1034 516
6149 4561
8542 6851
5012 6054
4728 4309
2037 2133
446 6129
2908 6792
910 4543
1144 2266
5445 4337
3564 1175
5471 2525
5930 7240
1347 4372
7534 7505
5207 5983
703 1597
7166 5766
470 83
7993 6743
1463 6654
4775 4784
485 7009
5356 2026
2095 5884
4741 2921
1623 412
5914 4010
696 8360
2807 5531
7834 8268
2610 6680
6966 2042
1314 4208
3831 4282
3311 4512
1024 1894
6201 1192
7050 1137
1177 2109
5535 55
7038 1019
8414 4948
2660 7332
6655 7899
650 3531
3516 83
4276 7944
1729 7173
6777 1365
77 7052
2293 5710
5343 2571
3158 1
5256 7527
2006 5616
1923 5847
7403 5146
562 277
4433 7490
1928 4915
2710 3904
6514 5169
1228 4689
1362 7658
5419 2687
7549 4338
2621 119
4878 1057
7040 3414
517 103
5310 4622
8591 3631
4382 4532
5025 3177
1690 6561
5176 4807
3148 171
3793 875
6370 8170
3610 6352
3646 6046
4374 2843
6319 7158
2504 779
1612 7782
817 2852
6462 7880
6667 5131
6545 1233
1252 7210
7551 2145
7332 1549
5357 775
4190 6819
303 3799
3893 6532
980 1274
6041 1821
2188 6787
2692 6549
4089 2162
7855 2943
3617 5358
4180 7915
4440 406
5121 1033
5306 4233
6004 7015
5585 2830
7295 6110
3604 521
3172 8246
264 1080
3295 6367
184 3797
4023 653
535 2334
1448 4250
8449 7859
7537 4596
3533 7407
675 3805
7082 2740
3618 3987
3838 6242
6955 4325
8106 1491
5186 8611
5512 2365
3543 7721
5031 5704
8014 5285
2398 4664
335 4006
1778 5710
5542 1197
1057 177
7958 401
6674 3416
5858 2076
988 1245
3436 3178
3458 722
3757 5448
611 1150
459 1776
1708 5893
6733 3070
7094 309
4809 2985
3241 320
4120 1191
6874 5675
3500 22
7283 6368
1412 7184
7642 2514
5775 3488
8617 3618
5907 1392
7097 3882
4645 6152
6377 560
315 4777
5801 2844
5605 946
7427 3235
5221 6204
3609 4250
8257 7597
6022 1271
5156 5257
4042 4519
5706 6074
6078 1287
7817 1067
3018 7350
5370 1466
449 4605
5789 6782
7086 2245
1845 7429
6789 7162
3513 6245
7806 90
1308 6406
7810 2195
5000 2771
6961 5404
4103 4246
773 2083
119 3279
5022 5684
4368 6917
254 700
3643 7644
6356 5415
4493 3650
3689 5545
6922 1396
7864 2818
7735 4882
1288 6585
7459 7199
2475 5623
2338 370
8223 657
2192 5685
8169 1323
3282 5544
3431 7064
8179 7380
5660 1783
4863 4886
2388 7438
8105 1954
3445 6595
517 2520
4445 4080
2817 2596
1922 4898
3975 4316
5048 8436
129 3283
2706 6148
4504 3613
2236 3489
3691 1295
5117 2793
3157 3805
6533 1425
3893 197
295 1481
1654 2208
3063 4291
1349 8513
1689 8581
5760 3545
8576 2720
1301 1531
6862 1721
2321 163
8172 1095
4920 2787
1522 7128
6637 2771
7843 2088
962 7434
6605 1772
5798 6173

