4178 3782
492 3729
9 2678
1410 2871
3570 2824
92 906
3698 3647
941 2392
3278 3061
1738 2407
2314 245
3466 1311
4075 601
1702 800
2728 3002
119 1911
1908 905
3646 3084
2099 356
279 1491
3974 3932
1318 3812
1588 289
274 4036
966 1783
1485 3431
3429 2677
1657 505
1178 1294
484 2454
1894 2138
587 1872
51 729
3564 4033
2557 2976
2677 1092
3672 2812
2484 548
2274 3182
3847 2435
639 3496
1445 3480
1273 664
4132 60
2600 350
4013 1012
3604 1747
1815 2524
1294 2035
3743 2054
3960 362
2492 3297
1224 1153
289 2479
3159 2528
2113 1400
1042 1899
3423 917
871 3100
1173 2239
60 935
908 2722
1284 1432
1538 2660
549 3952
1264 142
2707 2138
1941 2376
1247 1779
1508 1671
3069 4068
67 422
1092 2430
2436 2318
69 2826
2298 2613
1583 2259
1269 2737
1707 3457
1955 1493
1581 1166
2422 550
2551 2421
3395 3829
3845 1585
2454 3800
454 309
3593 1449
1446 2289
3796 991
495 1887
3104 9
3373 3926
897 3624
3511 2993
1105 2490
999 782
2973 2909
2919 1806
1897 3967
1263 303
290 1374
923 1812
3369 3583
4033 1348
2198 3815
7 2105
4107 2200
475 3342
1058 279
608 1162
2119 1981
999 1950
1404 1590
734 3373
28 1490
1686 1425
1601 3187
3764 1717
4060 2533
2081 148
1456 3623
2329 1711
3401 2568
500 811
3606 4169
3804 3596
3609 3271
3472 642
1366 288
3695 2377
626 3696
3056 355
1919 4027
3481 53
3888 3595
30 1270
4157 107
1163 1649
838 2792
3127 2859
4178 3922
2033 1425
3525 16
2753 2123
2604 2409
1501 1415
3855 2631
3295 1131
2495 3405
2922 1788
396 3355
1307 1406
1038 3725
3166 199
3146 3631
2292 2524
1142 1073
688 494
996 3499
159 1
1121 641
377 2667
3269 1343
3322 2023
639 574
767 1397
2352 2165
3132 965
1677 3833
2948 3130
650 1815
3395 1604
2128 242
2939 1324
1614 1827
414 1395
1101 3902
1293 51
2918 892
3384 2348
3493 1617
1723 278
3595 847
869 928
1817 2802
1532 3078
3469 213
1940 3281
1557 1185
1793 3082
1169 2846
2001 1570
3487 1170
1140 753
3360 571
493 4060
1553 1825
1146 3536
2649 3597
531 4172
3635 1184
3172 1423
3420 3331
2162 2692
295 1680
231 267
1850 3100
3587 2425
3968 310
3478 3421
2237 2197
2200 360
1144 3877
1920 2786
2380 2133
957 2064
2805 3737
881 205
2814 1162
4090 1849
1210 4087
3243 3145
1685 3297
1037 3750
3311 2642
340 3938
3469 2670
3338 1167
501 2055
2130 3949
259 343
3456 4048
971 134
63 368
3827 1102
425 1278
2978 1800
60 2348
3978 2552
2433 1591
3741 3808
4080 2945
116 379
3668 2771
1323 149
3629 1617
1029 2066
61 2923
317 405
3063 2288
3703 4046
2451 2255
1331 9
454 2625
1136 2659
2024 381
2906 2835
1902 355
4143 1465
438 1454
4004 1041
1604 2684
3444 2101
2310 2172
1790 3448
675 1546
4139 3157
1278 1058
889 4135
3887 3201
1511 2083
2794 3798
2997 3632
2471 1716
587 1289
2913 1683
423 3661
2643 776
2062 3354
1305 3146
3087 636
240 3051
2976 4103
3438 76
3922 534
3971 921
880 644
3891 2798
1493 987
1508 1641
1088 264
1202 286
2586 1818
2193 3550
914 902
3091 3531
3205 2879
2134 1020
712 3656
1747 2151
2445 3276
4084 3198
512 104
3635 1645
2624 209
1372 1865
3575 2683
2776 1426
1499 3892
1705 2828
2325 2393
2004 3390
438 2635
943 2362
2292 1987
4117 2099
24 4078
3114 1421
2850 4084
4019 2430
131 1580
3244 3602
2069 666
2944 192
165 1164
3951 1249
2794 1416
2025 3040
2888 3329
3614 3958
2610 432
895 1912
2195 1007
361 2536
1099 1333
3125 2338
3005 2947
139 882
195 1686
2680 267
2561 4102
894 3530
140 3327
4064 2293
1709 3184
1631 1544
482 2947
111 2891
3177 2012
1648 730
2599 952
372 717
2034 3017
3243 645
3305 2426
1075 3577
400 1044
872 1677
2364 2254
824 1600
1141 2210
319 561
4168 28
1707 1804
2307 2357
3549 1331
1703 1196
1178 1460
1282 1697
516 2652
3130 1118
3110 4029
3580 909
3882 3871
101 4130
3977 1628
3542 1965
2898 2654
4131 639
2526 4014
2778 2737
3719 2537
958 1986
3297 184
1863 4015
2793 3540
512 2165
3630 473
808 4113
3647 2777
1381 3517
3737 3345
1889 3807
3847 736
2236 2719
2727 1645
2832 2830
2219 1992
2807 3474
2833 2300
1236 3364
4117 3077
614 2972
439 4023
485 1775
2192 1486
1521 1281
2795 3356
2837 958
2861 3567
1768 2470
2952 716
2882 63
3840 95
3072 1535
3113 1536
341 3307
3992 2035
2022 107
131 1547
2300 237
2673 3717
2962 2422
3338 1281
2066 1876
3814 3425
3060 2585
4024 791
2559 2074
4083 468
2927 3898
3961 1674
400 216
2890 1356
3177 1449
166 2264
2929 2101
825 1820
3082 3283
2309 2164
1445 1830
910 1635
3526 3259
2710 1690
2292 2834
3499 947
1673 1019
2189 3150
3024 1328
2802 2447
2984 2158
2089 3557
3933 2865
453 3381
2558 2315
676 686
3448 1246
940 732
2312 1127
2377 1107
2719 3437
374 1632
1252 589
4173 338
518 2171
1301 3483
371 1743
2065 203
2788 2633
2905 3218
534 2444
434 1274
4095 1587
2179 45
3128 603
3749 2892
3613 3304
3500 4038
1218 1090
2509 365
3912 3308
1058 1891
860 2550
3828 3085
1821 3082
2940 3297
1526 2819
1980 1040
1257 1728
210 598
2139 1176
3111 3444
4148 2766
2455 924
3852 1721
2288 3636
1271 808
3761 1719
2170 1923
2418 1796
1720 1494
2261 2715
2993 535
44 1999
3573 3245
2066 3708
138 880
2849 3788
3778 87
96 2869
1419 2405
3793 3742
700 1406
3739 2310
1566 2195
2181 247
78 1768
3411 1053
2251 4104
2091 1522
1361 3483
3310 4039
3659 3778
3908 547
1994 1589
3154 2559
2518 2269
1652 2383
3921 3146
2318 603
3365 3682
3151 1507
3416 3913
1755 1163
2263 3705
3240 2784
567 2166
3511 2344
552 51
3319 2668
3135 3750
1251 354
3820 2541
2755 905
2419 16
4152 3688
866 3252
2727 3058
514 3853
2642 3737
707 1013
4062 762
1807 3955
2633 1553
2261 3222
1758 2113
3769 1183
3533 1172
1682 3960
370 1364
971 421
3061 50
2398 1655
1685 3705
1219 1691
1291 3028
1346 712
2241 1299
2880 3092
3112 1263
4025 2313
59 4104
2004 160
1884 15
3777 3868
535 915
380 138
937 3927
4146 1785
3765 1270
411 3243
1877 613
2816 3601
3869 1247
1480 10
3243 3445
3775 1994
1863 3949
2259 1734
2309 1326
3258 3079
3331 3149
646 2853
1928 1634
3205 3418
1562 2300
809 3225
3322 556
1027 2401
254 528
3928 2995
2857 3531
1432 3389
1747 246
2814 2486
3626 1232
821 3235
1976 3107
3043 2983
2475 1479
3634 3945
1472 3839
4081 2715
2957 3474
894 2816
145 68
2978 1956
3145 901
4108 3492
292 2073
3052 444
900 86
669 2697
3972 2256
667 409
142 1756
1045 998
2150 1166
2401 3866
2107 1433
73 1476
1823 2577
215 19
3940 1140
3909 515
2833 1573
2523 2808
259 3100
3972 571
3080 547
1202 2415
1703 1385
671 155
412 569
3972 2148
2386 1527
1161 2908
2844 3919
3024 768
550 3657
1091 1760
4163 1041
628 2902
3548 508
33 3367
2727 3928
3288 2009
2210 1566
817 739
60 1663
2018 2564
3536 1293
336 1863
1588 356
3414 284
891 3397
3457 591
2177 2557
2122 3561
680 3479
3013 614
89 939
2634 2918
2554 2809
346 1504
2286 3403
1120 1944
2017 97
112 25
3121 1315
549 3669
1613 1962
1880 765
2874 1852
249 4051
4052 3136
3613 3503
2438 504
4113 937
3910 1511
1635 2660
835 3888
1305 2605
2482 4073
231 2461
654 3318
3878 2876
3958 3888
2755 2956
3934 1087
4054 1906
3562 2347
2704 1004
2633 1389
3236 3903
555 1246
4074 572
3324 2475
3080 766
2972 2890
2572 67
2406 3827
1655 3513
2125 430
3867 853
2180 1269
519 2491
3113 1882
1456 3798
170 208
2130 2351
569 3889
1590 3798
769 1965
1125 1892
4000 479
2154 493
3843 644
88 3293
640 2866
2657 2096
2655 2172
4037 137
795 2102
3667 2032
3401 3682
1352 744
2344 2804
3567 2582
3338 1676
2040 1904
2721 3056
3220 2889
1602 775
1431 1302
3986 3325
2741 3937
236 4066
395 2253
2646 2882
3784 603
3486 909
252 3027
2256 1155
2617 1134
1774 2809
2373 3397
560 785
934 846
2012 2192
2684 1718
2037 3039
553 1154
973 2122
2450 59
3444 2983
1616 2228
2066 1116
2782 1057
1302 3609
3267 1629
3215 2113
2133 3128
2332 1351
961 2678
810 3183
3347 1100
2595 1087
3576 514
1298 3086
1696 3770
3144 777
15 3177
2526 1896
1600 3982
1994 1886
1932 1008
2080 1846
2765 866
3511 1473
1621 3101
3704 3445
3516 2491
3621 2773
636 1574
1774 3954
1179 2347
2208 3163
3301 1105
2747 439
3149 748
1280 2170
1545 1687
3577 371
3967 148
2528 1712
890 1692
2609 3772
2668 2775
3265 550
3488 3182
2970 1270
1481 3328
20 789
477 1522
2152 2709
146 1539
467 1774
45 324
3197 1663
1666 1689
2630 3013
2182 522
932 3908
2680 1293
2342 3400
684 396
2370 3053
4072 3589
3372 2454
1172 2056
3840 3611
3453 4105
1656 1760
2198 4029
3079 3778
1858 3701
3900 3104
2866 1010
699 560
2962 3229
991 2129
1145 2187
1620 2188
2363 1329
2899 3438
165 626
557 1379
3638 214
3276 3245
770 1523
2611 3529
2993 184
330 3997
3148 3999
2868 2404
1188 3433
3682 2737
3629 287
2545 587
2278 1226
2422 3751
2846 286
1197 2126
1229 3241
704 1290
2335 76
3550 753
1902 3455
2564 722
2556 718
2546 3148
1647 870
2875 1746
3062 2884
4035 3799
1055 1898
553 1651
1950 2485
850 3186
3500 114
2736 2899
2765 568
702 4111
417 186
913 502
3705 1040
3963 518
1195 3634
3182 3516
3999 3738
3398 4123
2802 1654
3048 2878
2227 2240
3491 3713
3327 4099
1062 3226
2320 1650
2655 3706
2920 3860
3674 2522
2349 1793
1889 380
543 3012
2824 2989
3006 751
3432 4157
3553 920
1926 2104
1771 4153
1216 3814
2166 1039
3571 3305
3582 2789
2322 3538
3946 3331
3696 416
3196 2753
1635 2342
3542 92
2002 1461
133 2740
1694 936
1187 345
2974 690
2357 3989
2376 2053
3247 31
3177 1693
371 433
1728 291
2299 1275
2750 1705
827 3193
555 110
867 1279
787 1170
1194 2577
410 3398
2526 3165
808 2770
2868 2636
265 3425
1964 2229
1284 3553
1790 3999
433 1023
2496 3667
2270 2421
4048 57
332 2926
3852 1988
1483 2981
3892 2964
2218 2496
1434 1102
1184 2239
1306 3168
2610 3774
4038 3921
665 2348
961 4153
3432 1667
3635 269
1 876
3733 1515
92 2837
2514 953
2844 1353
2685 951
1138 587
1511 949
3118 3691
2052 2090
3565 475
1635 2970
4172 4042
385 2909
1173 1484
3917 3523
1034 731
2545 3914
383 541
3948 1295
2495 2107
3341 703
1755 1165
129 1448
1727 3318
3854 2420
2028 2263
3495 2976
2340 1675
2697 2358
3481 1500
112 3839
414 385
3379 3704
615 3407
1633 916
3871 3412
1500 2601
2887 1435
2428 1824
1227 1576
2990 1942
3481 2439
14 5
998 441
3343 2209
677 880
2193 2043
3080 703
2526 2252
163 1153
3450 93
717 278
2263 3190
19 3503
1067 3429
1707 3726
3921 4028
1750 1967
3978 4153
3355 2484
4001 2187
1794 2567
2624 544
1509 3746
284 3141
4022 3149
236 849
4031 3377
7 1929
2098 1108
3940 3753
1392 2114
1352 2078
2248 378
1355 1329
3940 2212
2485 4034
1703 2421
3031 266
848 2401
1117 2031
5 2678
2480 3775
3552 2826
233 3445
2810 3421
1649 994
4168 2457
405 3408
522 2007
3161 2303
2442 1304
1488 402
3653 2914
1803 414
3771 2232
2639 2901
1492 2587
1185 1304
605 3209
3307 3445
330 875
51 291
3234 2966
4057 2216
1546 2185
3963 1126
893 494
178 2089
2022 1211
592 3355
3488 2553
306 1829
1693 1975
3229 1539
2359 1656
2323 3948
197 2825
481 2355
1030 319
2512 3326
488 1842
221 3713
2450 3500
3804 1483
1788 3789
242 1966
3251 2353
2283 1782
1077 3405
786 1764
309 1876
3523 1878
2978 3921
872 412
2643 3522
3360 1442
3277 2756
3623 2081
780 823
56 2449
1141 2751
666 3461
3440 1062
1068 3212
1527 3726
2010 2562
2842 469
1259 3417
2890 1943
3472 2033
2820 1878
2611 2033
3411 3780
269 1631
4002 163
2867 2633
3120 3982
3749 4004
3745 2493
2296 3455
3830 1634
83 4021
2614 2798
3093 2158
3631 4048
2511 2231
3288 1988
3470 1736
3747 287
3438 2570
2011 2504
263 4073
869 2571
961 3737
1566 2648
3667 71
4048 1303
1657 2537
1034 1326
1247 716
820 1137
1051 512
1793 2281
2460 1549
2075 1887
2955 359
822 280
1819 1552
956 1034
463 3874
4150 3193
1344 3623
548 3158
1609 659
1129 22
69 945
1318 861
1193 2258
1417 3872
1734 281
2388 891
2494 3941
1125 2797
3235 3387
429 1373
62 942
2690 1229
2173 328
1828 3708
1548 3245
2163 3698
1510 1970
1643 3662
3136 2218
373 1886
4082 1193
2062 1925
1077 1710
1432 3973
197 1889
3647 478
2275 3350
1106 2002
1105 200
2151 282
2897 1972
1447 4101
1433 3974
2430 1274
3323 94
546 996
4174 2215
1815 2727
481 3490
1531 4100
1803 2344
1279 3241
266 978
3886 2422
3862 4051
3036 3155
408 653
738 2365
2985 1532
810 2619
2660 2904
1867 3942
993 1837
1461 2845
291 3222
2836 2083
466 859
154 3253
1933 3069
2217 2599
1006 4107
1589 3030
4092 842
4009 2385
3669 2200
3142 548
3575 2013
3911 650
1648 2707
3058 1637
3588 2620
1175 3390
1002 1104
3577 2202
964 3472
1290 604
425 2669
428 1771
979 1794
2252 835
964 2834
1259 2831
2240 223
2566 3920
81 909
767 2405
1851 1579
1089 2950
3676 230
1294 2336
4069 570
1773 2679
333 2149
380 3313
2523 696
465 3500
2245 2674
3192 2368
3483 4158
2005 3336
360 36
3854 3247
3050 1646
2201 129
616 3296
1820 1978
1912 26
2465 3436
1671 3841
1891 2941
739 334
4102 1133
3250 2988
1780 1941
2849 2415
1185 1503
1034 3894
3529 2031
3956 261
690 2018
1282 2604
4061 2120
2367 1594
1415 2459
791 3269
2499 2796
1044 2403
2181 2895
1986 999
2286 3326
1347 863
2889 4150
2788 46
425 2165
3696 1655
2893 3366
3855 1499
3104 3549
893 778
3109 3515
2653 1169
2520 905
1422 404
1213 3757
4090 727
3638 2058
2276 1039
1453 1789
2594 2660
2565 2633
1640 483
3834 1332
969 135
2115 2024
146 327
693 1628
2451 518
2121 3910
660 2125
2619 3220
1853 303
3183 4079
3031 1587
2280 3525
2366 2545
2259 2419
3862 1106
1444 3518
1052 2914
1309 1258
2133 473
2454 1611
2571 2016
591 2704
3247 1741
1532 3258
4162 1403
108 192
1187 334
3000 4115
151 3680
1883 1386
2474 1445
293 2223
4091 2282
3294 3924
2555 961
1579 1240
1225 3106
2646 2311
1341 1826
2440 2880
3449 2635
3818 511
3289 3171
3680 3959
154 1247
2481 294
785 3859
1930 908
1847 3354
1155 3392
1610 409
3702 1768
1698 1196
1763 3540
1162 1710
203 1633
1006 1728
144 6
2622 763
3145 3693
2698 1167
193 1359
2219 2215
2091 2295
2607 1128
114 1560
673 3244
764 1413
192 3960
1117 1680
63 2763
1096 3692
4017 1263
1715 2309
3407 171
2828 229
794 2344
32 1792
1449 3587
3233 543
1971 3812
1314 3542
2010 3654
3573 2189
1621 315
1197 1565
2997 272
1060 1596
2340 1579
236 2052
231 4072
3669 2278
1188 2764
725 788
1769 3304
936 1237
3767 1358
3902 5
2028 266
1920 1752
3555 2112
2279 3411
2531 365
500 4089
2267 1716
4049 3852
3287 3237
1676 982
3760 451
401 31
176 2573
571 1754
1484 1306
208 2605
4135 3217
2325 1922
1922 1043
3453 2860
1404 4086
2885 1356
1325 1727
1504 2898
1762 1207
1160 1776
2662 4087
2917 1833
1857 1853
2897 3990
3083 962
4070 3093
3954 3147
2111 1589
3319 192
4039 4008
3606 105
1439 638
2073 1333
930 1435
2734 1753
14 1054
3631 543
936 3321
2306 1800
3535 1887
3771 1606
1735 2771
3716 3247
3264 2592
1531 4024
1635 2275
328 3995
349 3789
3266 1964
3850 3067
410 3619
323 353
1637 2501
1188 1177
235 2455
2172 2745
3776 2852
3237 625
127 823
1465 1720
2920 3541
3209 1429
640 1228
1741 1920
1493 4033
2575 654
2924 542
2932 2240
775 3524
2157 257
726 1682
1962 3465
3574 1972
3234 2690
2614 2833
235 2347
4138 2688
195 3214
2941 747
992 1243
2397 3887
12 963
2327 1985
3781 4027
1720 4053
881 774
2515 86
1176 691
2641 2297
2930 185
3016 2323
1333 1657
2201 1473
1280 3637
3188 2057
3684 3276
1583 148
3652 700
1899 1925
1676 3079
1564 2758
32 1062
1143 2207
3586 117
2727 127
2143 973
3483 519
2621 3752
1941 3239
635 2560
431 1332
3244 1027
194 193
779 1786
2972 3048
387 2314
2828 3412
755 3235
1939 2756
2605 402
1561 2990
3668 945
1328 1556
2340 2691
3669 501
3017 2561
1478 1909
2207 3101
3798 1060
686 511
3551 2989
980 2944
1728 2200
543 2863
2623 2936
1302 2586
1429 2690
1451 85
1083 2053
23 841
319 1657
1860 3142
2953 2024
2429 181
3363 3054
1285 2682
2931 1331
2699 1757
588 2196
175 566
2002 3491
963 4059
3028 3744
3133 3531
2962 760
2891 2277
79 1272
3949 1350
4046 874
431 262
17 3957
4058 1751
157 4080
300 2439
1248 1195
617 3427
2202 2060
3534 2419
2394 1098
2117 1464
1378 2473
1798 844
1412 3518
1019 963
2505 2363
1873 1512
1464 410
3273 4041
1703 692
2289 1347
3588 3787
1982 1913
782 3759
3270 2840
3346 3387
1467 2550
3154 3711
1653 2268
2328 2586
3404 2431
621 809
968 4151
1966 1187
2725 156
2467 386
3057 1420
3078 3349
2007 3848
816 2216
2889 3004
867 2792
4113 123
3644 956
2184 219
3841 189
846 374
1403 1460
689 656
3837 1387
2385 2689
1996 2499
2002 3625
1751 2057
2581 120
1175 549
1484 1155
2031 799
304 176
3709 3681
1164 3020
1184 2849
2371 1887
3435 3298
2575 225
3198 2339
396 1607
2285 2866
2502 1589
3627 1698
1355 3261
3368 3244
2480 2324
2342 1716
1969 1354
1940 1556
1299 2283
2014 2637
1319 4098
3982 1108
261 3862
1529 381
3415 2538
2507 620
398 3867
1276 838
2848 3888
3192 1068
1473 220
691 1496
2512 1983
453 4068
1310 1919
1006 3314
2996 2590
3282 4116
3068 3927
3857 2510
349 2964
3560 2403
488 764
937 2805
1465 221
254 1500
1938 1344
297 824
493 1373
120 1536
2106 3780
650 2668
737 192
1408 3478
2127 2033
2666 1115
3976 898
388 3687
1368 1572
1471 2222
3696 1667
3970 3856
2795 1674
683 3604
3479 2572
2844 2964
2102 3293
1829 1823
3644 2150
2238 2516
318 595
3134 587
3077 53
1061 3528
486 2128
1718 414
3853 1177
775 2905
3534 3675
3387 3513
853 4136
795 1422
1245 1250
282 2743
2670 2932
2253 2909
2178 3898
2159 2902
1958 2583
1851 534
64 2929
1925 191
455 1359
67 1134
3616 977
3169 666
3616 4095
417 3727
2583 2671
3019 3876
3928 2295
1415 3881
3761 1889
3745 224
1055 191
2212 2764
1365 1845
3033 4039
251 2648
957 2508
2829 2552
484 784
3201 3098
707 3565
2636 2911
3573 2332
161 2574
2694 2135
665 1204
169 3481
644 327
2783 2701
1980 1331
3979 2233
4041 4014
971 3202
2143 3423
1264 1240
866 3674
798 2493
967 2185
2371 3961
1051 3576
2632 1750
722 1042
3589 1903
2319 3096
3212 4168
418 2357
1685 335
4093 3508
2919 3506
1610 1095
292 1723
635 3554
1353 3425
3966 3058
725 1870
1226 3055
2569 3881
3729 1016
2129 2334
2623 1823
2900 374
23 3026
719 3367
122 3297
3350 165
2901 864
2466 1839
3094 3394
2974 1751
1272 547
1335 4130
650 3273
2799 587
4083 3350
3292 1014
2132 4065
44 2002
2350 352
1798 513
3295 3649
831 2647
1733 2190
604 1207
3632 36
499 2811
87 14
262 1852
540 368
420 3341
2866 353
1185 929
2505 985
1037 3654
2249 2111
757 73
1467 2484
1928 1647
1474 394
1349 659
3913 2880
2487 1116
729 11
3478 3626
1860 3727
975 2547
954 2344
3283 269
2505 1021
1799 3339
1115 83
1496 1315
2836 2847
1039 1485
3192 639
1419 723
1565 2763
3864 2349
1597 2041
2117 1290
493 414
3883 3302
875 2465
3595 4147
38 4071
3187 560
3950 3966
1185 3939
1485 933
1124 2648
1170 1595
3760 607
2270 485
2274 3982
97 1087
1956 4081
1291 21
684 2232
3900 4001
474 2651
3066 3393
2741 1647
3654 3451
72 3394
758 2001
1486 3643
320 4170
3977 2118
2195 3545
3363 1401
3595 741
3351 1018
504 2121
4061 1968
2986 1042
1405 2522
105 2381
1994 2508
3669 4073
3606 261
4083 3978
3287 2467
2575 2639
982 1867
3753 3169
1468 2398
259 2704
2109 1677
1654 2445
2297 3305
3794 3057
893 1300
1225 1773
3760 849
1270 878
2797 3362
1520 2481
1075 3671
2162 3525
1311 1324
3323 3557
135 1212
2057 848
2095 2946
206 2175
612 648
2032 3006
4059 2924
2156 332
2536 553
2251 2147
2343 1327
1413 3751
2141 3178
3866 988
1012 3327
769 1242
1630 3111
1223 658
2202 2779
2682 2104
598 2555
3614 3741
3782 2422
1765 1880
1484 3667
232 2205
3108 491
1882 2136
3480 3023
2914 1300
4032 2682
3676 2260
2330 1774
192 3566
2681 1214
752 785
1365 454
3858 3585
55 33
1205 3470
2601 2502
2643 2090
2430 3703
2494 3687
548 3614
2466 507
69 727
111 1398
1190 494
190 1282
640 2156
3654 4056
416 3022
3893 2760
3770 66
1406 1366
3780 488
2951 2098
2629 2047
2844 1743
4024 4003
1523 1542
634 2872
1686 2094
3422 2357
2829 1992
4110 3023
671 2265
3626 3584
810 2280
1704 3051
1788 155
1950 74
2815 144
2521 1058
111 701
3186 2531
804 2614
4097 1485
2463 1907
1925 3135
3793 2305
1929 3025
449 2273
594 3414
3345 1477
3695 3167
1233 777
2641 866
160 3567
3616 2465
1853 3380
1205 1618
1604 3350
396 991
1278 1459
2760 1497
1756 1003
1700 3403
3306 847
3602 1663
677 2667
858 2333
2974 1685
1425 2560
633 3792
1190 1760
1869 242
2543 2896
133 1111
2895 1806
3442 218
2140 2282
4155 914
2689 246
428 1818
2463 2643
3231 4092
2461 3765
2949 2945
3359 485
1788 3636
2206 1180
2159 3320
2391 3706
3529 753
3778 2769
1692 1453
2887 1249
2617 113
2552 1036
2825 4163
1568 1948
2583 2680
3384 2091
2607 822
1855 958
3134 1162
3634 2760
3933 1107
105 2374
2854 1602
2252 1268
1927 425
3332 3069
2894 1266
1541 655
5 529
2920 3124
3211 1467
91 3607
2249 1793
2708 1175
2477 3723
1353 1098
1437 1357
2175 2747
2085 4165
465 141
1581 3994
2667 1897
2340 3717
1230 4145
1327 551
3448 2233
2960 838
3794 1558
121 3077
1477 3873
2341 4127
1398 3500
2893 2654
2383 2403
3409 1487
2501 1721
2253 716
3270 2986
826 1059
273 1633
2612 914
2940 4163
1107 3293
2364 3967
780 2898
2177 1480
4017 2920
1028 110
1250 1880
1177 3882
3795 741
3253 1361
3043 2534
963 2232
3733 537
3442 4000
51 1296
3637 649
3949 2376
3936 2931
1303 1254
2004 3925
1770 460
3918 173
271 3816
1435 2047
571 3928
121 839
2491 2322
868 3168
1670 1541
576 3634
3324 2854
1489 3186
4113 2111
368 78
239 2142
2673 2335
3614 4084
3040 2686
2627 1959
2497 2258
3006 1232
180 372
2115 1927
1205 3692
1596 3168
3872 3970
2746 2962
3970 3459
4014 3645
1012 1985
2676 4066
2590 2714
2696 2732
3500 1740
87 2395
1249 1260
1819 64
46 1460
1277 2899
498 717
4092 3192
2543 1852
3194 3094
836 38
2994 3594
2805 3807
1587 1026
1743 2814
3857 3703
263 3151
2855 775
255 2918
1198 2462
353 1238
3705 1619
1222 2590
71 2163
1572 2294
455 3995
46 1761
825 3677
964 3872
1898 478
1846 1142
2468 2437
3037 2508
3605 2700
2965 1931
955 116
445 948
3865 3270
3634 368
2691 3942
1088 2860
2268 807
4020 1981
3649 1925
3562 1957
1531 3695
1871 762
886 281
1831 460
608 682
3047 2414
1242 2280
3364 4156
3170 2076
2922 2908
1301 3269
2295 6
3862 1925
164 2102
2565 1178
3231 4157
2218 4109
2923 1417
2649 1177
630 1874
492 3252
1946 1322
812 3342
555 568
3674 2404
3245 3310
3738 3966
639 1550
2405 3333
2790 3898
3814 3201
3585 4132
2329 305
479 2006
1785 1224
2051 3595
192 372
2546 2634
2265 3667
1768 2632
1357 1686
620 1307
2301 4035
1124 2009
471 281
3661 3718
1631 4140
4083 2544
270 556
1192 77
3552 2270
1950 3139
1250 2233
2570 3521
119 652
1115 1142
1235 304
2973 119
1022 3952
684 775
2236 463
1897 2983
293 3922
1642 807
2701 2140
1599 3326
4093 1547
2774 3027
2130 976
2964 1696
1258 372
122 3780
1507 3328
2047 1615
3647 3037
2782 752
2612 3230
3401 1584
1603 1346
1510 2350
2994 3152
4018 3624
2791 3201
970 1402
2313 3019
1317 314
3292 859
2305 46
514 1653
3486 581
3514 3532
3896 2551
2459 2584
2380 76
3626 246
2006 1735
615 1964
2447 1972
2490 356
330 1343
4173 235
3768 1727
2591 933
2201 3228
1499 3710
2558 3874
2948 533
1956 1325
3807 263
2099 736
2868 15
346 2864
176 3127
629 3332
2837 2242
783 92
4118 1998
1718 2850
1172 2942
1193 521
1853 1354
2931 1797
1252 3725
2968 1944
1971 443
30 528
2363 3936
106 29
2244 3719
2587 1349
1401 2276
103 518
240 3641
3396 2915
1187 1120
1983 3571
715 1161
4161 503
3441 2923
4020 3682
3560 3252
3725 1370
1356 440
2875 705
252 3880
1020 979
1339 616
4027 3132
361 260
430 4003
4063 2597
299 56
1574 3079
2497 3648
2945 3658
2068 87
1909 3972
3950 441
2234 2371
4056 1654
1389 64
2295 2875
1702 4167
2302 2734
2580 2370
520 4161
1047 300
1210 3970
1807 1745
2989 3557
641 3175
30 3250
310 415
3464 323
2032 551
1318 125
2848 3209
1605 4090
3140 3317
1035 856
2561 1538
1006 4176
2776 151
350 1656
3256 3528
2353 2183
54 3729
3187 539
1844 1897
1869 529
2022 1525
3199 4162
305 3347
2200 4012
349 2779
1607 1432
1475 2704
1000 3643
2188 1414
852 2433
2418 4091
2656 2342
2006 4146
1137 2565
2310 1705
1405 1562
3491 1566
3510 1579
1621 3172
1060 3779
3322 296
498 3252
639 1013
2155 3079
2233 3407
1549 2366
3475 166
1682 3533
273 1184
850 2099
2660 3251
3081 355
2825 3547
1561 799
160 3458
4055 1006
735 1480
3181 1790
2356 3742
1959 3963
1713 2473
1968 2205
1317 29
1382 3542
1787 2953
885 4164
2733 696
3932 2103
2880 2472
3983 3991
4058 1919
1418 3086
2319 3042
2264 2060
2201 1366
2530 4165
2291 3654
3727 358
3581 3193
3940 2866
1146 677
1887 1206
1280 4024
1993 433
1831 2357
2775 1488
1912 3334
2789 2704
3021 2861
3591 848
1561 138
1215 1716
904 1000
3154 2796
1706 1279
2409 1287
1226 2219
2697 1919
3264 3378
3364 3465
238 2264
1403 2675
1691 598
518 183
1210 2131
3470 3483
2031 1749
690 2653
1272 3238
2340 369
3461 3254
279 3284
2011 50
3273 3957
1940 3553
2389 1430
3565 2408
2598 1424
1070 3139
1103 4076
3711 1150
818 2286
4146 2310
2878 2115
1247 2283
1968 1665
2871 3388
3817 2071
2328 3140
4116 1235
2776 792
718 478
4121 3385
3995 4063
2347 2601
4140 3398
2586 1714
110 3102
2527 3471
3222 3996
649 2184
2047 3800
3780 2188
4117 1056
1012 1598
2972 294
2390 4139
3037 1735
4063 1759
3941 1733
4137 247
3318 2508
1562 201
729 3232
1236 1608
1878 3964
3147 3709
1451 1267
3276 1379
2298 1023
4170 4036
2460 1696
2203 871
609 283
3351 1409
2176 3514
1936 1201
2619 1231
1873 3476
4116 1212
3138 3745
1648 505
3600 429
3747 3709
885 977
2406 3567
311 1299
642 1893
3296 17
471 3323
2704 1274
730 465
716 530
1919 4122
2879 4164
3911 3179
3789 3153
1190 3604
2155 2529
2670 2858
3202 3393
4144 2972
529 1872
1145 2104
3170 3181
3667 869
302 1335
3154 1101
4056 2779
1433 2544
3952 1984
221 857
3939 653
1888 3353
2891 3616
2997 2700
3055 1738
940 661
2734 1423
2962 1955
4049 1055
2242 3292
2782 2662
3951 1652
855 2917
3441 2484
3390 1993
512 628
2182 1849
1573 344
625 2720
2714 169
3073 4043
744 2820
2665 2491
2746 350
488 2751
314 234
3468 3489
2879 2191
2147 3325
3045 1845
2344 306
1348 3874
3685 2291
1677 1569
3372 748
2562 385
2560 1773
2461 2468
1576 1257
40 1019
54 1857
1745 1740
2953 2787
2275 2872
2011 956
1677 3820
3101 3817
3710 2878
3108 329
3657 2723
821 2258
1921 1822
1315 1109
331 3562
2126 2865
1324 1423
1391 430
335 1875
3511 1622
1457 3673
932 2768
1451 3858
3372 3529
348 3242
1151 2434
3887 2812
2882 2619
2580 331
1358 2467
583 1833
2818 3766
904 1739
1721 1998
636 676
2410 414
599 3089
571 138
860 12
3997 2391
3720 1588
1202 4062
3998 1861
921 1419
1574 4050
282 2515
2683 1591
3212 3927
3558 3252
1722 2636
82 1932
3789 1458
3301 2049
836 557
2630 1356
2793 2811
1189 1764
2767 278
3333 4073
406 1912
3390 1309
2380 363
1269 3944
2961 674
2205 1185
818 3025
1650 2769
3340 1982
1477 217
1223 3339
457 3391
3202 2277
3651 2432
200 1520
2224 1692
2299 3443
1857 1261
3631 733
2265 2138
3587 3207
3035 1382
2876 4098
887 271
2315 418
1280 1514
3911 149
1534 3316
213 3152
633 3509
299 2172
998 898
1707 3244
440 1882
3164 2960
3730 482
3437 2301
3920 2040
2712 1896
1018 812
1807 1152
2954 2332
2641 2775
295 862
2757 4118
4076 2409
1804 2660
2477 2380
3620 966
1921 4148
1231 1715
3589 1387
2668 3817
3277 1646
1273 320
371 1760
1507 3605
2843 1683
1022 2773
375 2962
1523 1743
266 3055
1312 3100
1258 1997
3500 1840
2222 1372
3684 2707
1711 3520
3158 1694
1388 3275
3156 867
3816 3537
3337 2865
4101 1949
2904 4029
1776 2862
2122 1141
2455 3794
2913 3211
2250 1964
2218 2835
62 1949
2996 2571
2214 2944
435 733
1540 1279
103 409
1835 3033
1637 3692
308 3667
3938 2452
1026 3538
1609 246
3691 2086
2035 3881
325 1770
2108 3951
77 1439
3389 1455
2063 947
203 3092
253 469
293 2491
3110 728
661 1575
3665 2033
1719 728
2869 522
1616 227
3253 3257
3864 930
3190 873
3213 1643
3672 3240
2591 19
3065 3322
3816 3370
1948 1639
2822 2432
1718 768
4125 1990
246 960
31 4153
3733 74
3703 2675
66 2161
4100 1853
4008 3576
770 2951
3895 1304
3380 2924
1273 4066
3256 3154
3901 4124
1481 568
2389 42
4073 1161
2821 2817
810 3518
1640 1644
450 2946
776 1161
3081 3796
418 519
2557 2478
2084 983
3160 3860
2109 3291
819 2291
323 1184
1954 3088
622 285
1020 2015
3086 2190
278 1707
2749 3322
276 1783
1559 2558
3700 2498
1248 1650
3213 4100
332 2172
2297 3198
3580 775
1860 3080
3555 44
3390 2866
2749 3178
2899 2857
297 530
1924 4004
1009 4113
1849 2778
1490 3254
3728 1549
3118 1360
977 2360
1638 2594
3852 1584
3071 3759
1345 1969
1307 3663
1370 305
3190 3716
1657 2055
3073 3051
4048 1495
2271 148
2621 2741
4058 413
421 128
3780 3666
3250 468
375 3050
3510 3662
1792 415
178 1044
2205 733
2587 798
1811 3317
1970 3719
2810 2533
1391 894
870 2354
1296 656
2942 3506
3919 1502
2249 1562
1654 2027
3724 1412
2212 3746
2124 1418
1209 1676
3642 3036
1851 1817
3788 121
2848 2272
3946 1461
506 1375
83 1458
1781 1429
3638 441
2354 3951
3704 3770
992 1534
3532 954
2945 254
1884 2610
3095 1856
3145 2351
2985 147
1321 3924
114 627
1395 2827
2043 1959
2067 367
1918 2373
2112 3636
1196 1040
2167 1357
2629 1302
2338 3490
1975 369
1636 2889
2966 1710
2547 2172
2300 2560
1186 3592
2984 303
471 757
3391 3696
658 3881
2974 2504
371 2476
526 1367
150 1345
3937 980
3230 3104
2473 4028
1817 2677
796 553
2432 500
956 3660
3162 1657
2848 2550
854 2480
1020 1609
1525 3322
3594 1845
676 3791
3730 3426
1879 2279
3251 539
1855 1656
2320 3562
1534 1421
2335 2230
753 3745
3445 3708
2330 2560
4051 2026
1944 538
604 2310
233 3715
525 2920
423 837
2168 23
730 2306
10 1571
4146 3117
3492 2556
839 672
2576 1654
1064 1019
3748 38
2978 3949
3258 3292
3091 2886
2584 1249
2990 2840
1301 3326
985 1220
3268 2964
1309 786
2497 3990
2818 4076
788 1200
3649 706
1412 161
1487 3044
3112 730
656 901
1756 2823
2627 838
3861 3972
114 1026
2395 3304
170 3667
3711 1849
1133 71
3616 3009
868 1723
1287 1032
779 3631
137 2178
1403 3724
2012 2785
2695 2778
1653 2029
3994 974
2434 150
1846 3921
3598 1419
1222 3419
1039 1577
173 3677
1424 3374
3575 2604
207 292
2756 1189
2690 4133
2630 3099
1214 3909
1274 1745
1164 2251
783 604
3839 3287
2311 1741
1968 1896
3889 1567
3278 3665
3812 4093
1879 2907
2704 3658
3905 3763
1641 900
3952 2297
164 860
3212 2673
2892 1234
2092 1559
231 770
3069 638
774 3758
3193 3297
2559 1848
1300 161
235 4038
2861 1512
2261 2679
139 3921
500 931
2178 3813
1407 1721
1463 3193
2867 3132
1962 2797
4115 3986
3403 2734
1264 2346
2164 122
4053 664
2725 604
927 595
3224 2094
1168 2378
679 1018
1112 640
3916 3813
2750 1042
287 5
2110 7
3283 3348
299 2868
1561 1671
1298 3921
437 1261
502 3456
2839 3042
3393 2545
1430 3811
2845 1953
3486 2215
2749 1836
1511 2573
1815 1178
1475 1338
1648 2578
2569 148
162 2081
1956 3368
3488 3981
253 3102
710 754
1777 4040
1978 4030
3567 2962
1120 1375
3768 737
999 1265
3412 172
3678 471
1794 422
2481 2966
2969 3049
3695 3678
2199 507
735 3821
2981 3777
2959 4167
3681 2202
1851 1895
2793 2414
986 550
2735 2818
532 3986
789 759
1942 3856
3544 2053
558 2812
762 2462
1080 822
1023 1191
3314 3842
3206 3751
2415 1415
1653 2032
2538 3063
1861 2964
3947 3346
1828 801
101 2981
3064 369
2607 1356
595 255
1450 2984
2197 3673
1198 1079
3107 596
467 2141
405 1263
87 3577
3268 2270
2243 3151
91 2793
3568 2531
692 947
3227 23
59 3106
157 294
3664 549
894 673
194 670
3313 2686
2709 442
634 3831
3352 548
2765 3232
934 745
1423 2859
3138 1113
1989 3270
2237 2438
3760 2328
4107 337
2059 482
2506 3911
2518 1899
3006 1079
236 3677
1694 3587
2740 1454
686 2336
331 4094
869 2952
135 1150
1886 1313
2596 3395
1860 1440
1607 177
2170 2240
1290 2078
2081 2162
182 2250
3360 3498
2494 2480
2676 13
890 158
2046 4047
644 1786
2816 3025
667 3118
3368 3767
3880 2258
2472 3746
4131 1165
1073 135
1525 524
631 3057
1348 977
159 1112
825 2922
2727 2580
2821 1275
3543 1525
2384 1423
2030 2094
1004 2744
1952 3486
85 259
2012 3357
1364 3581
1696 3237
4035 266
958 1056
4178 989
1674 4152
3446 4072
3348 568
1584 286
616 1701
462 1414
3522 2261
3117 3753
3725 3789
3406 100
1193 2881
2549 3826
775 3042
1704 1556
2981 976
2753 2164
501 444
3679 3907
1269 432
2405 1194
2346 3094
1431 85
3491 1083
3111 453
1379 2518
3767 1661
2739 2796
772 1697
681 267
1541 2962
3335 1509
2432 2904
2428 2525
3678 1174
732 3201
2339 1779
1642 1436
3703 3482
2712 1875
2991 1964
1619 3375
2367 4092
1921 2056
2046 330
126 3656
1767 915
1348 1340
2685 1894
3671 2074
2344 2647
3220 1564
3916 1267
2544 3724
3595 1935
3792 2629
2235 345
1404 188
774 1104
3861 3137
30 686
2444 3228
4170 1757
4086 2172
1072 2195
3449 834
3636 3958
3083 2168
4092 1694
371 1101
404 4167
2770 2760
2469 3586
25 3582
1740 4051
3440 2591
1252 2427
3154 1819
1736 145
2351 3567
668 3459
2442 2931
218 104
1607 2395
1838 2902
1891 3057
3472 2394
2603 404
3632 1220
2007 3497
586 4063
3927 988
1506 622
1143 1702
3889 2044
3917 1734
1004 869
3733 3194
2158 1716
916 527
2407 3732
3412 2501
3838 1855
1756 4036
1903 937
2226 3693
138 876
2211 824
1947 3338
3635 3152
3186 3097
614 3465
838 729
3250 1275
193 2123
4112 3900
3071 715
2739 162
241 2136
734 1660
2419 3598
3303 2864
1914 802
1860 602
1296 3907
2409 3899
3823 2979
1811 2632
2398 3889
130 2570
3700 3668
3245 235
1422 870
3772 389
3426 1213
43 2156
1897 605
29 946
208 1851
2758 1873
2461 1995
190 3523
235 556
1213 1815
2722 2036
2442 670
1815 163
2231 4013
2223 891
2522 3439
2636 126
2333 2340
632 1769
3222 2767
1678 3986
1269 520
2253 3134
3706 1239
2152 687
156 3237
1141 1237
3647 2730
2686 2872
4154 3092
570 2962
2471 589
3313 4053
296 1447
478 4047
2344 1567
808 3693
2959 3152
3507 2054
3535 2036
2641 4154
1503 3697
1757 724
1497 2225
4132 1468
3109 2947
1404 1997
752 2486
3424 744
1351 1762
3456 2008
2211 405
4026 669
3184 2223
947 446
4111 2842
3480 3942
2025 3778
505 21
2053 2299
1697 449
1733 1800
1440 3533
2801 3590
867 2588
2131 3121
4116 1236
1769 3034
2641 2060
252 69
2565 1247
2748 4029
3374 2734
2781 3797
3848 1421
1738 3949
858 3033
4096 1672
1249 3678
1334 2733
260 1357
1983 3902
3426 565
3010 1261
2128 2828
3423 3385
3373 3793
1678 184
3536 2359
2671 2060
1101 926
767 1804
2576 1005
4009 3482
43 3579
3886 522
2138 2091
1756 3221
3852 2744
367 1870
802 4013
1336 3538
3105 2666
1896 2972
3254 2151
2220 323
284 3907
2588 1244
2381 2226
1228 2055
3831 1000
1912 881
204 271
2780 3400
1458 3500
2009 1308
2446 3146
2328 3648
13 1643
1205 839
2237 3
3059 340
2176 2733
2363 3871
2857 2228
4052 1987
1651 1599
2446 3002
3383 208
879 1348
1603 2053
1618 3902
2582 4094
3023 1442
1560 1188
1862 3216
4027 2573
2969 2145
777 290
3058 1399
3900 1831
1538 1843
2570 1990
572 824
3383 1870
3327 2198
2915 304
3790 4094
1689 929
2057 1096
2368 1483
402 3381
1763 2684
957 485
1294 1339
2492 1698
3007 3950
549 4074
841 2525
1661 1361
2605 263
1060 3881
1923 2938
1124 1947
214 297
1739 3940
1006 908
4019 4038
3990 39
628 1105
2801 2160
219 1989
2577 466
3589 2733
4084 1809
2358 1819
1544 1077
797 1557
2048 839
3099 2497
4084 497
1292 1499
348 2893
1552 1575
4116 300
1181 3734
723 4088
907 1279
864 1583
47 3310
642 716
2073 3412
4151 523
855 1763
3782 3429
1527 206
3889 257
1310 2572
750 1826
46 3845
558 2150
2405 1792
18 1153
3801 3527
605 2676
3555 2977
2414 2780
2234 1272
34 200
4022 427
2629 3342
1601 2491
2208 954
397 1680
2014 2809
3870 3025
2741 3403
3832 518
483 1603
2231 2800
2926 3485
1313 1715
3363 2025
1242 1246
2231 1611
2698 3069
1877 2431
2369 2893
1652 3890
3265 1230
1191 1051
301 1748
143 142
3666 1016
1862 847
1170 848
2192 2708
1360 3718
109 2975
3318 2633
2213 287
140 73
1358 3528
2996 3256
855 2270
3112 2793
2338 138
3405 1734
1817 3441
2455 1217
2549 4113
305 262
2239 955
12 683
2086 2253
1488 3
3017 3171
879 2748
957 1764
598 254
1131 2969
2888 582
3533 2306
2395 1732
2176 3351
4165 825
2589 1683
2185 2825
2640 2811
3876 3468
5 944
3203 450
1594 1045
1089 235
3353 2869
1600 2257
547 1758
4026 1277
2557 1995
2586 2696
460 3596
1389 4059
158 76
2218 2306
3603 3803
2440 921
2787 736
3131 546
1395 2269
3101 932
1589 3940
1011 931
2962 4151
3483 2611
1439 2949
191 2769
514 1702
1719 788
2063 598
3984 1401
379 3463
3363 3677
177 2196
4142 297
2832 142
2895 2934
926 1237
3144 1689
1753 3904
3105 120
3037 3283
1484 2318
150 1281
1462 1662
3668 642
1296 2267
2130 1038
2465 842
2371 1064
440 1608
2448 1427
903 3733
539 3079
631 1096
3865 24
3306 2132
2736 1076
2688 1265
3415 3845
1002 1268
2909 2990
3795 868
217 669
106 1210
1726 1707
3977 3468
833 1804
3521 3225
3660 2629
2985 3214
726 2910
2430 597
3721 101
1801 1212
1849 731
1844 2751
2838 1245
2573 2897
1452 2492
950 2919
1883 2944
2518 4129
2482 2220
2467 3489
290 4041
3729 1309
83 3599
4003 1283
932 1064
3358 170
1476 490
624 3657
3513 1913
2229 3208
2692 2969
477 3229
3818 828
4008 3469
3827 239
3452 3251
1725 2399
1887 4118
2098 2495
116 1911
3202 3076
478 457
3911 1141
817 3041
2025 4088
2023 2321
1385 3233
9 244
4038 3168
1458 185
3515 912
4025 3149
4166 3762
640 2819
3119 45
41 2002
2476 991
3617 3031
212 1475
1678 1914
887 3779
74 3756
1878 2842
1569 695
3907 2046
2790 3518
2311 1677
2725 1057
1620 2583
1481 173
1651 3882
1973 635
376 3685
3055 374
3709 2475
2371 910
2226 3561
3199 2261
1180 4153
426 2459
593 421
3439 3374
1722 909
3401 2853
2545 2294
3505 3090
2763 1550
1814 2978
1477 1078
1913 68
3467 354
3541 1472
989 3475
1271 1238
2637 3954
3596 1902
1354 2813
2729 1822
2029 2988
1994 3030
79 321
913 1041
136 1987
3181 2068
1245 3437
98 154
717 1740
2513 2054
4166 3631
2614 2860
711 3386
3566 454
761 2340
1250 253
293 774
1055 343
3427 1836
3416 2501
403 1320
1330 3400
2612 2032
1448 2489

