26821 6335
20962 25403
12588 19627
14509 19118
9846 19849
2487 21635
3082 18812
7743 17025
8849 12691
12107 12507
621 13799
12573 23008
14686 21043
21054 26402
12231 23015
18010 22610
16019 25504
4786 11552
2921 6183
1640 21776
3255 26179
11137 18957
19800 20894
5094 23453
2638 15630
2812 12548
14621 15521
8695 17835
21107 22333
9259 23798
15924 25472
4035 12118
8245 11627
16821 21001
12194 21389
3942 25173
1888 13718
9806 10583
6504 25249
7106 16952
24225 25000
4425 10768
16286 18627
15613 21796
7729 10929
21348 22782
18454 21967
14261 19429
16007 26567
5795 9863
24577 26475
6465 8153
4852 18281
263 15743
16381 18756
7424 7970
15061 15927
7172 17548
3953 8800
8400 20559
1332 11298
1187 10385
3790 14700
364 23409
3865 18486
479 2162
11434 15877
14615 21889
23715 24618
12867 21737
10763 21041
3367 6316
18087 23620
3447 9463
4788 18767
2290 16491
12332 20117
786 4914
11912 21894
3237 12780
7579 16609
1726 10383
1852 10199
16223 23148
9958 13716
5624 7267
334 20897
15787 20487
15000 18158
3961 8650
16725 24190
1381 11674
5976 11748
1182 7529
2254 4365
14497 16490
18715 24454
17784 18697
8524 12828
14218 24659
1579 6118
13891 17848
2126 6516
3914 4000
2624 20756
12653 14829
9587 15479
8821 17666
8657 17006
209 10527
2213 13988
11279 12703
2309 22852
8973 16717
1435 19844
16813 22559
7898 10043
15253 16365
4975 13371
11249 17375
6407 25008
9526 17805
2642 12300
2960 11414
7355 24703
1619 11680
14913 16832
15496 16887
2599 6187
2362 14353
7069 22067
25040 26423
11876 19580
741 5934
5705 24830
1576 22196
730 4469
6870 9705
3856 8559
2317 4380
2547 21875
762 25591
8456 22977
6830 10013
8612 25210
2392 17507
13221 23004
20766 21987
15573 16302
11340 23225
1217 1446
4514 7081
16400 17656
7969 21209
13144 19872
5664 20200
3614 5777
16074 19334
7043 11073
5472 6151
11716 19846
13157 20457
7393 21399
735 24545
2957 6537
317 5309
19745 20864
6493 24791
2579 17467
8589 8593
6425 26542
18260 19136
21856 24195
4451 9374
12561 17026
6346 24219
16239 21858
25569 26510
22324 22728
4012 7233
442 18149
1223 9329
11890 25344
8354 23076
468 7706
1963 4645
2721 20502
7965 14111
10726 11364
15066 25212
3393 22248
11578 17242
21001 23105
23092 24010
20408 20790
10893 22508
3102 5978
2976 4819
3433 10922
13937 18837
8273 11352
7572 8235
5246 22924
3057 26328
17673 22829
3110 25171
6608 14086
15250 23585
3244 17294
9431 20390
21330 22354
15077 22610
9427 10068
4560 13184
6480 9592
25046 25677
5642 6278
10678 12016
8508 8980
20728 21158
9095 11931
14290 21863
14420 18940
5287 5942
9494 22378
10722 19498
3560 26817
2060 6085
9136 21394
246 10598
5803 21929
5944 19653
18960 21148
4507 15256
22641 25268
5071 10639
17492 25251
6026 18416
6306 9839
8037 11744
12660 13866
1093 4239
14395 19354
12017 21573
6936 15604
8861 14342
2271 22641
898 18000
13198 17827
19734 21831
534 19938
5360 22648
5336 19258
1071 10428
1812 20262
2911 17201
5347 26735
3479 24074
12840 21623
16969 24176
6458 17793
14166 23479
7783 24349
2218 9407
225 16392
4131 17210
4405 11528
3609 21945
14013 24940
5641 18042
21950 26248
7186 12358
9322 11508
11680 17224
5985 16768
3779 11372
16617 25400
10888 18715
769 17552
8267 20624
5396 8718
6099 11807
13794 23418
9329 11790
157 3065
5900 7433
4072 14226
803 14022
1429 16928
14784 22844
13939 20803
17738 25925
8224 22095
20920 26389
4134 7641
23810 26038
16879 22673
11425 16947
9592 18966
789 7829
2033 7401
8202 24938
121 4926
5169 9964
12 22137
10533 16635
23425 24776
2130 5240
5023 22570
4288 15705
11132 15395
1445 5258
2425 2505
298 12937
1364 22531
20519 26179
1988 15979
11472 12467
6113 17595
9942 16180
3363 24493
3311 17887
1819 19970
6765 18581
2018 10465
8270 12495
7440 21608
17486 26430
2241 23985
13951 22815
13741 18575
8210 9633
2786 7462
2653 9821
20750 25364
1656 3710
12159 12191
13717 21722
3712 17426
3940 21225
6581 6813
6462 19953
13523 21856
2281 16715
378 20247
8722 18681
23915 24319
21441 26076
1300 18721
3074 23154
11473 21783
21835 24367
2122 8599
3054 17173
16569 20338
6507 21658
1861 25002
69 10349
11374 26392
18855 23485
10322 20574
4240 12310
1939 16964
11317 18395
7807 10895
5013 7049
4890 6915
2605 9362
8898 13608
944 8455
7048 16212
15443 22047
14485 16416
297 13717
5078 23366
14531 20504
2571 10128
7268 17154
10659 15806
11274 14618
11466 14559
3252 12448
2703 4770
18797 23907
6473 14826
21094 24237
18840 22062
19703 23191
7781 17271
3931 5273
8999 13444
12357 19089
12389 26211
18098 21546
9956 18786
10288 24214
4904 26609
8483 17664
4814 13066
3855 18618
15974 24032
119 16962
9577 10014
13475 23746
8213 20176
17335 26111
12004 15500
3982 24176
11642 16316
5752 21054
8871 17786
4523 16394
9113 17319
9603 10538
10603 26719
2739 4719
8289 11661
10730 23525
11799 12479
7846 24152
19331 20420
9161 11590
11450 21636
21154 22557
8530 19600
5208 26188
775 4713
7150 26785
5163 24688
1100 6459
6061 21408
6429 12944
2786 8335
5308 13708
7768 22404
16063 21205
12088 20287
8220 16526
11459 16329
8043 25497
1209 19584
8924 10199
15484 22208
16750 20307
14816 19534
4032 11070
16060 17645
20184 26499
619 4442
4457 11478
5099 25211
831 6284
4204 21097
12834 25072
12997 19357
6297 11956
1637 18812
6252 8507
4593 5229
915 23257
22731 26694
8703 11152
17720 19737
17957 19421
11794 24818
6836 22154
4 17859
5132 26798
7360 13937
9293 23116
7080 25668
3455 9816
6092 19148
7197 7759
3021 10298
14554 16342
6161 24351
679 14362
1526 5078
5958 7669
7329 25712
14957 15190
14010 21503
9640 13374
1242 10688
10415 17608
11578 18238
16225 22932
11438 26566
21946 25326
6236 10767
18669 24221
6511 16570
7822 19350
1462 26125
18515 19553
11618 26389
211 1667
5624 17191
15367 24456
10248 22921
3992 14770
8610 24361
80 13642
15540 20856
4893 12892
8687 11254
11039 23800
14062 17855
7957 22934
595 15670
12276 18000
14440 15263
1266 6978
5759 22317
5983 8964
22875 26418
7091 7709
4222 13074
210 10611
2143 17804
4917 8940
8674 13513
4925 14133
2056 21713
8250 8526
1363 22429
8089 11547
10334 15888
20629 21680
7086 16238
2552 23270
10979 26657
7784 20481
18734 20377
2896 19367
18226 25303
618 10419
11242 16679
17035 20373
10303 20860
2386 24634
1997 23361
856 15845
3118 17615
5929 24848
274 10730
3734 9253
2411 25566
7843 16752
2969 6646
2613 3335
6772 8211
14696 23846
15591 16848
4682 21450
12039 18019
8933 17779
12357 18594
11357 23812
2945 25392
12497 18308
9503 22510
15893 20044
272 2561
3480 19027
3574 16676
2743 12089
11736 22303
17971 20192
10930 26340
584 8690
4012 21453
10773 26807
18278 22042
13224 25066
11152 24588
8221 18229
23665 24681
5777 12631
8700 16133
8352 16884
11626 19152
7397 16920
1889 13358
16119 23379
8554 15261
13409 16723
12194 19838
7855 15031
4882 26166
4848 7859
9144 12969
13488 21863
10743 22568
2239 22610
1250 17400
6754 17056
10000 15061
8630 21271
8012 26591
1034 11625
873 23277
4806 26413
19401 19593
10327 12423
19349 23338
8181 13982
10717 15052
11658 12637
11120 15442
4169 17346
9105 17713
7314 8883
10209 10337
23460 24238
10723 14759
13345 21302
2898 8259
2125 13705
5724 22674
2341 24849
15028 23890
22498 24271
16023 23926
1297 6319
4572 11441
1640 26320
4791 7314
12689 25404
3904 9706
12935 24413
21991 24332
13284 15643
18519 24937
11301 16146
10561 18322
4374 19161
1251 16308
48 16508
14922 26365
16183 21151
666 16786
11149 15230
11329 24731
9 19936
12935 20454
2089 6911
9058 11248
6391 7177
19604 24987
4988 12163
10679 20276
3680 12017
11555 20068
17554 23113
9944 15747
6809 16792
3104 16472
12400 20308
1225 14174
8401 10402
10229 13637
19655 26399
14483 17390
237 4850
22952 23403
1839 18130
3579 21289
5468 24763
16364 20636
1648 20521
11011 19163
22674 26054
10729 23614
7448 18189
24457 25611
3215 15764
3564 18392
13149 18130
1568 10554
19943 21675
3415 24685
8275 22024
17210 17287
3150 5691
18142 24171
2674 19991
2838 26744
10395 26370
1620 4715
9109 20156
5108 22218
10001 21003
12189 24810
4982 20049
17093 22192
18898 26261
22074 23793
9753 18622
3927 14256
2241 8337
9912 19554
18895 24162
13406 17395
3741 24050
10338 10802
17777 21962
6180 24995
26021 26167
3076 3890
12244 14371
13002 21368
9595 19739
5863 17825
7881 25156
14968 16202
8937 10650
8520 17909
17520 24901
14497 20000
19068 24147
21678 22234
15150 18579
5314 5424
8310 21748
2354 10442
2026 18490
10198 19372
1195 5235
20256 24497
4152 10536
8499 23340
1710 9293
20143 21816
2292 24732
16934 20468
1847 2653
10706 26379
796 8320
1905 20270
235 23973
17845 20473
11969 12580
12113 24602
2187 24800
17586 18034
13503 15368
5115 18325
3825 21495
14928 23848
10491 15729
16056 25689
1373 8718
16294 19330
11053 23053
14449 20063
8950 20192
3167 18906
3422 9104
1455 14570
1830 3601
7801 16464
6209 25254
9439 17387
2250 16467
16306 21676
327 21710
5547 15191
8805 25328
20860 25095
4289 21090
25089 25637
7713 17704
1801 9851
2788 12736
2942 23231
9673 25030
19869 20263
1383 7059
8782 21826
11368 11642
339 13210
5213 10713
10250 20288
17144 25232
2244 7509
8312 19810
11309 19851
22957 23428
7744 21046
13738 17597
8765 13901
6736 16503
15281 21602
6296 17399
19466 25713
6866 14519
1621 22405
8329 24715
2170 18419
8699 17051
22226 23451
6335 10803
13081 13597
4739 22857
9331 16998
16061 23268
5580 10375
7570 16153
6644 14941
13281 18502
14081 21332
66 2834
6011 24827
19073 24977
10059 15643
1256 19553
3496 25994
8625 10726
15333 22421
11673 15391
6136 22499
2871 20694
18314 24292
10599 21636
9367 12733
6147 23008
14914 14974
22079 25602
15629 19157
9383 13680
20843 25396
11991 19056
3565 20738
11493 24478
4277 25633
16746 18136
11214 23336
13980 17964
18581 20098
15871 17872
15148 16494
7044 12794
11425 12121
14719 19471
16400 19569
23632 25003
4543 6433
4160 20924
12656 17766
19894 25489
13153 22773
12507 19629
8352 13411
10136 25005
17350 21754
7486 17168
2620 17274
19314 25853
3212 4125
10818 14193
8041 16932
16470 18968
18172 23030
23091 23982
16427 20961
3445 20282
17578 18090
3653 21214
16934 22751
20400 25189
16489 21546
3958 23018
6001 19533
1682 3004
8743 9108
2358 6027
6765 12466
6894 8675
8674 19073
4662 12638
3428 4665
5886 14712
4621 9604
15915 23014
11480 12083
15044 26427
22943 25265
1687 25871
3347 25321
10381 16541
584 10962
10513 16431
18439 25723
14631 25211
745 8584
3682 8574
6234 21703
20216 24977
14301 17873
6 21198
1778 17479
4527 12463
13429 14911
6517 11559
6297 7880
20306 23823
7088 25082
8934 18572
17074 20505
8130 26691
13675 24887
10260 26063
12543 24738
1384 7766
4152 20779
5580 7047
9029 14537
8401 14968
14297 17363
11107 15732
10377 18367
635 16925
7581 14411
23919 24109
5454 5632
1250 15471
4567 14174
13186 25904
2526 6630
5483 11702
20577 23777
3709 8666
20768 25974
8973 26511
1565 12486
453 16480
3556 20852
5448 25829
4063 24103
3741 22066
1136 24094
3817 6371
972 22185
11718 25927
393 24989
686 13685
16076 19672
341 5056
14274 22209
15810 17688
7933 14179
4045 26506
137 20165
5335 6717
19827 24322
2652 25535
880 14207
2726 6236
19050 20200
12667 22790
12562 17112
3775 15139
8231 16101
4157 4358
1842 13773
811 18658
1640 19974
1059 7914
22438 23923
12507 23777
8630 24148
13761 22310
9571 19518
23524 24306
23462 25148
1551 9544
7421 12970
11113 19952
2123 13382
20119 25904
6985 23370
19543 19557
3628 12473
10661 20959
17010 20670
9149 9329
18856 20347
11996 18434
7328 17064
1530 8559
2880 14650
3936 10724
18417 24299
10886 25399
246 16391
5547 19394
16396 25772
1536 19233
1095 19490
5069 12801
6881 7461
1867 9655
16125 17257
3119 18207
16706 18471
3562 15744
1181 12067
1449 15265
3212 17617
3969 17330
13137 25825
23514 24102
22323 23373
10003 20827
4374 15514
4085 19612
6116 23176
13578 21747
10419 13050
14228 20846
567 4566
2326 14612
11388 14080
15775 19372
6224 21662
8840 21486
9117 17593
10540 11246
4865 11708
5822 11452
11522 21371
4352 17495
6769 16924
18078 19611
6416 10878
1612 4251
4039 15951
15195 17642
1836 8574
5192 17556
3874 15591
13669 15876
1929 22802
2863 26578
4904 7475
4710 17260
7215 22235
23720 24691
17942 21268
8934 22036
19231 25723
1819 16864
11912 12642
11526 19517
17745 21104
1215 21072
9823 20333
9307 12869
21646 23241
5592 25124
1289 5156
22692 24491
4309 18161
9229 19981
7455 23132
18143 21271
2582 14419
1906 19734
2262 16400
686 5243
306 25896
576 12696
7860 24470
3262 15962
1915 12505
1271 19344
3482 19937
15866 16725
5694 13484
19241 19570
12729 17357
655 9848
640 4615
3696 24188
8977 17679
9127 10039
930 12527
969 15902
1633 14899
7905 26441
3234 21124
14569 18845
4265 11772
4757 11746
4011 26414
7036 7040
15452 22612
11727 23818
18418 26713
2890 13888
2002 12931
7780 15536
3496 14829
9645 21871
6011 15769
2879 19741
17491 23936
11595 12156
7825 16891
146 9920
15911 17770
1174 22965
283 13372
2482 4994
15473 17278
2004 5635
3402 24104
11923 16280
4908 20872
12443 19433
6784 22643
12902 26134
7755 18350
3934 11254
20776 25144
4790 16837
12543 23693
12715 13597
7906 10790
4600 19601
1768 15463
2599 11419
14047 17419
9981 13939
3287 19148
11243 18483
9224 23759
7681 10564
15208 20376
1009 26378
5775 26105
758 22366
8404 12356
818 11800
19743 21338
9497 22083
16260 20128
1711 9802
2390 16506
7490 9168
10445 24222
12532 19087
1254 21082
1270 6834
3688 11332
20038 22050
11590 13356
16766 24258
22710 25152
1997 2588
5238 11095
25430 26605
7350 20771
557 17599
2709 21749
6174 25534
9572 21193
3785 6690
6027 21808
3436 8199
3084 24026
8915 19876
7863 24446
123 4956
581 20329
21451 26103
15154 18180
14374 19237
12387 12939
5559 25796
11359 16146
770 24136
2060 26793
19315 25051
3324 18652
4315 16546
3021 9983
16256 18692
1155 3948
13604 20379
1049 19242
1983 9698
17585 18079
7559 24691
4572 19218
9558 14747
24447 26390
15954 24369
14136 18789
1278 24821
7107 15377
734 8856
7602 13104
7971 20326
7957 22377
3470 5069
782 10738
2018 22729
16300 22094
21666 23277
11950 18855
10410 18238
15761 26697
16351 23493
23481 25792
8999 10272
12858 18414
1000 7820
6028 19561
9579 14230
4583 5181
4630 21508
2633 6386
11188 22827
8090 11070
22242 23423
8996 9600
10540 15557
784 16166
5691 17818
15116 21539
4929 7817
5379 12978
13109 25593
21254 24864
2995 25474
22466 25652
3325 8612
4632 21301
12207 12845
24209 26076
8022 18762
188 20090
6535 10572
4687 11559
11099 19469
23687 24166
24158 25966
9531 15491
14215 21272
19230 21932
514 3873
9045 26565
1833 25432
15250 21609
14004 22405
14673 18299
20672 24350
2775 19943
17747 26171
16195 22282
13705 25492
10109 18972
11454 14691
12747 21029
2219 12491
7546 8579
10024 21264
9284 25655
23860 25238
1913 9977
16576 26444
25737 25891
12317 12935
7599 11744
7638 15873
7791 18101
12091 12888
327 14990
4488 16529
11532 21003
8321 20252
20923 22861
20048 26310
9928 21798
11982 24851
2574 7713
753 2387
6862 22862
14633 20468
20646 22216
22459 26375
13048 24538
2137 9294
3560 11083
2026 26496
693 15326
695 10969
4845 6980
4688 8494
16005 19636
23107 26037
3144 22401
4601 24003
4986 14954
19526 25689
9561 11666
6377 23850
18648 25191
4906 15604
9677 13948
4160 21412
3232 22342
9947 23608
4094 12427
9877 15699
3552 17099
349 22588
13702 15074
9516 15693
226 19485
19223 24725
6311 20089
1991 8142
12432 17435
16191 25639
18977 24440
6344 21700
3180 21778
15239 20762
9484 10907
19718 24825
3523 6316
13884 24476
18502 24039
11059 14635
24188 24675
2432 6693
15347 18201
10113 13939
2403 18006
9277 11223
9125 18036
5129 15221
21646 25150
11608 20448
528 551
7728 14169
4150 25675
3037 22385
9821 19321
23712 25217
6423 14479
4340 15303
6590 22240
3904 22357
16159 22707
4873 25602
4786 12653
14844 18007
2253 6825
11980 13099
3385 11296
17618 24540
4244 23300
10665 19137
1470 18322
4753 9298
2528 9810
4520 16186
22260 24810
5672 26722
333 16782
13288 26669
4360 21539
598 4433
6063 23611
8344 25660
14908 20341
5705 11071
4091 9485
17400 22573
13831 22114
4458 7966
20338 22936
10355 20614
19539 25212
15529 25010
8213 18387
4001 8666
5077 18682
11479 21474
5770 14704
3309 21584
9483 11946
11829 18554
16899 26091
7231 16196
1751 10481
5980 13238
2818 12608
3745 14688
3047 5261
176 12243
372 22277
3311 11723
7184 16794
4630 10651
11845 25035
13148 15388
5337 26728
49 23923
2484 11392
5764 6500
10416 15739
13388 14444
5186 16359
6626 14823
12613 17565
6668 18203
14132 23465
9884 11835
5274 23009
530 20826
3849 15697
18869 21407
7134 21995
2595 23250
1903 12820
17412 25174
16480 17960
208 7606
11369 11590
13736 17089
1931 8344
4666 23395
21183 26383
17885 19328
20920 23300
8723 18461
11061 24427
12241 24472
2665 5306
10618 19656
8319 20448
18959 23794
8166 21108
123 3603
4069 22479
10793 17149
4704 9929
14192 26767
19787 26016
23020 23853
1998 19193
11087 18535
5750 11408
20114 20934
2302 25202
14303 24770
4742 8585
5586 19298
16303 26311
2024 26197
14938 15832
5454 8269
7895 20133
7196 17651
17775 20987
7303 21655
9068 20175
7020 23289
10574 19195
12028 16096
11940 22399
7117 24124
650 11360
520 22850
2373 6436
16830 18607
9577 19355
11137 26074
2627 7871
22335 26449
17244 17806
4057 18415
13154 17877
9187 20984
2566 11688
9131 22809
20764 24159
16063 18182
9992 25060
5145 16814
19797 21603
17484 24971
9459 15148
18971 23483
3129 18567
20858 26544
5243 14733
710 21401
641 17100
9670 22807
989 15568
13698 26446
3725 20641
12687 24372
15258 15637
9674 21879
6689 8639
10563 23963
13357 22625
10017 24204
5153 11110
12356 19778
667 13194
13265 19545
7269 7349
6068 10399
937 9756
3489 25100
4408 5893
19464 23900
7571 23377
17732 21770
6263 15418
9322 22487
19454 24609
2721 10891
12137 21208
10679 23104
9252 21610
3003 15421
5951 24349
67 18810
2536 3611
11086 24138
10792 14764
10635 19247
217 2475
832 23716
884 15541
5757 15559
24249 25508
11517 11943
13817 21404
16489 19137
1936 19723
14599 26809
3093 20804
11577 26711
11926 24650
11510 17087
4163 16813
19338 21414
10801 16812
9572 17814
22997 24432
124 14338
18470 24879
1766 6200
12754 26737
5626 9760
4494 25153
4892 10933
7499 11691
16172 20503
8123 16739
13042 14493
260 4268
9128 25828
9121 20456
11161 16700
14795 20708
1347 17304
9225 23667
6486 21743
4835 25688
12757 15384
4144 11541
18271 21878
1688 20751
17404 25676
12507 20053
16134 22210
18713 19752
19277 23995
10373 18468
4122 11644
19639 26562
3169 26544
8567 14433
5902 21254
5742 12671
13773 26446
16786 22257
17233 25686
8875 9301
9045 9978
4478 19765
1393 19419
12384 19316
10617 26533
21534 24495
3173 20893
10955 17897
7440 11487
5094 16893
11372 15189
575 25445
1434 12078
9393 22301
3714 4628
4260 23083
5021 17317
3125 12635
18141 25551
12300 18396
425 2237
619 13622
8213 12578
5220 26279
1036 5545
15347 19426
10338 23913
11491 12750
5383 8486
520 25859
13556 26057
222 13104
6932 16278
13576 23491
48 4586
5567 11232
23517 25816
7009 16646
1463 24392
17280 26282
929 10872
2326 5290
8086 14994
15145 20271
6334 7553
4212 20315
2522 18936
5674 24247
8912 14255
8838 19473
5844 15273
11361 15622
4029 26731
16830 22676
1324 15989
13115 15939
18307 20204
13288 17853
12610 20907
14027 24837
13170 25445
8900 10380
2586 19486
460 24407
5270 17495
8132 16291
1060 7554
5693 21469
2990 8851
587 15443
19649 23064
10393 26440
13108 26795
6453 21342
1037 11707
1265 19973
10120 13220
1930 9480
10831 26787
6958 23436
16999 23225
2937 23634
4561 18997
789 15964
6494 26227
11320 21996
14154 24517
18334 26069
23798 24606
12419 19874
8515 17210
12254 17851
7730 9292
1103 26569
3253 4255
12285 20813
20373 26491
10273 18400
13928 15435
645 13596
3208 23171
8583 22713
7503 19048
19170 21443
13810 21014
8499 9887
17325 21947
25155 26576
9534 15738
23186 25782
16520 20207
14693 20728
10778 24062
20358 25442
14000 26628
10363 19124
3496 14017
19880 26046
10381 11530
13787 26520
565 1013
9271 23743
16993 20696
3193 18567
15789 17261
7248 18956
8479 13570
3035 5334
9505 24031
15436 21014
379 22821
13729 25653
2892 15313
1468 26656
11382 24189
19942 23261
16485 23501
1886 13583
18726 24431
6353 20561
16320 20172
3612 5961
14093 20803
3589 16594
11957 22555
11514 18050
6521 19098
3367 13448
19927 23259
6326 18630
8696 23380
4139 21060
2879 5184
9606 12920
2937 9555
7838 23965
4425 11739
11394 21223
7922 11248
7082 11042
18969 26272
6319 13729
7475 13188
5359 7005
6688 19453
1669 25504
17107 22571
1238 26449
21819 25445
10723 21590
10461 26545
3995 23997
5626 13132
9452 16667
2912 8986
11075 25132
2455 12948
585 6040
21490 26330
3707 4238
19623 23332
544 20002
14458 16497
9389 25134
8128 15530
3059 8632
21507 22483
4170 21382
11446 16040
11406 21825
7656 20271
7308 14606
3340 23032
24076 25837
15688 21624
6968 9024
1921 15471
15737 25946
4884 9246
4005 25758
15915 20741
946 11778
3447 22461
17084 18678
9396 24490
12376 22339
18601 19540
8000 16418
3808 21393
8386 24038
7187 12343
14279 22715
17448 24674
11961 15307
11510 15371
7447 20002
4353 22805
22267 24641
2433 7149
9572 22972
15004 16861
23510 24742
2480 15074
187 1122
1820 18182
10189 13751
22186 24423
19703 23179
12425 22702
3171 24232
20089 21673
115 14724
7353 21693
13554 14861
8996 13097
16210 22449
14687 19032
7954 13925
12506 25966
19557 21031
13686 23796
9713 23742
10025 10502
10460 13877
17249 22491
3391 15991
4199 11963
19807 26511
15110 25406
18322 23349
9720 22590
9420 17868
6822 13668
1264 22114
4978 24425
3495 20141
16954 25589
14920 17001
9049 22018
2914 6280
4556 15512
7641 10674
16105 25499
6721 19564
1415 13019
2532 9332
3221 25355
7034 17580
600 19451
7262 19430
3915 26446
9197 16375
1330 13325
2584 10138
5010 6418
3698 26633
3249 21145
5733 10196
4274 4283
25054 26379
3757 20797
18843 22660
10238 17695
186 15273
5346 10918
3050 11486
10899 12947
869 22887
3132 4880
318 16368
14520 19645
5740 9394
24660 26502
6636 8256
658 25942
4046 12282
7910 7936
3739 4891
4810 18801
16457 22944
2090 14086
4359 19279
7700 23294
7467 16118
3479 5876
3647 18255
8607 19245
11829 16627
2026 23348
7864 13953
1689 11877
11910 12536
6268 15161
6839 22332
8482 20418
12846 22316
13603 19518
8028 12748
10204 25886
4050 12121
2388 7606
15120 22339
1724 3361
6164 14407
10056 18296
3643 12376
11724 17112
5143 5229
16062 21465
9628 21875
4015 10154
20425 23404
10835 17889
6244 18163
382 1308
9959 23853
15757 21475
2200 22780
3635 25855
5722 14038
8194 8485
6724 26128
285 2543
3433 10859
974 20552
2365 18831
20661 23472
11108 24935
20466 25219
2840 21541
7918 8028
4521 4606
2000 12704
7986 12363
21457 21578
4291 15929
1030 20016
15431 21059
8387 22735
7327 14124
2113 24366
13989 26346
13014 18856
1262 20029
4399 5030
3801 22602
2077 13008
6862 8776
72 11308
6336 12638
4855 19017
11639 20154
16969 21872
12805 17820
2337 10316
14210 24894
7146 12857
11211 22336
25020 25682
13991 21588
3647 13625
13065 22591
6033 21618
2737 4544
4759 18905
1466 9979
9368 20863
6393 25344
5712 14100
1938 12189
2343 24252
2825 4778
9235 18240
7536 18798
3572 16726
256 23092
9420 16192
17707 23248
5011 10094
914 13680
7226 24355
8084 26601
4803 8344
3127 14282
11535 25792
7243 8494
244 3268
523 21342
14112 20255
4246 19272
7453 20089
73 21816
3418 11950
23744 26413
15762 21390
504 19006
689 22435
1170 7984
2678 20663
956 1087
15826 22085
3837 17424
23876 24731
21149 24847
5827 16291
16943 25228
18147 24435
8170 10587
3869 16329
7017 25133
2191 5161
20115 24977
10688 26054
13284 19335
12852 20873
1528 8200
122 7317
10231 25522
6931 16849
8866 18490
6323 19181
14098 17458
1697 24372
13228 21510
9363 18020
4741 21455
1458 15432
22278 25290
2765 16750
2598 16344
19432 20988
4778 6970
4210 13868
12819 25368
17425 25860
21256 22569
7784 22026
10057 17798
16370 20747
2483 19925
3922 9873
8359 15023
7957 16440
17430 26096
10402 13753
1455 12020
10214 11716
10699 13451
8157 20931
11088 20093
10911 21214
1354 2519
3607 15352
5596 21430
21602 25434
17416 26053
15749 26792
13949 16156
8133 21863
25163 26190
3293 25526
4105 17039
3231 5400
10120 12969
609 21488
4583 25150
10559 12787
9287 17583
7838 24961
11274 19414
17502 22548
5218 8170
5282 7108
20502 22742
7085 7317
15183 24300
954 13686
6275 11649
12880 14211
5603 21580
2174 15237
7300 23578
303 3903
287 9557
10966 20479
4067 22250
25729 26304
6521 16148
3058 10157
21811 25102
3432 20692
10555 21258
15064 26247
16998 24805
14589 22756
10231 12503
14585 26020
11919 20868
21760 26224
4674 5292
855 15504
18956 20872
9367 20692
22983 25858
5655 16212
1373 3537
13265 14156
21783 25834
15704 17316
12877 18477
2567 11330
3277 26015
9973 20623
11819 20492
10076 17072
3025 17577
17804 20192
6371 17735
20961 25847
2196 13265
594 15934
10892 10949
17462 21431
6392 13364
11555 15171
15899 26014
5495 10638
8622 24227
13880 18229
13365 14107
9772 13291
16991 20735
7722 21203
7390 14048
4231 15931
1297 12536
5337 17232
2028 26755
7302 8687
10894 13745
6857 13935
13104 26467
11227 22027
8797 13210
3015 21948
2087 24073
14040 14259
9642 16685
12266 13209
2567 6216
21981 26303
2162 17013
529 10755
19224 23507
8767 13223
11961 22143
6398 18911
16506 22625
8050 12121
1768 7179
5297 6061
18157 22292
8262 26004
4257 7945
11020 21562
10067 11091
850 12503
10502 11019
7220 22631
13565 18207
497 16522
25076 25724
11161 14223
5355 20352
6869 13369
19 9434
10304 22415
12396 24528
2034 10546
411 24187
22121 23559
324 18822
7559 11493
9519 11235
16838 21512
14278 15618
1 7700
4787 21894
1690 12089
18013 20984
15271 23421
577 693
9968 25741
743 6095
2330 19067
16860 21944
6024 13061
22909 26540
1278 14188
13886 22533
7387 11214
5672 7361
13676 26372
2590 25154
8631 11954
1810 25982
1380 18521
16358 19316
6673 11992
2299 21945
9976 24117
1808 26323
766 10670
4358 7851
3691 25064
12724 19401
13074 16481
26059 26476
11357 21829
396 19596
16655 26749
4111 4833
2735 19371
2455 3516
12144 22101
25428 25562
14993 25738
2022 21276
9451 21397
17957 24848
192 18611
11259 12905
19426 25521
5830 16281
17623 22464
218 3701
8851 9179
4318 15618
6125 7948
3790 6831
916 3221
6825 24803
3189 17874
6680 10048
20110 25412
14735 19979
9210 21432
7990 22217
3653 7657
14220 18338
5553 21089
15446 24686
20246 24226
4591 11552
12863 26207
4167 19892
7423 9045
11452 14858
10254 17388
940 12717
6970 26712
20501 21971
2826 5111
8532 24873
277 9892
533 9360
18200 24824
2647 21031
11992 22019
1308 4108
5822 18109
13377 16871
15785 23576
12213 25815
5780 19051
19669 19882
2334 18891
3286 6277
6281 12099
14931 18941
7614 8710
15092 26214
7551 22654
128 23553
6451 7033
13114 22890
5444 8340
17845 19361
12003 23847
1854 9515
4163 7196
964 5745
5332 17440
6608 17947
133 22032
5699 24552
5083 11222
5147 22763
16815 26026
5421 23268
12807 18286
12865 22428
12984 21625
15287 25419
739 22902
7071 20229
12640 21263
7711 15422
3556 10436
17412 19721
5425 9508
3498 6230
3898 21103
11580 16974
8507 17850
6588 9212
16036 22487
9223 11789
5421 25846
4277 25192
9419 12603
6328 14886
3861 21463
4166 11482
2997 20900
11154 14075
6861 20755
11022 25704
7104 10310
17170 22658
8321 17821
3410 12788
2945 24766
9499 18207
19084 21688
5510 25527
7585 14639
11445 21205
15323 26620
10984 19827
4831 14100
12597 23403
12473 13016
13477 25667
17429 21434
6202 7482
17327 24052
10732 25591
12339 25969
11914 24285
2402 4838
11931 19270
5037 16275
1184 20716
10375 24270
11058 17884
4130 23155
17767 22782
7996 18424
9680 22698
14291 21319
9449 19796
1386 13653
3298 19511
8840 15258
23197 26811
7622 26669
9742 19267
606 11219
17299 22505
22777 24387
5916 23023
12237 26119
10828 16388
9088 16612
2795 11319
10559 18563
8538 14640
17568 20986
17391 17906
8430 14289
109 18239
20227 22163
1454 18351
9871 12685
3212 16195
7443 12572
12561 21318
4505 22533
2821 5427
1090 25924
16422 24056
8805 19949
7129 24692
2654 24683
5453 22457
1255 6743
10884 11691
5170 18614
15099 19882
8991 10434
166 1982
2492 7480
3928 18068
7933 19094
13915 25730
1895 17289
1439 21210
14236 25556
9043 26250
19907 21942
12097 19884
21846 22039
4002 17724
3984 11934
10346 26402
10532 16995
4770 16549
17219 24349
15844 17124
6134 11958
14953 20070
19956 21659
9445 15276
10898 14204
502 22589
17877 25086
3817 9555
7708 18881
16864 22148
6394 26420
15582 22055
7105 16861
9597 23789
8472 18984
774 15935
9518 11859
12587 24083
21945 22381
8018 12748
18386 19836
16328 23723
19693 23369
9442 19606
9714 11663
5918 10747
73 14962
1969 3843
20574 26043
15128 24113
9976 22630
3579 17509
19012 24849
3204 9718
1340 14639
7513 20052
15715 20648
3495 20484
20657 26162
14695 23184
11851 17760
9414 10704
2230 9374
12202 14018
4353 8356
12322 16069
9890 26619
6580 11108
344 21854
1277 2811
14036 20222
4648 25428
7035 13903
403 742
8500 14053
6459 19570
15532 22839
3303 24124
7505 19773
1539 5039
21242 25000
3667 6092
3515 17069
21136 26230
11810 23720
8827 13522
4329 8133
22735 26646
14572 26486
18479 24991
5145 9335
17610 20112
16002 24693
3201 6827
1248 8781
7705 9752
19802 25206
15777 15836
15269 19301
1559 16900
782 13007
14367 26030
5387 13540
1714 13512
7550 13907
23485 23629
6718 19941
22165 25230
7612 13738
6696 12948
1667 3722
15786 24300
4315 12654
5092 20159
716 22344
10466 23906
4525 12878
1633 22955
10706 16425
923 10781
8608 20913
8778 10973
4530 10714
17824 22282
1404 1928
17956 22172
5618 6740
17133 26565
20116 25917
2821 15657
1688 21285
5585 20563
14303 18043
12989 13945
3293 14605
7131 19426
3517 13266
11420 21379
17605 25863
5668 19406
13615 14757
23 6686
5174 10425
8484 24889
16202 16741
3044 26157
13739 22794
11714 16241
17851 26161
17594 26505
4472 6827
5478 18356
3243 3362
8254 20118
6001 25981
17171 23369
12952 25043
1015 6020
775 16884
2315 13071
16333 20994
10438 21416
4800 17101
6969 20141
21771 24231
6072 26800
4082 5221
7595 24969
7800 12835
1717 9567
935 22363
18176 24887
5621 23787
9792 13734
24456 26225
5631 21994
14163 17032
24596 25976
3007 8962
5386 24149
9602 21157
8586 25650
1707 12383
10743 23233
8475 18908
14426 17563
3317 23043
3410 9207
8794 26474
14992 18590
9778 21625
4307 9085
14962 19650
6008 13528
4549 13802
3521 25640
9025 24313
6714 13461
6872 14047
15949 25652
13358 20445
10997 24523
7406 13688
2363 2578
1970 18633
1738 10662
20111 21414
4235 26336
14345 21529
10885 16590
6428 26020
12595 13225
8956 11502
11316 14827
18561 20523
21346 22334
13233 22786
13021 24593
9552 21820
7962 19625
367 21235
952 25537
17648 17910
5778 8016
8281 13147
576 17558
23172 24634
17924 23443
18266 26361
2547 18398
6003 13961
1444 1503
9559 17901
12835 16566
542 21064
3299 16168
4736 5518
12618 26781
1566 2324
10070 10095
12881 14588
6902 14410
2447 11872
4473 15092
8014 15260
9272 23297
18415 21707
7850 21689
6499 13094
10965 18945
1170 5562
4309 20474
14543 17948
5935 10248
6197 10928
6904 17465
1847 10392
4027 5448
8171 26820
4639 11196
20749 26103
1013 5736
2707 18605
12324 24748
509 15773
6958 12453
9817 26264
20261 20808
13232 26027
13013 24677
8087 15872
8551 12300
1536 16929
12248 14149
10847 23224
8015 10226
1550 21378
1533 7182
20328 26059
2218 23500
13538 15988
11912 21518
18632 25343
20552 21751
4091 23768
1177 11226
12331 14268
10878 14064
15760 17349
8503 25828
8117 8759
24939 26383
18069 21567
4145 23078
22340 24698
7932 16068
15329 25999
9266 11598
14594 23860
4619 25334
7990 10007
21876 26405
2563 14772
11529 14532
5707 14944
17030 21767
1573 3187
252 25797
5459 20736
14720 16105
13968 16241
3567 13665
6657 9962
15860 17017
700 15168
3338 7426
9663 21046
12818 17206
11885 21468
17890 18437
1210 17606
16736 20973
14534 14787
5810 23945
8288 10064
11741 12334
12265 13243
9854 19715
20595 20898
160 19741
6886 11488
22543 24723
17787 21025
827 19423
13390 22104
1750 26753
4734 17662
14981 25692
576 23224
16147 25839
14058 25946
12009 14606
386 21787
19997 20282
10382 24543
10685 12422
15437 19384
9554 23344
9790 10523
10853 26006
18743 20557
14510 21330
9219 16076
15020 24061
975 18223
12035 25050
8075 12426
3919 4522
13111 19561
3601 23838
2078 24851
17078 23449
10648 18905
9485 20224
145 18008
24785 25500
8937 17652
2318 18834
812 23426
15564 23235
5279 10025
17580 23552
1067 1206
18956 21967
2009 20829
2315 22067
725 19643
4563 21724
14420 21692
24358 24766
3228 11942
1363 10774
574 22628
7707 24407
5150 16007
11709 15336
2917 6832
3900 14442
7098 15897
8314 8991
11338 19715
18503 25647
3139 5080
1186 5048
3332 23676
9108 12420
8480 8879
10974 14190
19179 22897
15475 17140
18121 19839
13215 19055
21324 21409
520 22341
14279 19450
18 26560
9174 24909
5383 20136
6338 21820
7210 21749
13816 26226
5124 6555
790 1826
22076 22562
10414 11880
1884 23533
16626 23371
8484 24812
3303 8584
4483 13813
9498 16230
585 7702
2302 11887
21597 24146
1558 2021
8161 23785
3916 22518
571 19781
14445 24047
6771 25556
9517 21289
5532 23884
5735 21503
13308 19353
9429 20129
957 15013
7114 20189
25195 26137
1574 24488
12052 24278
18714 19790
6972 22176
13333 16040
3802 21426
1937 8217
12206 22651
6086 18296
7347 24453
8963 11065
1200 25859
12198 15593
8891 10933
1110 22933
3393 16424
8605 12296
18682 23113
14264 23086
4216 17925
10320 23467
13128 18617
826 5094
4633 9811
10018 16457
7117 20850
8633 14694
5397 24961
1937 2043
8896 12300
12648 25749
12646 22899
573 21802
1019 2412
23486 26047
18232 18460
1983 7299
393 8258
1850 11321
4447 19497
808 20514
10263 11282
573 26245
3313 3733
10189 16702
17535 23204
9171 15901
2689 14348
9315 16848
15569 18951
12566 25814
14623 24671
329 8973
19883 21486
6677 21328
19801 26786
2549 16933
8359 20079
10988 14961
21027 21093
13568 23988
2701 4909
17777 26241
2696 9934
10825 15613
14343 15060
13398 15326
14815 19485
2823 10914
24252 24263
4734 16133
12170 25561
21213 22801
3853 14169
14155 15948
10764 12866
17002 20623
6329 26256
18865 20927
5295 11447
6709 15860
6343 10326
5864 16478
14867 21230
4948 11753
16262 18985
4843 14211
12535 25780
389 12541
11758 12798
7616 12935
25257 25983
15616 19897
15234 15402
8849 13782
17749 25983
4595 17613
14359 14384
13137 20758
11730 13086
7633 21856
15632 19612
10150 11084
7844 17609
1378 22682
1918 21872
10359 14348
7834 26168
4629 12134
23262 25765
14463 20749
2017 4589
8926 10824
12735 15587
6011 7856
4226 17500
650 15833
3787 4742
1494 13421
6465 8184
14095 20824
9744 10530
15360 22936
6492 24236
9598 18060
13438 23974
8935 19931
9069 25115
21963 25452
261 5003
17461 20587
8270 12603
504 23191
17260 24246
2226 12939
16151 19385
14774 24653
23948 26577
11534 14570
6935 10819
20570 21448
13567 20947
2396 9859
3219 25882
20293 23799
4720 9245
6343 21911
9155 23330
17097 20589
17069 25674
3070 10833
18008 19951
18171 21635
16727 22712
12640 25525
7606 15201
11358 14061
6256 22558
19024 20275
2124 19441
1908 24512
2003 16707
10050 11471
3443 13939
5110 15829
13115 23953
1495 18866
134 20466
5373 9005
15099 16855
22440 25228
18431 25480
1960 14391
12369 19302
14448 24105
18346 25005
12816 26114
1805 7808
4696 25358
1128 5351
3068 21888
18871 19642
9991 23857
8623 13898
14465 19211
4912 22852
2055 14493
4095 8751
23553 24451
12316 17173
770 25096
10909 17314
258 24921
15332 24515
8849 9528
2119 17258
16318 24731
10146 22108
3633 25443
14524 17000
6525 12333
6536 17861
1391 12890
22852 26716
2612 21045
15456 19841
7028 25089
3708 6904
20151 23034
10945 21572
4427 22806
18054 19988
10816 18425
15117 15312
10263 17458
1438 15422
674 23428
9077 17073
1456 16001
10058 19389
11788 24304
2869 7623
14981 20756
12572 19690
23459 26589
3807 15490
12857 15658
19659 26197
12815 13446
126 3678
4324 9071
24125 24171
8745 19875
4181 8497
4107 26749
6993 7967
1209 26458
20159 20777
426 8787
2804 3858
8698 12071
1730 8144
14888 26284
12022 12699
9356 22099
5201 15881
5762 17382
3486 11247
7389 12225
17276 26594
12610 25822
3665 23906
8877 17792
6498 20281
7335 7680
4130 21498
8314 11384
8152 15523
10171 25708
21456 26052
5904 10389
20507 24856
14951 22529
5705 12660
165 6894
10670 22130
4217 17306
1557 8027
8528 26777
11022 22437
5184 22198
13047 22574
14517 15484
8121 26803
18842 19935
1259 26012
7331 18016
5846 8704
10099 15982
20518 23530
21113 24908
4988 9612
15438 16510
698 9622
12195 21368
1316 7685
3512 21933
17454 20210
497 12197
3960 21305
13738 13810
8315 26093
15647 15987
17800 20968
11852 23752
14352 24182
10370 15411
23327 24930
19860 22267
2073 13531
11974 18938
13192 14108
7934 11475
3884 8757
17305 26745
20982 26508
7530 18481
17103 20868
453 21966
9497 10534
8302 10595
11457 21802
1487 26360
16322 22410
8918 12934
3324 16768
22336 24797
17453 22041
13476 24726
12659 15836
3368 14330
1683 6650
23234 25129
819 10517
10060 11677
6355 25172
13376 15110
18503 21195
18547 18757
5239 11906
2338 5948
22474 23512
16615 25614
611 8622
2701 15570
2875 6826
15704 16308
936 2942
865 15076
22069 22416
9701 16941
5924 21929
19495 24171
3726 18602
8165 15948
2337 18383
14327 17267
9366 14103
13025 16707
7632 24466
12720 15842
21188 21512
1607 15955
22500 25096
7858 16299
16913 23227
2850 17224
8285 17046
9990 15744
10053 21691
8742 18682
19323 26329
3628 10846
8288 9063
7328 11007
11157 24114
15691 25255
2623 7769
17703 26096
16102 18824
2260 15264
15802 21043
12753 16382
21779 22343
6598 9562
3932 12775
17495 23070
4422 18826
8734 9944
8985 15713
2710 6317
1677 19531
2384 17178
17234 24463
21248 23094
17459 24810
4656 26577
9711 21940
10317 17320
6960 14529
21476 22692
6172 7360
8284 20446
12035 13779
1096 2223
7415 11662
14424 15361
7266 22156
9593 20120
9175 13716
10833 16540
2753 18822
13374 21926
9107 18685
26704 26735
7869 13414
5656 7564
6687 24290
7719 24437
27 3712
7774 19943
2665 23031
4912 19834
6460 22298
16436 17491
1749 18077
10647 16161
23329 23489
10000 16579
6220 7269
6892 19676
1016 26564
1907 24786
9741 16584
4039 12217
3041 5238
16280 21300
23870 24752
2024 22109
9391 19854
13685 22740
17291 19065
1994 4675
10376 13015
5315 21513
16412 21577
9344 20681
5080 23861
18927 21083
24599 24753
3014 22380
5807 16498
19263 22695
13370 23752
9535 10305
3427 15086
2697 22151
49 5527
9785 10867
1738 16066
9972 19095
4074 4990
11029 26654
15374 20689
7633 10396
1962 21594
7495 21951
20809 21679
14602 26710
9309 14442
10986 23924
20389 23685
3992 14612
17710 18365
18496 19274
1449 8887
11667 22861
1302 13792
2417 10510
3353 4533
6745 21574
10645 13953
776 13224
5696 6413
8677 24149
2490 12156
19078 26166
11360 16005
18947 25868
12213 13477
10537 15968
11063 17475
2009 7251
19729 23130
13586 17071
6499 9517
618 1509
14939 21245
19255 26105
18047 19545
3078 14820
7675 17936
12774 23730
6091 16983
5668 7495
16 1296
1668 23028
8862 14466
5087 18103
7764 9269
12870 14743
21334 24613
1409 7757
2098 6518
14434 18871
10839 23607
4294 22752
9492 10553
19522 24247
172 22080
8919 9873
15539 20701
14075 15676
9921 25898
18902 19025
1038 1411
4863 24198
6566 17639
5203 9781
858 13494
23144 24057
11473 20459
2810 7905
25498 26584
514 6487
7750 25949
21515 25024
2709 12175
1150 15894
10832 14518
11841 23083
18007 26093
3763 9758
12038 21153
6475 25054
22251 24166
25401 26664
18174 25452
7940 21067
3659 22617
385 11947
2162 16220
9044 9261
21397 23998
14590 23143
8494 10780
6975 8788
10346 25218
3092 25135
20874 25125
644 16264
8107 26320
7576 17235
2076 22165
13633 18272
7004 13811
19123 24180
22306 22654
9902 15765
2027 2237
1103 1889
6602 18877
18599 23887
10285 19623
458 25950
5264 5791
10465 11862
13883 26152
12634 24021
15397 21909
6176 21105
3572 5076
11933 16511
19725 23588
2767 11967
9310 25315
3682 15501
3512 4244
4077 26122
8903 14051
3970 6519
10901 18929
5123 25157
769 4766
4272 4642
9574 19359
345 2223
929 11548
17914 18842
6964 25887
7023 10252
2582 16243
1415 20567
10773 22837
5661 24688
8249 17583
4216 12294
2479 2532
9390 11321
7862 11990
4577 11290
13649 24766
24877 25579
8874 18840
14786 17796
1056 8327
890 21621
11267 19144
4462 21102
6467 6772
14360 18627
12630 23740
497 16213
23717 25331
2178 3708
956 8096
1775 1783
4188 18769
8661 22115
24965 25813
5335 12221
17100 20143
10500 20813
11945 22361
7758 25236
8512 12866
2161 18707
12047 17390
590 12095
6422 22813
4951 24016
8514 14080
17080 24227
4047 14686
9761 19319
12137 25806
5731 24063
487 6318
11319 19926
18203 22233
15950 19428
7820 18479
13107 15397
5661 20742
11958 22020
1829 15214
16649 21802
5383 9888
362 19276
405 2061
21753 22692
2908 6926
8928 11114
6754 19973
4949 14921
5460 19826
400 10240
9210 18532
13466 21126
11955 17009
7170 16811
12939 20148
8847 26293
15106 23078
4312 25452
813 5804
13066 18388
11213 15325
4306 16225
14335 18892
11651 17658
12993 18290
11568 13459
5034 26497
581 20851
256 16853
862 3602
6021 14335
13450 23575
6413 15613
3442 10148
20851 24536
200 635
1369 22250
14114 20478
3677 23907
12046 15275
3460 19937
7419 17878
10780 24760
2939 19713
9718 12104
11189 14836
3604 24304
2592 14421
5718 22941
14043 26088
1084 26524
8453 21898
10512 25066
10455 18116
11432 24514
3389 5252
4373 5651
2246 9704
18935 24318
12254 14005
5899 8292
15929 24430
6535 9442
6468 12421
16496 22070
837 3504
3718 24796
6305 19718
1930 17432
11149 18052
6398 8282
8983 17912
1916 26286
7900 18177
19038 23197
11111 17652
17518 18802
13755 15552
5109 7102
7925 18880
9625 13070
7109 21475
18638 24431
2692 16011
4576 10022
5413 17312
20108 25743
6951 22057
16594 22968
15016 19615
14885 26514
791 11335
13061 23334
17027 20756
5431 18241
14487 23593
7514 14074
4962 13188
3740 15361
13932 17268
1534 10224
12841 21358
10976 16743
2324 4378
24627 24872
18754 20431
2415 13248
10646 20143
12683 19617
3892 18397
20458 25478
8961 21508
15384 18172
11029 15047
13401 23401
19849 26538
7160 25172
10866 21701
3910 10658
13959 18444
6095 21815
17110 24284
2162 17861
5514 12909
22863 26078
17471 18261
5307 21183
14502 17797
7254 26096
8218 14768
16951 17444
3291 8448
7128 21446
2364 7536
9317 16029
1939 18583
19425 20975
9033 23854
7235 18475
8317 23647
17998 23389
2439 13429
620 15117
16325 17961
18718 21234
10851 20628
4698 22549
347 8054
19388 21968
8948 9113
1501 14048
6258 13955
4058 25077
14366 18794
5625 13490
7578 13522
277 20497
1129 8928
10318 16085
7101 7935
907 7832
9638 22513
19465 21784
770 6551
9437 25906
14964 16649
16297 17956
6918 22753
20909 26076
8776 19744
3669 19495
17178 23074
14265 17816
2489 14431
6948 19074
7323 25138
5697 11649
7920 21866
22570 25828
2290 13174
15770 25915
13968 25527
11530 19330
15914 20941
3132 8013
5159 25192
10684 17323
13655 26006
6351 22130
20351 20577
9928 16293
6079 11579
13815 23191
18517 20947
17945 26612
17501 25174
19490 23668
7569 10739
9057 10708
12033 21913
1944 10564
10181 17503
6845 14128
3419 9480
15760 22702
22876 26527
26076 26365
14216 15698
4605 22818
5565 19184
3084 11597
10809 13022
3907 21729
17807 22490
3005 12472
2653 26313
1332 5324
7508 12728
7910 25311
5216 5831
11337 12774
17065 19722
12010 17714
2361 14248
5060 9869
6102 25027
9735 20031
10712 26658
7485 10879
6344 9779
3061 18537
17857 26754
15757 16085
5080 15826
9130 18086
9456 18256
19619 23929
12657 26169
13981 25441
7208 12570
2658 25973
20478 22054
14881 15754
1532 11346
24282 26473
13506 24249
3733 17078
2368 12557
23957 26124
7715 9489
20082 21946
10237 21049
9380 13521
536 21594
9044 25091
8542 8894
9961 11961
6551 20126
3040 18854
1035 16151
9551 11430
12098 24969
253 5040
4113 11310
17932 26486
6265 23825
5334 22269
19530 20628
7589 25083
2498 10778
10 34
2286 8155
9407 17279
11693 26088
7579 26058
12600 18390
7736 12944
2595 5463
18862 25309
4724 24151
5915 12048
14653 22009
12497 15710
3772 7196
1302 25139
21061 25747
4938 11544
6132 9538
10989 13813
431 23368
10571 25085
11889 17224
5426 15684
10081 22454
272 18743
8322 26344
8103 13882
22796 23435
23589 26518
12797 13440
13526 25371
225 3247
17667 22794
18047 18060
2911 19345
19527 26247
3067 6989
5267 22699
5365 6009
12169 13211
24401 26675
16563 18627
1821 4267
15620 23369
2852 4189
15575 21906
4603 17592
21930 26801
9205 23977
16770 17277
4671 10529
21678 21783
8064 12196
10276 16360
1320 2012
18420 20627
9347 20475
17161 18451
14815 21642
9297 26023
5902 23694
4247 9541
9527 13653
4715 23875
5291 24745
16893 19575
6335 23963
1863 19795
19559 19745
13111 15036
23501 23869
20058 22583
4447 20044
1314 17486
3020 16823
3542 18625
22082 25878
5957 21428
21337 25495
18475 25127
11183 26738
1313 9569
7333 8324
16487 19395
14116 20462
13990 18108
20793 21473
2214 3382
24263 24555
3210 19333
10056 17901
8387 16608
6269 18229
20609 24631
1979 18424
19272 26588
7425 24491
14453 25988
4911 7867
14095 21813
16173 19073
1163 14539
9523 18461
3983 8531
5259 8284
16807 19884
8825 23263
22054 24085
9255 18121
2635 21559
17759 23485
11922 25346
3552 12630
10333 25446
6035 24878
16103 26197
10898 24851
4205 18914
9011 9143
6425 7212
20779 22961
15409 17872
7926 22167
10416 18691
13061 17001
13749 17109
9664 13845
1700 22462
15893 20321
13255 17217
23021 23971
14088 17972
7164 18289
18566 19218
20113 20777
1100 8093
9978 12170
12542 17725
12875 22301
15107 15332
7315 24470
11650 13064
5774 9106
9548 20062
13747 26552
8305 21129
660 7097
3848 20467
5845 24972
7008 19452
12520 14273
5835 23695
5013 11758
6680 7986
14553 18206
15351 22387
21507 21969
12918 20698
3546 11885
128 22175
6606 11191
8378 13097
2086 4057
21247 26704
3836 9624
10754 13168
6791 21938
5263 20392
9287 11080
1453 12408
959 20238
12498 14756
9020 20535
14502 20432
6336 12619
18986 24610
16172 26649
14611 20725
17792 18335
2342 23365
3254 18226
12230 20660
12032 26337
4580 16147
11197 26704
17673 19848
4717 15398
659 21127
4530 23910
1824 7574
6145 23358
2207 25247
7752 26661
4017 10449
7961 15400
7448 18787
18829 25026
2701 7739
23225 23722
7022 11216
10275 18794
8826 13340
686 14147
11046 17890
2035 16630
3431 26395
1699 5606
8187 17032
13489 21398
4861 17203
6619 19736
3405 17482
3985 4700
23690 24064
4781 11023
25501 25898
4748 8631
8432 25063
6803 24108
20411 26003
14155 15866
16813 22103
22681 25153
6573 13968
3244 10717
5594 5955
532 753
6002 25900
10734 20381
12888 26001
1604 20900
366 22274
5431 25037
4819 5033
9671 16252
22064 22723
2809 17447
23884 26134
1058 24194
11183 24391
612 8572
10410 17759
7333 19977
13895 22196
4151 10064
11708 23165
16820 19099
1225 7230
12458 19721
3457 19711
9730 22093
9099 10441
5741 21011
12668 17730
12862 20979
869 8736
6139 10440
18014 24384
8997 17748
1027 14277
7446 21143
9984 13463
2723 19608
6125 23108
2649 10008
6456 13759
1515 4417
6781 13061
24220 26712
18270 23263
9039 25972
5218 16890
1768 18072
10336 23192
19756 21321
18200 26092
240 22016
20477 25403
16504 16718
18804 20995
11082 13159
40 13970
15913 25029
24397 26772
11600 13795
8337 25649
15838 25380
3900 17274
19770 22666
8572 23193
21044 22080
10799 25945
13294 20598
5830 14555
19790 26701
4792 17037
14092 21517
2593 3888
14053 18822
1637 10381
6884 24933
130 21726
11641 14977
494 16260
6386 12763
1788 19036
8244 8330
3441 15366
20268 23269
12759 24882
20866 24652
19990 25247
21170 22848
4041 15546
20106 25314
11791 21579
1698 19156
24512 25637
139 11844
6296 20696
16700 20244
14735 26308
9230 12952
7727 23248
23274 23520
1545 11865
3628 16373
5189 7250
20654 23210
12605 25596
3712 3949
16333 21884
3080 9105
2388 10275
15906 22076
4376 21901
18562 23019
7941 20440
15769 21024
17092 23104
20676 21922
11105 16649
8161 12041
637 3961
2512 11738
17857 24664
5701 10700
15581 19926
11402 19272
4246 5697
4156 13122
11511 13028
21266 25780
535 10487
19371 19751
19431 20556
3763 24653
2871 5561
10615 11695
11487 19208
19494 25456
10435 26222
10856 21031
470 14828
17904 24163
1408 6480
13668 18811
17516 21085
10948 12110
918 20818
1847 21052
5311 24878
21999 23843
4690 7040
5505 17015
565 15711
633 26203
4988 20926
6413 15177
17064 23260
20102 21087
3277 15768
12361 19196
4470 24383
2325 13335
4307 14068
14148 24120
12940 17560
16653 19232
6606 16925
11217 21962
15045 19383
8567 21736
24258 25436
662 16179
9702 17874
17456 24696
2693 26455
1115 16686
7568 22116
4225 11612
192 8538
17053 22212
8884 8961
17652 18047
1427 11673
19651 21164
13473 26438
7509 8044
17412 22909
3538 12523
629 20970
19135 26653
11079 20634
11044 17149
3926 6081
7069 11801
23732 25231
1599 12961
4486 16769
7326 20502
7422 12333
13210 23008
5214 11442
7003 11568
11951 17422
11410 26372
1485 21547
12830 19461
6015 14581
11283 19888
5622 26435
8333 16926
18030 20877
7622 17359
6417 23148
3603 24248
5236 10800
2617 3508
80 24393
10634 21320
12381 22910
18196 26363
10257 17812
15532 26535
3040 18779
12014 26536
13527 14447
10133 12528
10201 17358
6221 23744
16917 17048
10763 11648
9267 13289
11128 22363
11496 17097
4446 24886
19474 22149
14130 19678
8087 25406
8496 23884
14819 20425
3759 14278
22852 25413
16783 20323
5033 26524
14979 16398
8756 9178
22148 22264
13206 14755
12120 19970
2847 21716
16747 22736
23319 23465
12268 13425
3590 14068
4236 26486
8244 9124
1121 21767
6878 16621
2223 3435
11642 19685
5945 20617
5949 7261
1632 8629
623 11583
12910 25966
10126 22808
2397 24418
10824 12529
16043 23276
10929 13225
14755 21153
14452 19166
6064 8537
3166 26033
14513 26006
9590 15715
8994 13920
4745 9464
2100 16789
13606 20993
8088 17726
8138 19304
16007 26076
29 3889
9789 14770
13598 18099
16366 20761
10690 19601
1899 16920
2481 2558
4173 26392
2007 19900
9175 19916
4121 24926
4082 12166
17774 19128
1028 9901
14450 18207
8599 24371
2766 11378
17156 18153
15291 15790
10031 12559
8995 26522
13132 26684
7138 19287
8531 22860
4285 9879
6387 12414
2674 6083
14287 15826
10584 11166
11801 26591
19817 26731
11518 19594
4434 13506
3609 15049
123 5957
6158 13651
6938 20407
8930 22353
303 9981
11073 22711
13434 24231
20652 23637
15987 24487
12162 24331
17026 18443
442 7817
15061 23046
2558 9533
19164 24644
22932 25986
7497 13581
15652 18532
814 15273
5497 21610
17336 20325
18724 25769
2802 26374
9727 20768
242 5433
8778 26254
1767 6681
12415 14052
1797 23785
8799 17682
1141 15523
9781 24387
1017 4382
17423 23340
4032 15286
1570 6746
7334 10971
2377 4065
8222 11110
11754 18857
10450 18022
15444 26207
2399 15380
1265 13236
817 25383
4030 21225
14307 21779
3202 23288
5391 7318
10335 26528
11182 20802
1900 4298
7175 10547
3189 25978
7747 12695
13273 20475
80 3482
6230 17579
1267 25151
12769 18619
6009 11689
8297 18881
16626 21696
1351 6082
22767 25356
14446 16437
17745 22441
9456 15955
1457 5138
6611 21943
10701 19135
2729 25188
15184 22940
10005 22586
2137 3850
10034 12441
8669 17009
9037 17176
16076 21306
21838 25687
2590 12197
19700 22869
1116 8901
8044 19845
435 24489
14958 22489
2568 21685
8781 24016
1839 12679
7795 18094
10338 15942
16302 16522
5144 9803
7961 24398
7655 10328
2483 6715
6456 19574
8222 25607
10896 19508
16238 23532
20307 24085
2188 6245
11145 16048
17760 22560
7815 18049
6507 18721
5354 12363
18612 20561
16841 25673
4697 23878
1564 16365
4544 21835
11958 17440
5189 19321
16229 24772
15523 26044
5325 14937
14960 22403
20177 20834
19875 21435
9926 12052
4322 15198
4707 12794
15412 22914
5836 10164
11735 23676
9179 13471
12095 23164
3482 13356
3061 6129
8466 19806
15066 16921
10604 21806
11572 15818
19433 20514
19044 20702
7577 10784
5143 21968
6636 21049
10724 26045
1586 2086
645 22177
22723 25880
1823 21920
3034 21315
5544 12570
4875 6059
23401 26209
18388 24346
17245 21150
2219 9438
345 17872
12039 20141
8064 21438
2629 19172
12766 23853
7651 16839
3441 10685
2858 10364
17169 25477
10231 24139
3404 8817
11566 18874
10005 23567
13126 25327
13988 18418
1750 2207
4836 18010
14661 16188
5865 19054
2484 12230
18247 25861
16939 19888
1700 2736
13625 23331
9511 26041
21477 26783
5488 8342
1723 10452
1863 23789
4649 18389
1421 18452
10164 24741
2019 18034
6504 18236
2029 14817
16192 18395
9779 26327
17006 18908
1296 2363
20290 21635
8433 12663
16173 21536
6254 14274
11151 13252
14898 15969
11121 23209
16264 23640
24624 25051
1372 18573
22048 23350
16298 25853
7169 16532
7612 13840
5537 9910
8682 12064
7140 7843
4039 13868
11960 19406
3640 5528
13908 22706
3943 8912
8256 16507
1663 3072
6545 21404
2558 21186
7018 8792
18959 22767
8216 13846
4148 20348
3701 5070
17153 22179
1743 22141
2464 11321
9978 10082
134 8858
8332 24759
646 23033
16412 16704
2381 16426
12597 19185
12143 15339
17643 19949
14971 20001
8489 23107
6698 16263
4803 17404
6608 13071
21507 26634
9459 16670
16871 21311
11422 12960
20929 23624
12899 21859
21610 22561
18588 20514
6643 26476
7529 24125
17589 26142
16937 22015
24234 24720
6232 11629
6912 21682
2543 16932
13778 14220
4191 13884
24495 25663
14343 26272
16017 22688
2523 18185
8453 24594
2720 24886
14709 16715
19947 26051
2351 8252
3337 7300
1981 4023
3506 16117
4080 25774
7614 22748
21607 24720
532 17753
5310 18766
13128 22863
21921 23338
7195 7983
18072 18395
6798 26777
17102 24953
8384 23834
22087 23263
4086 17981
7558 16329
1142 15359
16806 17199
6847 17220
16718 18318
19059 21401
9446 21830
1958 22563
1460 25733
9040 20095
2405 6929
4344 9995
10455 12315
5229 23486
2580 3254
14538 24780
21009 21256
14743 15386
8039 15447
12944 20665
981 13024
19881 20812
2175 10789
14110 22798
692 4290
10154 26323
7996 26596
9362 23650
25552 26014
5142 21881
20928 22435
3063 24662
19452 24728
7500 20134
13459 25029
4941 11395
11278 13240
1998 15764
4589 15824
12137 26476
2953 4653
18773 18818
6388 22559
6364 11585
6847 18643
14725 20576
355 6280
2593 17034
3873 9847
2819 7403
3961 17544
10280 22782
6630 25596
6962 21905
7073 25119
23314 24267
14113 17810
12989 20518
16602 24238
13539 22648
931 18238
332 19141
19934 22246
9397 20304
1941 14610
14207 15644
1139 18123
7836 17534
5150 15207
7946 25515
14101 14844
13691 25526
16447 24421
5138 6687
12302 13414
3463 23817
24032 25728
16601 18593
13657 13985
4355 23432
819 5888
2320 21035
9641 23050
20296 22998
4855 19409
3884 22921
13660 20978
7822 15784
2045 20170
7670 9270
1090 5425
10920 25410
6201 10519
15949 19848
8633 14915
4257 6254
17748 18632
3391 26263
18090 22533
7620 13182
12484 16184
21036 26396
3678 13380
9748 13676
11876 14729
6719 16874
17250 20691
2850 26703
3977 23475
22512 23968
1790 10215
642 16767
7892 21346
20474 22320
4967 10335
4577 26136
4665 18372
6790 13492
16464 26319
2146 8049
8627 11592
11384 23958
13478 19499
1820 1877
7315 16760
2996 16032
12386 22950
1194 15186
12998 26446
12163 24598
3942 12914
2916 18668
22092 26805
15010 19824
4251 26208
9953 18938
4132 22315
11418 17920
6266 6823
18254 25111
5763 15099
7356 15313
19757 23860
10982 26142
1091 3895
502 12131
7511 26218
12776 16961
5656 18090
12687 25520
8838 20540
17241 21126
5826 13061
5647 14779
10376 18051
6873 7329
2809 8877
13465 15843
11381 14079
11303 25271
736 11143
6275 25315
3527 17909
143 2412
13918 25624
9748 12187
3049 20994
5303 18739
1672 25767
2262 22600
8778 12137
4282 20407
14051 23938
4858 25707
18962 20865
17482 24692
3338 24924
1056 19240
2186 21908
12456 14875
1673 12648
2005 25172
21508 22407
5813 10866
21497 21989
9581 26437
8900 12978
17953 21294
4232 6949
10595 26752
1356 10618
8529 9544
15565 26437
17731 23581
3120 7947
17020 26229
3970 13715
4578 5492
2901 16655
1790 2565
18329 18669
7836 24381
1260 8937
10925 23193
7359 7719
1149 7120
8629 14339
8775 14393
9446 10168
4109 15055
1822 18853
2332 8109
16105 24041
7773 10863
7161 21596
1943 5035
19772 21810
7795 20421
2136 19430
6100 21098
8492 16333
3750 4397
6819 14369
7345 26493
15260 24780
3067 24490
16884 23267
7244 8546
5046 18280
21260 26451
2410 7638
9978 17710
15786 24459
7423 23945
4748 5727
4995 22637
5187 14176
2035 8370
3003 8798
20619 21291
12658 19397
6676 13286
11378 11500
4714 10694
1989 3006
2069 12569
11165 22238
5413 20265
18093 20350
12036 22733
11514 25546
6376 23732
16777 23827
10765 19271
4490 22212
2033 15248
4811 7257
7510 18413
5215 12036
19810 22707
15085 22523
2334 11160
2518 11735
20984 24435
5936 19380
3661 23269
1206 8501
7804 13154
1847 23315
6334 17440
4868 20973
16267 24371
1969 11412
12985 25366
921 4841
2416 5981
1854 8429
17826 21416
13149 17489
16402 25067
17534 22183
2896 10876
14602 20847
2407 7450
11826 16052
9992 13002
1081 12949
15712 23802
1954 12285
9251 16939
5252 16896
7494 11369
16791 26461
16965 20161
8670 9760
16708 24477
5042 16793
11098 17191
21591 22473
1942 8905
9947 19015
15793 26248
20935 24276
2117 15029
4488 13588
15100 19501
5914 13581
5145 5937
9105 18295
16689 26426
12801 16122
18399 19318
18175 22313
1912 13469
7424 23337
6898 13199
9974 17926
18098 23527
6931 12558
10237 23934
3935 21265
740 17075
17570 21048
4769 5663
14216 22463
6273 20852
8156 19822
16830 23382
5398 25957
19427 20941
14909 16886
5971 22328
10295 13271
296 22790
3802 13515
1869 20322
13620 23354
8097 18023
5086 11439
21210 24820
295 15627
691 7225
15795 21974
9274 12586
19017 23823
8626 23921
15723 21317
6925 26059
1949 24344
5961 26312
5806 20022
1849 5912
6081 24162
3523 6529
11425 20648
9571 10715
6051 25424
196 18371
286 6250
5316 18330
2952 7881
4384 15317
10999 19614
10894 23533
1723 25061
3023 4499
16654 22068
5162 24400
6554 22867
19709 25460
615 20546
6353 15414
6156 24965
1914 7222
15020 23923
4342 25011
6646 13717
4639 23019
6614 14408
15929 20243
91 13083
8114 12216
20484 23399
19834 19870
10860 19697
1012 4502
4854 10260
15125 24097
14017 23137
6376 16458
1638 7933
14455 22316
7793 21556
16981 18948
1124 3669
3988 16619
5677 14326
724 1483
14943 25638
17379 26807
1726 2690
2854 6746
3667 16160
13515 16042
5027 6229
7576 20366
16796 22672
6371 13323
11384 25988
4797 16505
689 2936
16381 20070
9789 23570
12059 16893
212 21441
582 25175
14141 20947
12692 20677
6758 8376
19018 19953
8722 9442
21517 22834
15875 18518
17886 18757
6353 21280
20091 26409
11289 17446
10296 19213
14592 18725
5156 12371
1515 16991
20321 26578
16419 19557
11075 11488
11395 16044
20307 23152
3966 15785
21992 24766
891 18830
25441 25611
12139 23493
22834 24560
4742 8314
13299 15194
13746 16179
408 15865
4784 17292
5851 11081
6826 10199
11889 21224
9788 23492
8689 9520
653 25202
11330 20708
11814 26419
684 19533
4459 21036
13162 16370
4432 8744
3038 12382
9459 11481
6489 18255
24566 25481
6382 8478
14958 19838
19011 21578
9733 14349
25059 25764
18686 25430
2762 14554
2232 15557
14391 14479
11472 19498
2193 17817
7272 15752
8213 11876
18732 22809
673 13385
3517 5977
8427 11576
4948 9842
12925 16147
460 711
2271 15377
7047 7124
17681 25214
22626 25172
531 2806
2169 6698
2549 10137
114 12051
6473 18674
6308 9710
1958 23898
4223 10690
4811 11126
16782 24778
5541 11645
6134 23759
14092 19528
8085 22964
2963 19926
7913 16027
14032 26344
8353 18019
14046 19826
12067 16129
20572 26525
17218 25466
6 14746
22595 23849
24258 25970
13470 22231
20438 25929
1428 9867
727 21834
7582 15001
772 8479
13885 23907
14706 19175
1319 1414
2011 18674
12575 24654
14858 18936
15706 20723
3198 6866
1727 8069
10124 10530
9454 26048
3353 12109
1140 9935
18672 23548
18721 23935
988 19865
4469 15818
15406 24524
12741 21317
4635 20954
11243 23814
239 529
18357 20625
6774 15191
8614 21698
11019 12671
17557 19488
15361 22916
19996 26324
23683 24560
21057 22513
9988 23716
14480 17690
7112 8662
17249 19493
326 18712
968 9548
11881 17668
10422 17124
6504 25142
7930 24691
8274 26221
5210 13146
6834 18372
10652 22955
5458 10400
10820 21492
17131 25112
11503 21485
13869 14782
14262 26461
12643 23336
4600 6060
3097 15124
6097 20307
12338 21424
8729 21795
3295 13015
16455 22102
11006 18477
3986 12145
8939 11927
4179 23800
12780 22644
14256 20738
3286 4456
413 6144
17090 17257
16214 22807
3019 10235
1728 12537
23162 26001
5726 9652
3728 5447
8708 14222
9791 14371
19200 21531
1683 6994
11410 23094
16370 19425
1876 5093
2520 19424
8654 12831
11513 21273
16084 22939
13804 23744
5536 22565
1842 19482
10966 19828
17745 18369
807 17014
10940 17560
13875 22348
11663 12707
9262 24068
432 25889
3808 5510
5688 10662
3478 25526
2481 7172
8373 15275
7979 11443
13419 17759
15357 25067
8038 16224
157 11145
19919 20426
20120 24617
21031 25935
24598 25072
10166 11884
24672 24994
1128 11992
8005 18275
15346 20461
3828 14927
159 21929
3870 14106
9014 13190
6144 14947
18989 26396
1691 12226
3060 21592
11375 11448
7072 8513
8430 17232
12979 17190
9641 18842
7280 21459
286 14133
15061 19258
5142 22384
5172 24707
11082 25051
14575 18089
13289 24441
9586 25443
1152 8511
24718 25244
9713 21054
6645 18100
19461 23479
17275 24407
9787 24386
14300 25882
12115 15930
6372 9347
6284 9463
7634 18587
2211 17607
1237 21831
13957 25250
2995 15437
7314 8288
2873 8129
10924 19523
576 16285
14905 22141
8898 19915
14514 20041
18328 25966
9622 18963
21725 26089
4425 11321
11166 18009
6142 13328
7122 19206
3856 14547
11978 23485
14908 21779
12393 13147
18287 22114
14163 19181
9822 11790
12965 21940
9756 24002
2489 21442
14775 21142
649 11407
13478 20660
1439 25563
15374 16711
7076 9008
15756 18210
21251 24233
22618 24141
19135 23914
4081 6276
20878 22904
4255 17689
9242 25228
14729 17067
8318 16441
15599 22548
9191 17009
8107 19146
13359 15060
17720 25547
974 18535
15643 20790
17295 22402
8534 11491
9855 13498
11162 21757
2516 16983
12083 25483
1018 23947
22075 24858
2575 4502
21159 26054
23776 23851
5466 7234
11370 26486
6771 18830
4355 12392
6959 19524
15722 18467
4877 14194
12707 17362
17101 17675
19477 22765
10675 25816
4072 5809
3441 12587
20227 23872
10387 16903
8062 14784
3997 23772
1465 6340
2440 3472
5595 16931
4827 25690
10956 14552
12914 20297
3266 20705
1387 20622
974 24388
7999 9372
6945 24190
2818 7188
706 24610
14364 19156
8402 9762
16015 19577
15870 17681
7 14665
21202 24666
8155 14436
21921 23333
9364 19383
10607 17535
5748 6505
5135 7739
19559 24715
1925 8381
17821 21144
2052 13589
14928 19965
17042 20854
18833 25025
19364 21214
4873 16262
10522 26364
11080 14577
13388 22916
1803 7758
8229 15566
8634 23199
21354 22188
1068 22063
6814 17280
2223 5018
2131 16046
3579 23756
6533 24356
432 20280
9092 12120
15982 18608
18093 22195
16625 18714
11332 25428
2014 2814
7953 10800
4537 15013
8991 22547
5063 23919
17523 21032
992 18109
4 22435
10660 10971
7745 11265
18553 22072
8533 10557
11829 12584
12813 22139
1658 19367
9081 13809
3061 4474
9751 13496
3362 16830
16588 24056
1417 24300
4514 15352
20955 23714
16129 21492
5678 9976
17282 26315
13865 15862
23751 24667
7073 13100
12239 24775
14560 25957
2102 11692
8313 13950
5599 12019
7171 23959
2451 22399
13327 23541
3029 26311
20371 21865
21905 24128
12453 24182
16882 20840
4129 17244
11310 26382
8373 20767
13664 19147
238 12533
13340 15788
1488 9146
14038 24168
2042 12149
1287 12539
17719 24087
23729 25564
13605 19856
3963 13397
11865 15650
16658 22650
16267 18298
18992 23542
15608 24785
16029 26010
21421 22981
4169 13357
19712 24770
8147 12331
447 10670
8853 25783
2140 13515
23235 24332
12648 24784
534 1927
23440 23983
6769 24958
1024 26142
8861 22116
12211 16566
4651 17948
2744 19264
9304 19424
2563 18694
7626 18873
3224 24038
2227 5647
26145 26215
1548 15912
22160 22623
16998 26639
19890 22655
7399 18012
4966 15865
15500 19199
18741 21290
11437 24355
15881 26246
3202 23582
4746 24614
3092 26110
207 12283
1052 3973
10292 16279
3507 17923
2315 4726
4043 7057
4738 5138
6394 12090
1698 21238
13965 14738
4664 8343
19503 21589
10873 13938
4355 17387
8100 19240
6610 20201
23029 26818
1751 10632
7502 21011
8598 20456
1570 18141
8504 15573
6881 23818
9447 10309
6521 25232
503 20107
10716 25372
4146 26150
10781 17624
16809 22390
8349 18789
67 24128
2555 24026
1989 24517
5948 18257
280 15497
14648 22742
17513 18426
3740 12522
4516 12743
16961 19081
17202 19961
12177 25938
3395 4014
5361 13599
24199 24710
10545 13839
14235 26602
128 19132
4548 5619
3954 17712
17104 22405
4113 15490
5121 25402
21136 21349
4438 11116
9395 10374
14831 23630
975 11541
7949 24587
19105 20091
12468 23848
6281 14107
19283 24069
16912 25510
2896 14186
3337 21513
16164 22089
1027 12118
18825 24359
12822 25019
9367 22676
6153 20193
638 22105
19733 21501
15677 25879
15488 18773
20992 22630
7358 24240
2514 26320
8375 9998
664 26709
10160 21036
2090 25763
11404 22005
16090 18999
19611 24113
704 10916
11015 17470
15092 21819
3025 17467
20366 26611
8804 25464
3905 26413
4693 16549
13248 14523
21323 21925
7886 8800
4570 12951
11560 18882
10125 11377
18677 23575
19833 26003
8703 15596
13130 13871
21770 24721
1662 19529
9451 11554
1104 18218
3483 12437
7094 9631
14267 14744
7563 12590
2012 25425
19212 19775
18300 18498
6135 24457
8427 9662
8935 24361
4935 9386
3539 15607
11747 13968
4173 10231
8582 23950
7731 9814
11443 22373
16765 18080
4130 25847
842 16474
13731 14518
20007 25765
7808 26478
1841 22631
6786 18388
10612 21132
2393 14513
9053 18058
6094 8217
10069 15228
5570 6985
12147 22610
2073 5611
3712 21025
1145 16138
3636 11581
15172 19680
1848 8647
4857 10203
1557 3516
9574 10711
5812 17485
490 8680
3445 10185
3178 8380
3283 3478
5456 5728
1895 7833
25140 25612
5122 7774
4172 6205
89 12658
6612 7109
9293 17908
11397 15157
13047 15151
15840 23993
4512 12167
6765 9953
16877 26618
2765 19070
5065 16931
10442 11113
21728 22713
9739 20038
372 13518
11499 16457
6268 22100
8487 25220
4949 7307
5239 21369
8404 26619
20441 25844
21599 21966
1673 24362
1827 17595
2646 7835
10614 18292
4657 13406
636 772
13651 22310
9443 16754
615 14420
622 8983
1246 21642
15784 20933
15570 20186
6280 17333
17190 24475
22774 25292
21691 22147
7228 15796
638 19140
2806 13435
17807 24565
14354 15384
4743 6289
12965 17151
1782 24897
16641 17184
1463 1991
10949 22432
7840 21692
10572 23677
2970 16431
2028 25303
1776 5605
3171 26220
11605 19969
18654 24787
1051 16168
23384 23773
18077 24402
7986 20820
126 10081
1775 9150
7074 10094
1083 9825
13562 26364
10061 16469
5136 8798
13195 25789
2781 3538
3443 15257
6375 12163
9014 18121
10018 15762
9214 15442
9109 9498
11706 26342
6126 21672
10333 22418
5950 23661
6150 16138
3906 9955
13220 22705
2673 18880
14302 22215
3793 17891
5868 21821
19475 21771
972 15605
4499 16067
4127 18181
2513 9213
1990 6728
3570 18758
14490 15742
15795 18936
13341 24809
9069 21224
3183 15050
3971 12393
4378 20099
8247 24499
5492 18366
564 15379
7475 24922
8200 9111
7249 25104
4593 4869
12738 25539
17898 21221
5424 6194
14437 19770
11123 15888
7072 18129
5862 12957
8061 12227
1758 2769
5605 8605
10987 26028
2565 22719
13347 17524
8631 10744
1668 11362
4263 13049
22141 23364
18653 26240
5771 11913
6650 17968
6232 17226
2625 20905
7725 15553
3475 12710
1789 5357
6172 25025
883 16397
1372 2036
2990 20545
7161 10492
3995 11958
15975 17028
11721 25097
5883 11043
5046 25593
2070 12173
13709 23366
21809 21928
7957 10547
6203 13613
896 20658
16694 22498
13915 22424
1194 3090
1216 7013
5042 23380
2212 23489
14711 18278
3556 15011
3276 8312
546 16465
51 4364
1523 2339
8177 18642
10481 13764
875 8948
15623 18437
7878 25664
4005 7532
10821 24156
904 2940
4642 9809
2814 14387
17715 24347
6508 9135
13833 18961
8062 21930
12060 22014
3498 26804
4010 23946
19455 26193
10023 15114
11264 12954
6939 22540
20416 21212
3119 12111
13439 21114
17248 26429
17988 18591
7606 17755
13378 14193
3565 19637
16718 18922
7767 22934
12609 18004
18703 24356
6342 25007
1636 25331
3562 10479
21069 23739
2800 4908
6543 14565
15792 26691
2717 4092
4127 26062
14885 20244
3582 25481
11869 23640
15153 20934
14731 20716
16738 24448
5773 21305
19601 21254
5891 16867
4945 20143
7500 7906
7689 10545
8893 20369
13957 15552
10297 14975
12390 26587
12485 20997
162 12784
4719 16538
2179 16709
15237 23570
21708 24210
7179 17771
10892 19406
942 4200
1153 15266
3787 18665
6224 25391
6941 12880
18221 19030
8277 18393
1354 3097
14264 26568
11408 13213
6464 23279
4819 18704
20899 21654
10840 11645
9718 10787
3487 13017
5163 15215
2497 10063
5967 16178
7863 24832
24215 26026
7656 24731
10890 17774
1621 22177
13570 17088
1959 22438
10726 12189
6279 26737
14679 18687
1269 9159
13304 18137
5845 21786
3450 14010
5165 17368
6873 8938
13192 20821
5919 12057
17152 24548
12560 15360
3214 9717
1855 2988
10644 21811
8345 24552
6547 18981
6569 22941
2203 7643
5472 23796
18830 23042
13696 15749
6556 7137
1859 9001
5298 18018
1442 8834
1921 3850
564 25046
11129 11774
2243 26761
14341 17365
3313 20518
12745 19031
4824 9588
2578 13424
183 19877
12080 22734
5220 12419
10324 20506
3134 11548
11807 22575
8667 9919
400 2320
13806 15341
1605 10760
8086 16060
8221 22112
8949 16435
17827 18068
14081 18434
5404 6241
15604 23019
16776 16824
16887 22290
12465 25527
2059 22119
14633 19297
9094 22572
1045 18542
7977 20331
7583 14779
5261 26204
11704 22810
12707 21798
10181 16949
8133 26442
776 23494
4795 19463
621 10788
14289 15178
1816 21021
14939 20427
18631 20993
3424 24253
5775 8116
2328 15948
2189 12406
4106 15161
11612 17222
15483 17265
416 9982
8997 25621
68 2065
6633 8002
9951 10313
2119 11236
18292 20601
22083 26808
3074 22985
25942 26319
6399 6495
14598 21544
20620 25098
17029 20908
7787 15322
5230 23726
2621 26278
1097 6421
604 23521
14530 22019
203 18747
14612 21600
22511 23555
9653 18445
5637 19512
1547 15638
7586 20822
8859 19109
15473 16122
14129 18598
1083 16406
6309 15596
12479 12861
10816 24188
806 14593
8887 17343
9301 24530
16596 24422
4925 26715
7833 23035
903 13213
14422 23896
19408 25841
2701 22204
715 25930
9624 22187
21860 22524
6041 21564
3438 4417
1923 18611
1450 9531
791 10649
1324 20948
15340 17942
14307 20051
15446 18109
3978 21027
11082 24320
9312 10409
18377 21960
4170 13091
15547 17868
4503 8016
17505 22152
5449 12068
5399 9507
20973 25188
2491 9511
7384 9013
2962 13068
995 3716
16741 19955
11582 21465
9304 12517
13643 14880
19183 22595
14474 17023
12576 25063
4182 5049
1853 19733
4687 14081
5909 21744
4579 21903
1128 3235
7434 16347
1162 16782
23405 26480
2327 4690
9865 24719
2398 19159
11498 18330
10644 25625
1620 11631
16513 21501
14594 20299
5989 20518
14923 26661
3796 19521
13340 13808
1909 15827
9753 21108
1700 9008
304 15229
16279 22852
16841 19623
7221 20093
20471 21526
3751 9282
12088 20360
18461 19711
11253 18512
11189 14555
20096 23534
17 16569
10219 23136
3814 9752
4010 6365
12710 12836
7997 18405
25274 25807
991 26200
3163 12801
14292 18001
1039 9625
718 20830
19651 24365
7268 18316
15378 23753
1966 23490
23593 26503
16502 23674
1636 20582
5664 13927
4354 15987
16293 16626
2383 16086
20455 25183
12466 12839
19 19637
17808 20569
14206 24592
15169 25871
2280 22202
13744 21565
6478 7327
11183 13460
13400 22398
20688 23822
5029 22289
9604 12622
11792 14443
13035 22421
23482 25638
11553 19530
5572 9103
2655 7338
10700 22997
4231 7383
24175 25043
9172 12295
19512 25966
601 24701
12033 18302
2365 12379
121 15847
11942 26293
1600 14010
17976 19991
11090 18843
8459 14466
18010 18299
5471 9680
9947 22894
13526 15181
12397 13344
10506 16176
1606 26569
12450 23972
5010 21484
5564 22824
4520 8788
15607 26594
10185 21086
3387 15621
12743 25887
8145 21314
10930 25111
17015 23766
9584 10895
2493 11035
2763 12616
8323 21478
2083 21902
2142 10468
20383 23575
5115 9886
10257 14034
14314 19680
17082 26277
9428 24503
3086 9226
892 5604
12520 22566
9158 17445
956 21575
1790 20754
3387 8521
9099 17511
3156 14021
9838 26710
7435 14347
15325 17566
5648 25638
1156 9218
658 17572
9648 16935
11103 26341
17908 19916
2085 23910
23593 25511
11625 19512
10928 21506
9254 11504
1621 23173
9462 9992
15075 16465
5151 13060
14822 20220
1622 9748
8037 23325
6388 25690
4325 18845
2484 16839
6964 13957
11466 26635
6325 24587
3290 16185
14260 23607
631 22592
15172 26089
5977 15623
3324 9538
1145 13098
10940 16389
892 5041
1079 2652
3328 26626
24479 25509
5381 11778
7554 7649
6795 9583
1310 3753
33 5990
2467 15451
7197 13498
1181 13667
20539 22333
11312 13349
16680 24929
1816 18500
11497 21918
11278 12425
3161 26462
2948 14569
2924 15178
4077 8970
2807 12378
10070 19865
14624 21399
3375 10620
6587 10024
188 16319
14183 25039
6238 13290
8925 24392
8811 10263
8757 13410
1013 1385
1071 9203
336 20125
1981 11639
16903 22476
862 23618
9308 16438
14351 16931
11048 23236
5276 12505
477 13833
6039 22327
4508 9664
8984 20892
1569 2956
21564 23025
7721 8017
1738 23144
16495 19096
3355 17040
7756 25236
18805 23832
11964 24147
3620 3725
5983 18904
5919 16933
4366 23436
800 8982
8322 12034
2217 8711
719 1180
20783 23335
14341 16980
14531 18043
7647 14689
2503 25404
6316 24045
8009 16539
10742 24081
3490 7829
1141 20134
10556 10601
4315 16802
10748 14972
2542 16886
625 24684
14818 16127
5936 17758
6158 14424
3085 20962
7660 21875
3890 8823
5008 12420
1295 15740
14980 21531
922 17858
5447 19408
1469 26069
3182 5740
24280 26425
12606 14191
2486 3492
5630 25127
12875 14581
15589 15694
6186 7036
11221 13569
194 9548
3941 12265

