19942 4327
2734 13169
2497 6252
8722 19174
9776 17948
15344 17997
11354 19431
1821 8449
1038 13436
13244 19523
4909 11115
4796 7531
1676 14626
2263 11045
140 17426
3730 9951
7718 11333
9450 12386
9472 15177
1257 10069
511 18501
3830 4333
4528 10376
5847 6681
9436 14208
6592 6798
5426 17762
9713 12387
12625 19635
15618 18394
1358 8988
9667 19330
9908 18224
7997 17026
10107 12017
2264 7455
2186 14180
11728 16122
725 10738
11376 14508
3868 18444
4798 19892
6248 7146
1600 12170
9466 17964
1936 6606
9677 12140
1165 16788
1259 10379
4907 11842
15957 16404
6214 11025
8754 14789
255 2832
6418 15550
11288 13757
5223 7352
9923 15728
5579 19294
7422 18222
4694 11060
15018 15710
1725 4293
7526 15081
8478 8969
11311 16858
4086 12372
197 11786
1986 17803
11572 14684
10220 18202
2803 3832
12863 16137
10402 13749
4481 12084
10455 17022
1491 16814
1611 9411
759 8148
14937 15678
1455 15579
5742 16849
1922 13882
16472 17757
4172 19736
7125 15267
6370 15743
12792 14392
13615 13791
7778 10170
9311 10748
13167 17344
10811 14447
8292 19696
9194 10837
8341 8706
15144 19390
14114 17941
9250 12495
6729 12005
542 9812
2591 14507
539 17242
14243 17188
9985 17639
1195 12326
13501 18766
13562 17464
10788 11690
3757 13342
9399 11391
2236 17842
7759 18909
5969 10187
2166 16206
125 10957
4387 14003
1788 2519
2683 17744
1250 8851
2137 3347
5736 12316
968 7561
2620 4218
16896 18407
580 14655
604 3492
4800 11319
3128 16819
7665 9367
2607 4773
4455 14174
4406 8131
8223 11172
974 2945
4232 18037
9923 17174
3479 9843
4116 5439
14980 19116
6559 13786
15842 18357
334 2850
15663 18126
1796 2910
4402 14024
6602 6694
5662 6630
4497 14292
1364 8994
897 11594
10722 15694
1716 3295
6476 15365
13799 15282
12926 19329
14398 17713
15904 19091
2000 17054
1212 10931
11367 12728
4260 13647
9426 9515
2444 5690
6325 14823
10608 11327
1665 5580
12707 17686
793 3256
865 19231
10499 11951
1413 9645
8056 9989
304 733
663 3146
11360 16480
43 9588
4334 9022
6650 14061
11749 12240
6971 17414
8766 19161
4524 10723
4291 18594
6633 11268
755 8778
333 11758
8 7043
5831 16587
2683 11426
16635 19696
3380 18593
13685 13733
3465 12630
693 10380
10207 10795
1169 9406
10380 18042
1705 13321
14464 19212
9394 12578
6031 19915
13662 17541
4949 7381
5638 16085
4583 16263
5709 13256
10740 17796
14980 17673
6002 11257
9711 12779
11816 19706
2754 11607
7200 11064
6445 12586
3779 11815
1235 1399
5674 17435
12817 15993
14734 18254
5747 13367
13074 15277
15133 18674
3299 13887
385 1308
3681 7307
5242 12822
12896 13141
18077 19346
12888 18533
6209 7247
45 18952
6460 8586
2109 8958
13256 13712
11452 15758
9155 10732
2888 16832
3186 5909
13157 17382
5123 19668
3578 12520
4001 16824
1885 3322
5789 10861
9250 11415
15616 15645
1601 18201
4189 8918
3156 19621
8769 12768
5027 15499
16689 19765
4633 18986
7147 10949
17208 17886
15080 15787
242 19093
3779 19111
3952 5298
4264 6208
7575 10838
5087 16978
7583 18686
14888 15437
11699 11964
1096 8616
12756 14270
9568 15223
2906 6650
10550 14795
5494 7767
2590 18162
7032 17091
5324 11148
2239 14149
2156 14294
2820 16260
10540 14867
2220 17842
14145 15657
2949 3313
15972 18439
6598 17015
8667 14598
9767 13339
2763 18206
4750 16165
1628 6941
6717 11602
353 2457
830 1448
8746 16139
13326 18894
6895 19193
37 8344
5289 16150
9076 15556
11079 18235
8271 11336
14434 16061
2597 17276
10726 17702
5767 19832
2439 4761
7323 13074
10787 15094
15120 17148
1503 16187
3373 11346
6564 12942
3971 4736
6447 10142
5804 17275
2971 18505
2761 5980
3499 18661
254 16191
204 5982
14545 16279
13748 17167
13585 17140
12403 16231
3874 16997
3153 19830
3863 11475
2392 16879
10305 14532
8418 17892
12213 13101
2459 15477
6115 15446
6933 7182
3067 6845
403 3603
6977 13232
3779 4427
5504 8095
345 7799
2217 5628
1561 14857
2309 9912
4966 9960
4637 9821
7801 15601
13133 18183
2705 18363
2218 7170
7172 19334
9349 11612
4832 13709
11269 14436
10587 13993
1732 11477
11023 18087
4475 11485
6021 7832
11978 14487
3206 3863
2309 7782
71 7272
4589 18646
572 6391
5814 14034
11703 19917
5934 5963
6912 11423
3094 10223
9998 11505
1269 17430
3426 12911
5055 15034
7197 16739
1635 13615
3269 18297
11098 17708
3708 17621
5724 18018
13172 19198
11834 19848
3437 4146
2444 6959
11800 18394
13746 14037
1801 11023
1222 5834
5192 19734
689 13364
15432 18829
13890 17614
16210 19734
3371 4200
1091 16605
10020 14826
648 15132
169 16595
8465 8833
6711 17790
6104 19098
10378 18937
1093 2836
11120 19165
2708 18530
1859 8376
11317 17235
226 14627
6029 17877
2571 8618
5218 6932
626 7278
692 13639
2541 3571
4655 5543
9308 18619
1925 18651
6351 15115
6585 7743
11411 18855
12495 13191
4472 12597
12598 18796
1673 9539
220 11959
4075 12552
9123 14143
5057 11795
14213 19443
617 17522
2047 18267
8997 10211
4786 13812
4561 16317
117 2189
11762 13950
1706 14447
6682 8700
1181 8146
10991 17865
395 821
12767 14817
11122 12686
12860 13962
1786 4613
2088 18012
6436 12988
8349 15953
910 1910
11046 14799
14997 18212
2388 10954
1075 18601
269 18617
351 13323
2212 11402
2385 12642
1094 19374
157 6138
15688 16265
18638 19721
7746 17731
5454 10685
11781 16156
995 15459
12588 15461
13672 16213
14303 18002
4934 15902
6814 18690
10087 16792
5222 9395
4113 7802
2819 5520
3947 4243
6725 8553
17816 18974
1735 19326
13693 14057
8111 8703
11697 14621
5501 17855
2711 8955
3234 17547
11248 13971
1511 3339
6840 10462
7745 8582
7206 13063
8893 11335
9318 15383
17542 19939
569 5529
13125 17922
8523 12296
212 10661
3610 3919
3602 15435
13328 18101
7450 7538
14758 15814
2096 5017
2466 11115
10414 12698
9966 13096
1358 18148
2210 12766
3671 10058
6754 8179
7732 9816
4349 4523
5772 14763
4988 7219
3322 13696
10157 19457
2077 5677
9861 13079
14933 19494
12951 16429
4038 7227
7830 13393
1191 9376
10170 19921
9034 18225
8500 11875
2894 4889
8900 15143
17100 18488
8175 12264
9934 19421
12572 18095
11385 13544
13581 18524
3686 5383
308 8885
8799 16903
3075 14763
3757 16109
13422 19928
13027 18495
2473 17138
1732 17549
3131 13468
12402 17131
358 18950
1090 14555
4964 17227
543 19261
15161 17492
79 19126
3231 8716
3859 13389
8037 17784
12310 13786
15575 18300
8103 8424
13261 19192
5230 10521
7361 19307
636 16419
3078 16616
12995 19896
3032 13202
1354 4392
3916 6869
8937 15188
4275 9282
2006 5221
6120 12341
11980 13093
5762 15751
7485 9808
735 7538
627 18967
5879 15024
6543 7605
9708 15150
6847 10082
7656 10629
901 6029
3108 9175
14854 15247
3430 5025
11018 19771
12410 19178
176 7925
9072 9081
4236 11919
323 9664
4929 14357
9243 16547
2758 10639
3995 19557
439 12356
9602 18960
6665 6929
6689 10404
4924 15676
7739 14046
17245 18595
10102 11784
8750 17517
8641 10062
6286 6752
810 9001
494 13045
3212 5827
19 16873
11913 18493
11862 18182
3331 4615
8754 17932
7212 12516
12874 14070
5485 6294
337 17039
7774 10333
5520 11127
8672 13698
12860 16795
3645 13558
15143 19442
13015 18655
5158 11943
8506 14160
7113 10587
1112 14146
5847 15543
3106 4533
15678 18783
7196 9044
9657 16393
5213 12287
8569 12230
5039 15518
6100 17449
6592 7474
203 4243
198 11218
7079 16983
5506 7701
14630 15366
10541 12769
839 14518
13120 15415
10882 16891
11319 15431
12042 12528
2965 19433
1860 12849
16030 19472
8909 15452
4651 8355
413 1843
1466 4853
2740 11587
4999 12336
624 6227
1286 8449
1280 4317
156 6647
2633 16973
4142 11861
592 1436
6659 19254
9636 15408
8589 12100
4859 15443
16909 19562
11031 15149
1867 10157
13608 14716
8216 10771
3081 18188
12088 19935
862 1970
6482 17113
13008 18858
1611 6524
2705 11750
50 9231
12495 17061
2560 15304
4814 16496
4898 8353
5048 17566
5882 16071
3962 16890
14601 15316
2232 19788
2124 19697
5390 6191
4244 7154
2632 3134
4129 19776
1728 19468
8461 11663
5918 6167
68 504
7078 10584
11074 19518
11611 17013
5570 11985
11979 18163
14862 17428
12358 19651
4891 7675
8784 14876
2091 15355
6818 14825
8174 11569
8366 19238
4708 14055
2628 6434
15713 18466
9687 17044
5988 14224
8861 12801
8204 11448
18225 18312
154 19388
2202 15716
8372 16365
9158 11187
3823 7547
3686 12237
1096 11913
4169 11976
11080 18401
2688 12348
4293 13360
1500 12411
524 1170
12287 16859
939 7685
8981 11261
4112 18123
1804 13613
1836 3357
5276 9938
9824 19614
2309 14243
4157 12761
15471 16875
3591 15010
815 3039
17415 17841
6638 9502
11539 15281
1383 13439
12832 18501
5017 14967
1233 14663
5381 8190
17070 19878
18986 19205
4642 11234
11381 11954
4785 9742
7499 9278
7683 18929
8392 15188
11499 17050
9399 12947
5273 13846
923 13805
5598 18481
16897 18494
1177 10603
8410 13781
10412 17690
3957 10084
8692 17780
1148 10396
1201 13440
735 1367
8918 11447
6771 13270
15908 19068
5099 16555
3200 5940
109 9801
1731 12028
11773 16471
7041 8292
7174 8556
9039 13808
17777 17911
8815 19055
3887 18512
14270 14883
3785 5812
61 5559
392 8468
6296 6517
1643 6667
7814 8135
4074 7263
4852 9400
2995 5921
9299 19927
841 16107
8158 16804
153 5907
7137 13634
4116 7345
4176 5181
5655 12958
6389 15726
5285 9632
2747 14868
7811 12940
7522 16184
6838 9810
8724 10692
4005 5564
12141 16386
1010 1548
877 15019
4009 14839
19234 19261
2529 9132
8885 16387
556 3709
5782 16710
11401 11774
3184 8080
934 9402
5971 18074
15655 19920
18061 18357
2914 3875
1904 7359
1535 12251
7680 16519
6898 9573
557 6382
9115 15393
3400 17094
12253 12633
6088 12099
47 1472
13739 16922
3077 14491
4923 14397
3347 7670
12655 16993
7069 13183
3556 16969
9767 14123
1782 17088
5152 8972
2824 8797
9110 17385
10406 17233
5165 12325
14170 17638
10097 17646
16734 18355
1160 8495
12840 14127
4931 13555
2563 11129
6261 11064
7363 8454
5252 13381
549 2599
7040 8587
2000 15976
956 1562
4000 18909
6304 8927
2468 13866
5445 19554
7741 9946
14497 17251
710 10546
6743 16702
15179 17465
4721 5379
13000 18173
7592 18225
8381 12378
5362 19376
3906 10005
17136 18779
4723 6966
271 790
2165 13010
33 18934
4218 7504
10133 19675
8082 14970
8612 13967
1052 17750
2626 6431
718 14198
10220 12095
7855 13616
3408 5829
8562 19479
6681 16354
1690 7798
12473 14082
16631 17187
1058 6389
5916 6428
688 7530
7799 19313
1096 15806
7487 14388
5088 7508
3105 18479
4108 10755
5350 9351
1736 8704
1360 9765
12934 14147
3289 18645
8610 19677
8739 10782
3920 15250
6809 13506
4861 15953
3333 11289
1951 17259
13399 19616
7458 16661
13367 17040
6145 6930
15682 19374
611 12386
5423 10094
3100 14464
2845 11434
4943 16925
6276 15114
5029 13959
17253 18523
7197 12455
15122 15632
1716 19842
9002 18825
5864 18287
3211 12202
11460 18355
11216 16683
13467 19198
14480 19395
7081 8079
6730 17010
3998 14796
11719 12050
12778 18487
10580 15798
4390 11119
8108 18239
11225 14553
1196 5433
3556 9990
12163 14427
9971 19217
6337 19824
3071 11898
2956 19416
1352 6849
3417 18542
12802 18026
12415 18520
1366 17895
259 19115
15983 19837
16940 19087
17454 18405
1239 5022
6933 18128
5214 17280
18793 18852
6480 14247
8699 14515
2611 10750
4257 10302
5201 11419
6793 18499
9058 15994
1894 8745
9998 18718
864 12400
3346 5048
9708 15581
1018 17562
1854 9432
10705 15541
3200 18994
2436 6324
1030 10891
7535 16777
14086 18695
11685 15418
2845 9232
10628 11422
7187 15542
2727 5570
7630 13259
12946 18951
2370 15620
2343 5315
2760 12428
10388 12572
4483 13246
11028 19205
2015 11865
1538 13023
10152 17585
3159 16454
6399 16594
514 13491
215 16950
4532 14599
8372 10979
14522 17046
3414 17238
16506 19217
7219 13889
14953 15283
18479 19838
2413 6169
11562 17454
8915 9277
10322 14963
7190 19460
1658 17756
8917 14570
5049 7628
3475 4803
8857 19400
13204 18320
2110 15292
10016 16204
10690 14757
570 8259
11645 12091
10401 10453
3948 12979
6259 9538
6082 11940
10813 16139
7641 13739
11339 12542
6301 13476
4009 10222
3373 11027
8393 18069
10273 11701
10534 16989
14188 16360
5569 8422
8260 9323
13373 16556
3274 4934
4220 19301
8986 17042
2444 14764
6291 17568
12330 18551
6996 16188
3355 15853
6112 10692
11018 17712
1155 19507
4229 5126
9367 17902
6362 8997
5372 11556
17092 19476
15895 18667
883 15521
4619 16014
9784 18190
3723 18351
6459 6980
7276 7876
2935 17338
7590 19821
3888 8890
6219 19650
4380 14456
3260 12210
3068 19179
6915 14664
580 15376
17776 19061
11062 18663
12068 15554
9465 9927
16018 18630
11687 18077
12812 18223
1814 10553
519 9587
5801 17718
1528 7981
15559 17527
17278 18146
1539 13323
904 2375
13952 14376
3355 12074
8668 11196
12042 13551
5671 19185
4531 17864
9028 13345
8016 18509
4363 12538
1937 12731
15231 16794
1812 16492
1385 17996
486 3295
2450 6949
5824 6940
8708 9053
3895 12698
16384 18728
8140 17986
4154 19045
10757 18938
8407 17204
6148 19603
1384 6925
12691 18548
7364 14912
541 15510
10412 15376
11630 15979
14198 15232
10008 10368
4133 9573
2558 3894
10565 15097
334 16645
9749 15477
4649 9080
8239 10422
1617 14976
8034 9495
187 10704
7377 8816
440 9572
4945 5143
1444 18288
12649 15325
3663 4970
1418 14623
4215 4394
1146 4630
8308 17956
4878 7862
5244 15647
10263 18672
12497 13470
7560 17159
14659 19354
7571 8278
2559 17486
600 8892
7968 8768
2630 4040
2086 13181
1426 16698
12106 18280
18143 19482
4436 8419
653 19371
6456 15388
1269 16342
9228 9861
6719 16930
603 17155
7760 8329
1388 10929
10476 16048
5693 18483
4571 19840
7196 13779
120 12577
10978 18775
1502 6341
578 4824
1454 3146
5536 11366
2735 19755
6878 14070
1490 8618
2214 7709
3738 7601
7087 9634
12890 16676
8990 12405
4054 9643
1854 10328
16629 18751
5664 8289
13 2958
10699 10850
5861 16122
2310 16206
5605 7794
7126 18228
12962 18623
4376 11765
5958 9001
11716 18107
860 15482
6354 7131
5080 19465
9599 16920
1585 2560
4798 17272
6539 12546
6943 9252
4465 7412
9391 14676
18781 19751
3511 18296
9949 18759
10016 13416
5732 18753
10201 16616
10529 16710
7868 10850
2379 8842
4608 13733
12783 16527
11699 12806
10068 17929
5745 8600
10699 19867
17261 17507
11843 18943
8902 13995
218 1232
5369 8843
2288 10008
5842 8309
17976 18541
5581 10977
1823 9679
1223 11261
7435 14530
8134 18589
6710 14620
387 18982
14960 19277
12334 18542
2411 8766
7551 10769
13755 16435
4290 6225
10843 12942
7745 17581
4178 12845
7228 18603
11022 18426
5290 7917
2292 14709
15886 16181
3520 12616
2830 19717
9728 13520
9468 11903
5950 9769
12334 17760
5959 10263
11030 11492
12688 16531
10649 15184
1800 10576
4780 14612
3133 6284
4635 7549
5020 15533
9151 15695
11294 18597
222 5645
14472 18533
6624 9086
10321 12465
8565 10158
13474 13769
5136 15564
4756 19215
8839 16139
7269 15005
12972 15099
3033 11831
12221 12836
12136 17753
4697 14061
563 4748
17011 18253
7328 10710
4135 5132
4181 15191
8493 16405
733 12807
8714 17276
7500 15926
8679 8687
6755 11342
8315 18061
11942 17478
9647 12233
7226 18920
10761 13007
11666 15099
277 16175
4839 8753
6063 15437
5711 7550
7842 17239
7541 19197
1568 5507
5315 17758
3614 7653
823 1338
1770 12781
4614 15990
976 13854
9256 15910
216 19319
13434 15287
12472 15693
2027 19118
6424 16876
2043 14367
839 17906
1298 6671
6183 18247
13874 14655
4133 15393
11544 13653
4491 8456
6813 9374
1547 18486
2450 12661
8534 14698
349 19704
9193 15337
11640 18959
299 13467
11675 17376
6464 11557
622 15140
4678 9450
4974 7234
2442 15811
14325 14941
8918 12594
7809 19025
3614 6318
1724 3782
7530 16312
11060 19174
1725 6865
9478 13227
6223 11350
4035 6985
14852 16529
5954 8044
12893 15583
10932 11446
12940 17501
15974 16032
13262 17143
9865 16116
4373 11330
13202 14648
8083 10453
4592 14523
5636 7883
4623 10804
3429 11269
12817 16383
14486 16593
1866 6696
12743 12907
6130 16384
3085 9887
7188 15500
1328 15688
2299 17051
11542 13562
5637 18437
7495 19629
446 14811
6822 7306
17519 18542
390 13827
9814 10679
13842 16298
1035 8381
12892 14729
10357 13438
11555 16241
141 6447
551 6053
16975 19201
4464 8982
5923 13546
9305 12458
6927 16929
3573 5396
2497 12053
1380 10221
9253 14025
1936 18810
792 2472
2497 5408
1969 5023
2477 14735
3635 13938
17619 18076
13432 14678
9636 12334
9988 15791
6523 16027
8117 19504
5682 18300
5949 17332
3510 8430
6949 16135
13410 16087
356 9116
2227 13396
5062 19266
7771 16243
140 13284
3437 13995
3372 4969
5708 16488
15329 18723
12152 16882
5258 19406
921 18544
16544 19400
6447 16827
16457 19252
5376 13125
11487 12327
6293 19658
3834 4362
398 12761
14866 17012
6407 13227
5074 13992
2492 17873
7938 9860
15175 16535
39 5509
13308 17509
2798 19871
1427 8509
9902 17831
9460 19584
7882 9141
6230 7300
1391 18880
5179 13864
13023 19331
11064 16021
967 10330
6569 11690
446 5640
10432 17916
7088 15812
4799 11922
3396 16149
18671 18888
8284 10209
11867 12180
822 1546
12891 16295
11247 16407
1582 18712
6148 17145
7859 16189
2952 8975
5482 7936
1209 15052
7309 19163
10340 12930
10817 16939
16128 18681
12006 15758
6854 16404
18924 19827
4037 16187
5748 11698
2559 8900
5379 17988
6300 10225
2686 8675
5048 17214
3403 8847
2994 15064
10821 11396
11696 17258
4387 8837
619 10118
6461 12393
3305 4488
11645 14848
4938 18510
3382 13110
536 1718
7181 17149
3402 13317
9040 13017
2564 10677
6093 17107
4445 15230
9188 18729
9962 14151
6987 8015
9143 18169
1528 3177
10515 14400
3477 5619
18776 19332
11324 17507
5925 6384
2778 10456
9405 12958
2461 5187
129 2684
6484 9645
3634 18928
10684 17146
1743 19545
4357 18011
11069 13610
16946 18058
9248 11811
6314 9728
6911 7732
9450 11388
1581 12313
12507 15119
5138 15278
4386 4419
4641 18264
5327 18857
14994 17007
6061 19081
1993 15146
189 5294
4146 7970
2960 11637
9326 11092
2021 11538
13551 14373
15377 19368
156 1590
16860 19451
608 2245
7760 19233
1481 2139
16291 18922
16723 18579
9533 17694
2082 18229
6980 18075
93 2702
13246 15314
514 9148
4491 12699
11513 13479
4725 6221
3928 18629
9439 9922
6600 19102
13172 16676
5837 11272
13352 19761
5577 10638
12183 13309
17638 19754
1358 15659
1715 4822
2818 10771
6551 8220
9688 16032
18472 19836
7501 9151
8353 9102
3554 10467
1715 10420
4598 11900
4991 16670
9276 9671
9316 10647
5970 17250
1843 16347
12687 14425
4545 11250
7445 19693
7927 19696
3259 5674
3418 4764
12331 12920
8384 16036
621 1258
5888 15905
15770 19456
11180 14213
7376 18052
12333 13109
3001 6318
1437 10448
11326 18096
7785 12329
3487 12893
8871 12596
7212 14768
10819 11992
2146 8284
6659 7794
148 9067
4189 19172
10425 15857
1466 4095
11215 11583
3632 18729
781 5798
3179 4374
15967 19862
4062 10176
1130 16159
5696 10428
12258 15536
154 9613
6272 15090
2181 17667
1683 19871
4771 12478
8576 18434
11427 11443
10806 13985
4971 13177
3350 15079
7700 14599
1153 14049
4238 6767
1674 5678
2945 8385
10746 11984
629 11419
11406 17772
7617 9991
8685 12864
784 7012
6844 15108
4184 18810
8992 14970
936 4931
8764 16540
4883 13185
380 16498
463 1449
6553 13094
9598 11109
402 17648
1523 19630
5930 16615
10730 18433
11145 13428
17363 18843
5404 7380
4109 11698
2240 2683
2762 10456
3267 7065
6378 14181
7811 15575
4451 19540
6986 13512
7397 8796
530 15246
10247 19633
3914 15134
5525 13942
8494 12227
5444 16906
4363 17886
1668 15294
558 7171
279 11957
10206 10592
6993 14719
5908 8904
16149 18252
12039 15483
6575 13010
6102 15679
15910 17103
6026 16889
4798 19885
1729 15017
1496 9296
2971 10607
13429 18492
18407 18776
5535 10235
8538 19179
2131 7183
8162 18025
1759 14630
4781 14319
1284 13354
10866 16501
13499 15438
4662 9672
15165 19694
2740 9893
16653 18809
1709 6672
6201 9543
4272 5667
2172 15070
5964 7501
852 5151
2094 19580
8237 8377
18913 19114
2460 5939
3760 4243
15860 16585
7676 14991
957 18184
9499 18440
12647 14821
4269 15460
12220 15391
5089 10620
4410 4590
462 8119
5659 13811
3976 6958
4192 5679
15218 19189
2028 11125
2345 17068
822 12748
1804 5755
11592 16847
11530 17955
2775 8021
4848 14471
8609 11753
7676 10682
6928 9211
5248 14347
13013 18712
347 2432
796 5376
4065 11501
1933 13224
13673 16772
4464 19091
8402 17467
6653 9537
11513 18396
6496 16872
2291 19613
1773 16469
4831 5149
9225 16982
7932 9295
9740 10895
8086 15131
15222 15753
7111 13389
6594 9078
2850 15375
1517 14971
4251 10172
1071 19580
7972 9633
7385 16481
6093 7484
1105 16195
1051 1208
8092 10601
16061 16853
10342 10856
3275 5575
6536 12111
7894 9304
3522 16069
12266 18080
10303 12176
13692 19386
2363 11208
13832 19509
3346 18961
373 6482
3641 5180
870 16593
6819 8643
6707 11291
3852 5363
9086 10528
4814 5860
10553 17168
5374 15582
835 6549
7166 8198
9477 14470
6076 12247
5568 17927
12523 15419
1755 12641
9567 19733
4504 8379
3340 3732
10196 17540
2654 2910
4361 12006
4137 8851
10554 13721
1602 12813
906 3167
9055 15091
17663 19493
14225 17382
12218 16625
626 5364
12144 19565
11158 18302
3902 14466
4501 12022
1016 7764
6625 6948
3879 13287
723 2938
4375 7861
13317 13600
7608 15232
17256 18553
5533 14420
8420 12895
4053 5366
4765 8541
5475 11477
2272 18278
3073 10599
8538 18629
12885 17469
13702 15742
3397 18387
18719 19215
5743 17527
2316 8521
6199 7864
9082 18878
12986 15651
3645 17671
9352 12057
4633 10901
5775 8705
430 15080
3256 3337
13331 16737
14609 17205
14635 17343
2751 14196
7406 13232
308 14071
574 3982
1612 15351
5307 7404
6315 7257
2063 18405
1064 16040
5158 5475
1138 2483
3823 19928
461 19762
3193 19761
8376 16622
2675 17849
17091 18377
7769 11105
9367 10294
520 10134
2011 9992
1232 2792
3693 12499
10316 13682
1258 6865
9496 14703
2521 19368
2288 3067
4198 15115
4471 15161
15133 19053
10387 10444
15412 17156
7096 19198
5534 14770
4062 7643
6998 15365
3883 17849
11185 15528
19062 19711
7148 19919
7311 16499
995 16699
5403 6330
466 2700
11249 13334
10013 14440
1011 18895
14146 16289
7191 13321
1871 2491
3791 14849
945 9644
4260 12704
10294 14575
5406 13839
5395 18376
601 13483
15026 16869
12549 19195
11990 13081
1165 13296
9568 12713
3494 10955
13603 17703
2718 9044
5834 18194
601 4214
10540 14572
6498 6574
2942 18700
6379 18402
11868 16209
2862 4856
9381 15861
7482 12602
1775 14164
4732 18562
702 16051
11931 13525
10301 14326
11863 13470
7917 11218
4775 5197
9608 13465
17551 19134
6061 7884
13390 13659
2305 14509
1388 15066
1685 14764
5146 8487
2710 7504
5267 19888
14221 15393
11805 13385
4123 7751
10589 12105
276 2738
124 6396
2067 5677
3230 17827
1755 7131
13863 15276
3217 11850
8412 12099
782 5313
556 4449
15418 17370
10766 15450
4399 7920
5431 12942
4142 10775
15486 18816
17724 18243
8363 18070
12875 16569
3606 17854
1261 7684
2359 4887
16357 19540
1733 18605
5936 6698
1354 10206
8304 18020
165 1939
618 2559
814 4191
12264 14465
12011 18220
14924 18231
6976 7114
11275 14774
9779 16558
18428 19155
388 7466
14397 19388
12103 14776
5034 5928
989 8509
7105 13122
13440 15299
6759 17818
5914 12393
8564 9321
4806 19692
9289 10134
6602 16708
8890 10394
4152 13389
9991 14347
7789 19532
2280 12070
8759 11631
6468 15167
3870 18286
1158 7648
8099 11621
2197 8774
9033 18552
2688 16968
8357 15263
12369 15282
16671 16940
10630 11975
16290 18560
8030 10066
3522 5530
1338 13213
13250 13984
10113 15248
5661 16800
3581 15644
9352 14661
3029 15805
1223 6587
3171 7932
9991 10712
12065 16978
6054 10315
6134 19729
5985 9312
12570 16476
4744 16576
2339 16712
1307 8917
5047 15939
2724 6574
8829 13015
336 5073
11124 19020
10598 18565
5973 18319
838 6897
2377 6466
2872 11958
638 13108
14795 15740
3771 16191
4941 13562
4256 6177
6546 17314
7969 13065
4073 9173
8941 18073
561 5276
12466 13507
10723 14251
2926 15955
5197 6879
9176 9982
11035 18309
4610 10466
15253 17493
7062 8541
11627 17546
1609 4829
7484 15769
10709 12137
13066 18117
4040 9526
6335 16843
159 6586
5126 12682
2396 12235
9525 19526
1580 16142
11571 19228
8023 10533
6957 16517
12951 19298
6781 8298
2033 4604
6241 9745
9671 13609
8674 13240
8406 19347
9333 9678
16613 18938
1757 17617
1967 17347
4313 12286
4369 17959
5651 9650
12096 18640
8231 12261
6185 17205
9150 13205
7266 8577
7022 19471
3177 9049
15304 19422
18547 18664
1432 5519
6419 6526
11649 19677
15672 19031
6409 16504
8704 10229
10544 18988
9392 9440
5700 14503
2168 9645
972 5683
493 12330
14785 16727
10772 11267
14459 15919
10072 14977
1271 8948
3015 5051
525 19452
3634 7832
10204 19297
5994 8713
3913 15326
9320 11666
14735 16497
7971 16278
5761 8102
257 13550
3017 17254
424 2961
14854 19572
848 11102
1611 11124
5536 16471
13917 18201
11492 19671
9861 19573
75 13366
6679 14270
12390 17294
11477 16015
411 19471
18000 18014
770 10364
6257 10376
14589 18370
10553 12518
8317 19925
12730 18116
9659 16622
1289 14901
11823 18086
9200 13942
2257 17507
770 14830
281 13470
4776 19119
1090 17172
2101 10206
8577 17377
14818 18458
2374 4357
8918 16358
16801 17021
2034 8984
5986 11050
1456 3494
7152 18367
8476 10500
2487 5811
3886 8375
8922 14113
9140 10400
4473 8995
6190 15166
559 6775
3475 4002
7547 16830
6132 9154
3235 3346
8457 9440
1215 12858
11760 16610
5762 14167
11121 12831
2522 11812
1373 9768
16188 16650
6851 12553
1194 8225
2993 7870
4541 16713
16632 19027
6205 16579
7555 11065
15861 19675
16556 17985
5027 11768
943 16456
555 2725
8451 11351
5853 17588
11397 15331
6547 11769
8241 12444
1033 1711
7821 15879
3188 10854
1077 14586
12692 17608
13457 14522
12833 15518
10840 19614
1457 17845
8961 12361
9918 15812
4207 18121
18522 19649
2935 8953
7719 7874
5339 10578
11952 12062
1716 8162
10892 14556
3142 14386
10132 12702
2936 5507
3732 9907
4475 7211
15383 17956
10845 14072
4786 19118
2719 15866
4796 11992
11524 11620
17633 19343
6215 7215
3608 3690
1889 6777
13940 18589
5769 10283
11749 17745
4133 13225
841 8199
55 19942
8509 10780
2149 10236
4271 8765
10095 19357
4700 12963
18858 19432
3317 18300
12417 14762
12582 15095
69 8442
4974 6378
4787 16494
3895 13438
6599 18473
11355 12494
1545 2924
8201 12506
13546 13975
10498 14234
5944 16672
3075 14193
244 17190
4751 14033
15546 17402
13035 15485
13827 14339
3814 17650
6980 18695
16291 18230
8698 11591
2780 6813
11306 15755
5617 19846
5097 5401
1601 14689
1857 3949
2109 17231
5850 15438
3387 12366
9607 16771
797 19510
3018 6870
421 19110
14618 15362
13750 17767
1422 2974
8938 13265
211 19794
9505 13498
9631 14769
4416 8571
13976 19278
4582 7700
7454 12814
6048 11257
16696 17762
2760 9994
123 15071
2178 17711
9311 17833
3475 16392
3712 7588
5567 10432
8364 15744
11546 18454
785 13915
9579 15518
2586 3950
1348 9562
15832 16610
5456 17883
1261 13615
8181 14347
2148 9057
8385 19101
2123 10870
18355 19089
9413 13765
12894 18986
2657 6045
6048 11113
7755 13421
834 6308
4811 13014
3533 10182
11138 15367
5720 7083
1515 2356
1913 5255
1697 9944
5295 13243
634 8614
8216 17193
7313 12401
7756 7903
5580 15590
5348 12989
8038 19258
22 18852
15471 19492
16177 18294
3000 19746
2838 11611
13596 15736
3678 17595
4371 18376
1504 13085
2130 13776
1479 18882
2366 14361
1191 6846
7074 17381
1845 8130
10214 15368
7941 19855
4937 8026
170 1955
546 1043
6431 9287
10494 16850
16652 19394
4251 5600
4310 6818
9498 18166
7005 11279
3536 10987
6473 15556
5407 11066
10368 10852
2263 7336
13767 15366
18303 19406
91 11875
8061 14263
11468 14288
12359 13327
4940 7515
6885 15091
10197 17651
7965 13917
4029 17686
3897 13100
1100 3407
10878 17491
16507 16653
17161 18309
4847 16103
1311 11849
37 19604
3101 15646
7453 11792
1053 16774
9720 15218
8238 10670
634 12769
5407 14341
8218 12269
12078 17370
12720 13576
7024 10977
744 18153
3262 14782
3494 17154
1133 6594
18799 19470
4833 19816
9040 12197
6913 13095
5359 9425
264 11923
6991 17481
4363 16111
8901 10461
12399 16495
11749 11983
4679 10489
1139 10811
6955 9979
57 13781
7359 18779
3622 16521
13047 16041
2382 4496
683 10042
4098 14235
13366 19321
6085 16103
5750 14801
12811 14489
776 3296
7807 14216
7906 16324
6137 13898
8071 17560
10074 10768
2556 10841
197 6886
5316 10264
3360 6285
15891 17565
1665 17314
3274 15407
6025 18388
1695 19637
2711 8499
210 17558
2079 9720
1263 4996
2512 9867
7798 15600
9263 13042
2256 16326
1853 10051
5977 12489
3309 11837
13137 17669
8276 18873
17975 19450
2281 8133
13655 15645
3822 18774
3876 14730
278 4228
1788 2867
4659 8394
16806 18596
8847 13477
8418 18584
1820 3085
4875 19538
6318 9377
3408 4124
1211 7816
3917 4230
6412 16968
13143 16781
7182 13094
2113 17567
6635 15356
4920 16019
1770 8862
1808 19820
3204 10889
2435 9252
4481 11398
11478 12871
2257 16119
3122 5343
16684 16805
13754 17465
7845 17760
2821 3774
8184 8824
3985 13445
13036 18762
8303 8366
9513 11100
2692 12147
3 2545
10138 10514
6049 18205
3083 13838
13974 15783
5108 11760
7207 15230
11950 13396
11900 16922
5588 8053
3307 13094
3122 4152
7388 10732
3141 12653
10954 19524
1489 15501
2782 6298
17880 19167
4808 15934
5374 18826
3694 13619
2304 3376
1060 13258
1953 14818
4809 14358
15179 17026
5614 5975
5364 5800
11516 13405
2498 5721
16391 19275
14779 15106
13094 19238
14024 14184
2913 10695
10448 15227
18506 19485
7613 15401
2397 9238
14733 15404
14674 17075
897 6442
4405 18182
881 5680
1467 16915
8742 19681
2582 17505
5595 10284
2335 13055
5830 7069
4605 5295
12696 19084
7525 14470
1213 1314
5867 8119
7796 10912
295 5061
1277 6848
409 13305
5318 8614
589 13501
8499 12640
6862 19638
4415 7614
7671 10130
6071 13812
12501 19784
3524 19457
11 12477
10930 13401
8706 19062
10039 18483
4299 9245
2282 7800
7365 8366
7283 13517
10169 13345
16652 19472
4234 9381
7818 10414
13679 14163
4464 6725
3413 7431
2600 15810
2777 12474
9129 12785
14585 15662
19272 19346
2303 18970
11621 17232
1631 10206
17100 18372
5920 18230
6743 16397
14101 15963
13338 16615
8964 9944
14328 17174
12102 13520
14056 14500
2588 15054
15418 18494
9259 18083
5519 13276
1743 8546
3955 15191
960 7383
8297 10798
14151 14359
3884 12278
3342 4639
13582 13942
5560 13313
3873 7164
7518 13131
5011 15731
5962 10849
13138 14576
8355 10250
2753 5592
4105 18927
8946 13952
4513 9367
5789 13401
4219 19586
14517 14601
16732 16934
1136 4054
5599 17707
14673 17329
1971 18245
122 16756
7077 15002
9889 15110
2100 17572
3505 6624
18717 19515
9157 19096
6005 6008
2540 13706
15306 16338
3148 4666
7270 14908
427 7040
7753 10446
2699 8595
7666 8163
74 8579
1353 14116
95 1957
16094 18376
11480 14762
1234 17722
1146 6089
3084 3189
1360 12434
642 13237
3903 15157
637 16914
12406 16059
8542 9559
7685 17337
4340 18047
9148 19806
14947 19230
11045 18711
666 16074
13308 17179
10049 10115
3655 11119
111 16346
5318 8051
13457 15352
7966 10531
16693 18002
6861 7627
6219 10109
4170 5185
16045 18461
12024 18244
13670 13924
16602 18149
18301 19922
6095 16724
2700 17464
10947 16454
3225 9701
5582 13695
9276 9904
7110 14603
1866 5489
729 2745
3091 16302
3915 13531
15521 16096
6058 17187
140 1218
1604 17912
1207 2406
9099 12459
3538 9788
8717 12277
10836 17562
250 15844
4274 11025
8010 10057
9503 15846
12828 18425
5908 15478
8645 14360
8084 13798
1917 8694
2948 15966
9596 15485
1243 1281
1921 6449
8549 9962
5981 10443
8996 10007
18332 19249
1494 4655
114 18054
12265 18204
2646 19685
4993 17658
6010 11818
5585 6687
8278 13748
7990 13610
13178 14229
4186 5929
3513 9327
8525 13625
7552 19800
206 2452
16628 19203
13383 15421
11801 16348
6507 6702
9817 11404
6894 9888
7108 11129
7490 14492
10505 10758
2960 19359
702 5285
3758 19339
1836 2999
6321 14047
15278 17663
12231 17509
5028 5988
2231 16180
12717 19617
9751 16419
15382 16179
903 15711
3157 4188
7922 12401
11462 17183
15761 19330
8042 13140
5369 7943
3476 16327
6491 19158
2227 14116
7904 18130
8687 9759
17031 19793
680 9933
3484 13069
990 7386
4531 12887
19263 19771
10534 16540
2704 19230
10431 15661
6597 12796
4234 15898
6825 13935
15674 17082
2644 12720
1245 12042
5933 10272
1666 14579
12297 15216
12658 15753
2491 13115
7532 7677
8506 9689
9959 11995
19052 19178
10593 15808
8830 12144
4320 18530
3718 13766
2116 9531
3983 11971
14962 19362
677 5061
11523 16352
1716 16916
6643 16411
15215 19133
6504 15578
16128 17559
1158 19248
9768 11911
10596 13454
783 14841
4084 10747
3642 6201
739 8010
10074 16267
3000 7600
7313 19359
5912 6663
9413 17461
8719 11531
14825 15722
7572 15418
3641 9094
6706 7167
2626 10019
5108 9986
1939 8149
12185 18695
2337 9916
442 11286
11513 12524
3551 15207
9492 10551
570 769
10167 11772
10188 14833
11223 19744
10532 13182
3291 5045
7510 16611
357 11327
7237 11269
9177 11707
13429 17449
2160 17687
9310 12874
629 8933
5835 15540
3852 16897
1111 14046
4740 5925
792 7239
13413 19841
3881 10624
61 1507
7226 8077
2937 18403
9042 15310
15623 16762
9163 18309
3114 7190
14098 18897
3366 11383
8601 14261
7221 9432
595 3548
14390 17613
16847 18161
9187 9254
7633 10014
8793 14202
3351 7547
12012 14319
9716 14442
2947 4345
6123 8027
1325 9171
2017 5723
9389 13409
2130 2631
1468 16655
3410 6815
6217 11683
6396 18479
2072 17178
745 9764
1352 10064
6423 14677
4769 18388
12603 14616
10780 13265
5332 9605
3720 14970
9757 11217
15578 15913
465 3330
3551 12946
11555 16267
7893 9722
8217 9288
8734 13370
4251 10176
3049 17840
17710 19825
9759 18582
2978 7199
8993 11989
3735 11342
6186 12899
10495 13928
11843 19299
5801 11108
3102 9974
10969 13847
2684 15468
1565 3504
9175 17106
3230 7499
9190 12539
444 7678
9540 12243
8162 16563
2755 10015
3910 9738
2997 8874
3457 15391
14916 19069
1688 7595
8446 15913
12176 15014
6777 12671
5530 16471
5989 14807
8552 13716
13189 18100
9192 12356
8828 17821
2211 12660
8832 9569
1475 18104
7967 15277
6444 6756
10831 16478
15059 15447
1690 12665
2630 6084
8969 17796
2095 15194
1222 9787
1069 11680
3608 13350
17880 19575
1006 7310
3575 9646
5040 13238
9755 16755
13763 17441
14247 19589
557 6809
13847 18981
9523 18992
5207 6819
139 13057
7650 9684
946 14992
4973 10524
1755 6759
15087 17616
4278 6764
10236 18376
9001 12091
1097 16064
11592 15794
3189 6577
2979 16152
11880 18821
1490 10662
13258 13634
5089 11903
2724 18671
9613 13674
120 2728
12226 18411
13749 16315
9745 11727
7407 8915
297 12718
10319 14968
13186 18718
5230 9812
5242 6897
5962 9847
5218 17831
1199 15824
4466 6298
971 6017
8761 17600
13267 13953
11597 17836
7580 14212
11863 12702
9282 13430
7182 10230
15608 19839
10756 17894
4919 9398
1821 9162
4806 10015
3377 3487
5402 7825
4814 18012
2545 13951
12663 16992
1691 19031
13373 16185
14852 18629
1712 12409
3630 10348
3940 10394
4671 10235
6300 12587
6155 11037
11554 19042
9740 13984
6648 19866
3506 4131
12402 15990
5538 6379
1889 15488
3420 8674
3456 19851
2031 13851
11366 14497
6936 12690
2494 4981
11705 15949
5420 8229
5757 14001
3645 15702
10300 16917
1434 9925
7294 19833
393 8763
5265 17102
4695 6512
1521 5643
5073 5906
1760 15050
17594 18570
9075 10719
4269 14891
19097 19385
1909 18413
9071 10456
15576 18557
12186 12322
711 12046
3170 7457
9677 11577
388 1450
6239 7895
2436 3440
6434 9711
8337 14023
1654 18308
10741 19032
9171 19030
10273 19830
15423 17002
4494 9389
6390 16694
5474 18385
4836 11978
10276 13190
4458 10189
284 7930
804 11721
14566 19044
9735 16893
17075 17982
1610 5814
6173 12235
14671 17031
6364 12477
10820 15654
1876 12120
10330 19582
4614 12953
1040 7275
7173 7282
2072 6024
15592 16852
3987 10051
4446 11648
2581 4181
4845 13194
15101 15568
5015 18895
5786 18772
1838 4631
2969 13451
6501 13879
182 18620
3907 5857
418 17585
13513 13711
5145 16646
1832 8937
1720 4266
1762 13388
11392 17249
676 19277
5745 6024
12454 15761
6535 17849
7888 16245
515 6262
4577 19608
16889 18586
6415 8219
7785 19121
1973 17134
2720 16803
13499 17604
537 6366
5600 9992
9553 10742
12875 14744
4460 15761
12358 14597
9173 19497
4256 13896
6678 12012
5925 6521
12734 18560
17771 17927
281 18719
6550 18736
7079 18708
9729 12481
382 3904
13974 15883
14606 16734
8961 16056
8653 10607
3488 15335
5934 18095
4706 11328
5828 19276
855 9951
4644 13339
2334 11641
1355 15521
4162 13070
15732 17073
2259 6214
3052 6933
6238 11303
807 9645
5780 16990
2815 11456
2779 11762
8564 15718
6792 17976
8256 18720
11215 13428
3189 14635
4718 14685
6997 13161
15696 16369
507 2070
3640 6285
2115 3087
15327 15748
2429 3283
6908 14925
13274 18667
5087 16510
3508 8466
3446 4204
6759 12816
15020 18077
14069 16543
7645 12680
11616 19226
133 6560
7473 17183
9500 9782
2105 8528
2150 17310
1482 15719
8037 12795
13820 13852
1866 2733
9308 14307
2305 4272
1020 7780
2303 17143
1816 8016
7047 11827
5405 10259
8286 17291
666 18808
391 15571
7686 14294
11574 15818
2577 19863
3560 12978
5253 12871
4044 5363
2812 10195
13929 15601
5069 6554
2503 17433
5941 8698
15328 15425
1859 16428
2186 18400
3456 10791
7878 11611
3667 11240
4131 5596
3725 4945
8624 11172
145 13745
3210 14033
6 11335
15780 17019
5132 9319
16414 19371
2198 13306
8884 15003
9681 14938
16745 19327
948 9904
4998 14608
4877 18748
1003 14678
232 15555
13662 14066
12510 13674
9432 13416
1686 13625
15317 18542
4037 12126
1611 2111
770 7502
9977 15876
2572 17281
9892 16555
5159 19894
6032 12091
16143 16634
11554 12210
1917 9213
11885 12575
7737 8431
15788 17080
8757 19815
5570 19501
3858 6089
11000 12038
14421 14993
4697 4709
10717 17162
6700 15524
1689 6990
13090 15273
3729 10145
7775 8988
13254 18908
11231 14939
5944 10522
3842 19327
13128 16059
4041 7787
9060 11041
508 15616
3182 7365
3535 8064
11896 12180
11564 19929
8111 17164
10888 11832
937 8410
5479 8658
5387 8395
2490 13167
9985 11098
7112 14278
8065 12209
689 2832
14807 19616
2960 9526
10040 19664
5842 19183
4280 14606
7171 14592
3195 9020
6528 14635
4728 17734
19278 19394
8867 14410
4646 6935
3755 14195
12899 17525
12786 19454
14288 16432
7871 10250
17377 19000
5032 12489
2906 10988
14536 16125
9725 13803
956 9304
15411 16468
2825 7616
6249 9563
788 1763
17861 19378
16363 16426
16599 19263
1360 14906
3986 17627
8844 10347
15482 18563
3283 14129
5061 17772
4202 18828
9905 11640
5242 7230
15107 19854
351 11301
6874 7967
9974 12148
12128 12170
4022 4754
1239 2458
7960 10300
13039 19526
3030 12636
2282 14957
8345 13179
2479 2670
1990 10090
11325 12197
9424 19445
12221 17438
3209 6716
7724 13326
9164 11641
2522 2897
5666 18116
280 8244
5567 8231
14825 15976
11987 14647
14545 16596
3370 15795
12799 19666
16958 19847
7166 8754
333 5626
5083 5866
9250 19414
1073 16776
14838 17343
1114 15416
4122 12955
14995 18867
4698 14054
14578 14643
9782 9969
850 6675
1616 11727
628 4496
1213 3200
6906 16378
9590 16300
15375 16155
4269 15188
4267 19465
1346 17464
2934 2962
668 16354
5985 9502
2983 13175
9115 16601
1006 3023
4472 6773
10446 15912
4993 5047
7361 14334
17 8436
5457 17196
9628 11344
17206 19544
6165 14164
11406 18285
4292 4856
4170 13232
316 16954
4451 16549
4681 6803
10545 16565
2059 3378
4924 10582
11190 13971
610 16385
15445 16829
3554 4109
2225 10091
1163 1779
2007 12492
173 13643
136 664
2204 9888
10419 18905
11283 19913
12055 17769
1675 18700
14754 15376
6822 15229
2036 3775
3483 17002
2995 18639
12718 16392
5465 15371
3923 4356
9853 9862
12884 16424
3156 17955
1706 14751
3506 8125
1656 8743
6321 10224
15974 19322
1253 8475
14646 14912
9363 14995
88 18272
1630 4669
6891 18339
11970 14139
2770 16198
3530 8567
1642 11733
15787 19315
15304 17132
3490 4101
18440 18792
8247 12310
11 13558
1193 9363
3429 18351
7704 18069
4652 12845
2957 16555
4378 12605
4305 7813
1514 3676
3332 15120
6733 15128
8588 11556
8105 16692
14115 19338
8804 18270
597 4535
7397 14619
539 2953
16693 19358
7942 9989
200 10726
7765 13474
36 9980
9147 18609
3585 5622
3287 13513
15835 17643
10538 13770
10753 19702
12754 17267
1001 11385
1334 18239
4410 17670
135 13485
6422 10518
6104 15047
15116 19124
13503 17354
5258 13715
5108 13770
379 2182
14162 16910
8837 16210
7775 7898
6414 6758
12180 19215
8404 16471
10255 17704
1486 14437
2203 11225
13647 16172
1033 2971
5275 11143
6746 9711
6659 6674
2482 11134
6941 15814
5324 9315
3671 8412
4436 6143
4195 8152
11975 18144
12139 13557
5376 16415
5050 14853
9984 16608
3516 17434
9063 19904
1195 18201
6729 7528
12121 15494
16147 19203
15229 15631
2944 10764
13372 16390
6508 6742
7357 19785
3478 7235
5161 9329
3915 13094
2289 14280
4151 5085
4951 16429
2101 19184
1319 8037
3863 17370
1310 14633
49 12348
11436 14609
5481 14788
433 12868
5471 14186
10995 14903
914 12009
3477 16251
16854 18999
10004 19532
2306 2699
1900 17064
2889 3923
2628 6771
12275 16692
14537 17596
2672 5157
2344 12116
9565 12171
6629 15411
1955 7731
32 15598
11770 19594
3848 7383
3379 19773
8706 9408
6171 19557
15845 19632
4752 6892
3104 9365
10310 16727
501 5990
3836 16161
1903 17339
12097 19207
919 10524
8524 11093
9365 13924
1715 12709
13630 14123
7001 7676
2901 6498
2059 7006
3646 7326
93 2488
10921 14522
14505 18178
10824 14589
3009 3736
4001 6062
7745 12151
2505 19366
11227 19552
7042 17018
1241 3749
6560 8235
16071 18524
10614 17897
1483 13082
5924 6825
9748 19439
3572 8279
790 18371
11645 14323
10010 16098
2776 13858
9207 14691
8587 19147
18795 19867
2933 8966
778 14232
1688 15436
1364 13655
684 4362
11566 19548
3223 10233
13257 17445
10299 12673
7071 12736
3344 19239
6367 17724
3867 5545
289 14040
1836 10352
3433 17776
1095 3178
6378 16421
11174 12464
210 7825
7505 15036
8809 15705
3265 10729
5783 6040
3878 12384
6931 9171
50 18984
5202 19155
1366 18661
8469 9715
7927 9395
6909 18717
8587 15332
11011 12851
13893 14366
2486 19329
13514 13781
7992 10464
6927 13338
15711 16388
6123 19205
1243 19264
8047 18622
2516 6031
1343 3630
17071 18652
5488 19597
13455 19244
9058 14316
7996 16441
2006 10655
3221 18880
10944 11485
1128 5139
5074 18682
3223 6683
714 9880
4428 8362
8360 17657
1314 1882
6566 7473
10130 11417
4007 9617
4355 5605
9385 19405
6777 17901
14480 17056
9887 10118
5229 5760
5224 12735
6650 9129
8773 14039
7558 7620
3068 9783
9112 11110
3943 17445
9035 9200
2336 18644
10620 14929
8807 10919
8410 12940
2997 6461
8277 10690
2377 5435
5569 11197
7019 7985
3840 5460
16531 19173
13458 19784
247 15719
261 4542
5403 11430
13196 18472
5392 14947
6348 9214
10765 16335
3083 15805
3206 10134
13029 17657
7571 16985
12016 12239
15856 19385
5209 12467
651 2189
12619 15278
2036 19407
7274 9379
6865 7145
1107 4046
19521 19668
12649 14403
15735 18457
3798 13806
8169 12180
717 1087
250 15207
372 8817
8496 18582
10717 11046
6509 18328
6691 14921
7403 19853
2633 10213
9780 18721
934 13544
2296 17767
10550 16567
2637 13630
4053 19810
10377 12969
1391 14134
1501 9161
6353 13470
4181 19321
15217 19635
1298 13677
1120 12996
2266 5846
1713 17940
12692 17634
2435 8693
269 19771
6441 16063
7910 13884
8784 11293
9163 11698
14987 19029
7775 13430
5158 6099
5968 9351
891 19445
7600 14481
16959 17619
880 17715
16547 16771
275 8187
2797 15546
5925 19417
5386 15496
3781 7314
4566 15348
7311 18435
7933 13643
13773 19521
6948 18532
3582 16001
596 5240
4569 17754
12354 14089
4895 15523
17067 19897
11394 15853
11346 13976
4214 10472
16478 19273
5670 11355
8890 14964
6783 16594
2715 7412
3144 14728
1365 7184
1636 18115
11003 13264
3374 12975
8680 11972
10507 16066
12321 14442
8516 11375
3506 17066
269 12056
14104 17526
9326 9343
6905 17379
8169 17912
9865 13938
1802 5989
6537 7269
1578 5198
1283 13237
2610 5116
5929 19284
8736 13715
4548 6417
18232 19562
129 7063
4769 12572
1480 10633
7613 11580
11239 13476
15005 15160
9440 14176
994 9464
820 8408
1588 10086
1920 11350
12344 18339
1205 9647
6819 15362
3053 7119
4736 13414
1749 7416
5261 19535
9020 16219
6151 6946
4491 15681
2971 7723
6970 8706
6927 17375
7638 15401
3692 18482
6712 11034
2468 11569
1289 1918
9164 10750
5829 11361
6087 16989
1720 16779
1835 2845
259 12254
2167 6473
8854 19340
10774 11813
2163 16073
16200 19277
1799 15202
9013 9799
3171 6063
50 14511
8749 11941
863 9924
2027 17689
8021 17538
12413 15706
6336 16417
7991 17775
187 17634
2076 10003
15165 15763
1669 2031
2736 19726
3342 6704
202 5339
9409 9512
5252 8846
4404 11080
11131 19670
11699 17122
800 12729
5296 15942
13323 17818
715 5860
7855 17627
2704 7472
6388 11710
7808 10950
3229 16482
2310 5861
2692 5548
9744 14276
14947 16744
5010 9205
853 5421
7074 17672
6243 11099
1306 2514
14098 19019
13088 19385
7527 10707
3256 13174
5624 15520
1290 2506
11355 14581
4951 7169
15191 16323
3805 16162
10409 13619
17093 17787
2550 8438
1548 9711
6551 16584
4595 17858
8566 9437
10663 15341
3612 11911
4896 13505
6487 9100
11243 14604
8180 19201
8577 16951
12783 17064
162 11552
8889 13919
16965 18540
930 14887
2529 2758
6144 14624
6285 11302
8998 14091
2681 19516
107 6368
12300 13568
10644 16532
3719 11255
10418 13071
533 15107
8377 9808
2552 8031
8434 15446
7617 14141
11660 19889
10612 15825
16635 17358
10084 19727
5849 19816
1450 12972
3769 16445
7485 9146
2666 19472
1517 9355
10181 19516
7288 16036
590 19289
2630 7806
14369 16722
3439 18412
6282 10779
18336 18953
12481 16330
5413 18323
6588 16075
770 3162
10632 14994
3846 18363
9043 13581
5500 8385
2131 6108
4330 18067
16046 17874
5862 18680
11044 17153
3835 11034
7396 15318
9487 11757
2078 4826
3061 11533
1611 12530
13386 16673
284 12960
4301 5967
3231 11535
7430 15724
999 8475
7022 14209
4516 5217
1090 7022
3665 12550
525 5932
1847 3617
18431 18789
16081 19041
286 13005
12015 13246
12869 16159
3022 7870
5893 16286
11245 14496
7218 17652
1659 15845
1143 18669
11284 15427
3074 12612
11892 14343
570 9996
5593 10660
1161 15196
11264 15448
14272 19403
5118 17457
4873 7338
15263 18386
16739 18344
7845 9384
7116 19483
4420 6309
8619 13882
6385 18855
7202 13744
4864 7586
7419 10215
589 8590
1814 8112
444 4937
11791 15464
8585 9804
9184 19172
631 2814
294 3946
5382 7974
4999 10833
2164 8081
6649 10827
727 6165
10125 12901
5183 12231
2633 10811
5021 16333
6908 10758
6367 7322
9153 19715
9922 18994
4485 9565
5656 7984
4193 17679
13410 14769
7765 8758
4508 8120
9379 18566
1139 2582
5169 12561
3346 3513
3662 15010
2975 10022
8239 11652
123 4185
11751 13828
1493 3982
9183 17235
11068 15226
5060 12510
3802 4323
12287 14067
6344 18162
10135 18850
1761 18736
3609 13807
1173 1304
7992 19889
12508 13397
11224 17581
7366 16345
2945 5690
8875 8981
8277 17285
18002 18378
11696 14687
7667 8694
7006 16941
4386 14114
1438 6912
7654 9514
6744 9213
6971 16574
8368 13207
2805 16354
9390 17919
14634 17270
3338 14373
12235 19632
15336 18216
3037 4353
2581 18977
4324 4461
5684 18474
161 13880
8145 12002
2305 8196
13255 15789
664 1260
1016 11096
7911 11655
3992 4402
12494 18845
10800 17001
2953 12963
1251 10590
5659 15942
11312 16395
4520 6098
10245 17422
4921 16501
1610 17878
200 15125
15665 16261
3752 15531
2280 11522
8108 19524
11622 14571
1898 10437
9509 16307
12354 13208
3491 4272
1559 3917
903 10931
16387 17716
11229 12955
10416 18179
16971 17507
3276 6827
5083 16010
9386 12300
2830 19658
274 14143
8899 17057
1874 7492
7043 13165
880 3256
15606 18319
11880 15463
6330 10111
2987 16523
12619 15061
3780 18374
3588 8490
4377 12214
1059 3078
9025 14658
7240 10152
1112 6122
1608 13465
15154 17929
3547 13184
2970 13172
97 10165
1612 2998
8374 17320
3993 6180
7325 19272
928 10996
8408 19793
2572 3714
14564 17160
7210 18122
10688 14707
5688 8434
10571 14796
6609 6907
10424 17752
14999 18894
9083 12240
12876 13001
12248 14601
383 4902
657 7240
6232 10483
10542 13277
4928 14689
12574 18414
62 11497
15805 17602
3936 19273
9481 11611
7824 11412
9036 10623
7537 14208
9953 10029
2668 4446
1187 13183
4647 5141
3559 4913
8841 9072
1469 15004
5699 10370
2184 16298
7748 15065
317 16863
5110 15753
3337 14785
6029 10510
2757 11958
7037 11154
6303 12470
1912 2369
1946 5251
1188 10640
15392 15864
10335 19786
11413 16782
8335 12094
3726 14974
18597 19838
4756 14065
12323 15707
12693 18491
4273 19164
2399 2572
72 5660
9460 19293
3624 7006
14095 18091
4855 14452
9345 13570
1477 12621
4027 17976
9289 10358
2941 14411
2913 5273
6612 17398
710 9596
9307 15938
6544 9127
11693 16054
3175 4784
6433 19876
12105 12206
5025 10024
2441 9106
809 18843
11965 13889
9860 14546
11 14024
3158 19369
9273 16964
7569 11400
9411 13142
6272 13808
2409 8256
96 7981
18178 18700
5885 9161
6628 8717
2159 15958
13327 15222
3780 16908
335 11115
16186 17019
5251 19497
8625 9200
8165 8770
8097 18057
8119 16647
186 7465
11201 18336
4805 8830
5027 5645
5224 12426
5758 13708
224 3672
15031 16886
11568 17986
6372 8503
11004 13334
3581 19709
9926 12253
6274 8196
1373 13794
1710 13479
2734 7535
4909 14521
3079 6895
4755 14463
18767 18812
5251 15453
15713 16547
11739 14462
1609 19174
4449 14685
3129 8967
1317 16293
2020 14544
11176 12887
1405 5789
896 11919
10569 12215
2875 19933
14487 18606
5380 10090
9844 11810
4200 8733
419 14325
8666 15301

