51941 681
9714 37221
5438 31750
28097 47361
2312 48076
34876 40151
8146 9709
14062 34546
3225 20832
25164 49848
45557 46420
26694 40490
21012 41560
27698 47229
15984 26072
7341 41729
19933 41844
8413 30828
24534 47749
11119 37352
34756 47046
27086 31026
25716 29828
9263 22215
35852 39373
9664 45846
13625 14264
11739 51582
22949 31268
5664 8815
21673 38336
14565 32776
3220 48853
9401 32374
4131 24919
5477 27248
28473 45140
17752 50962
8341 17454
25353 39678
6240 25153
43796 44252
8699 34070
14447 40493
30618 36181
42778 49858
11557 41765
8813 42048
10442 47051
22858 42898
19073 44993
29887 49684
150 12888
38674 43889
16639 29134
186 42913
38132 41202
18104 34523
4149 4794
3859 42392
21709 32964
8053 47140
23124 29794
18538 32304
7316 47768
3217 30083
1188 51146
16209 20146
47512 49344
3315 12597
4870 34149
27079 38839
7381 46185
32940 47122
33615 51650
39031 45424
13261 16443
6639 30946
19643 30490
17060 34644
26184 34182
12967 38466
10910 18118
285 26280
13274 34839
26579 44510
7690 15012
27763 32947
22316 51856
4988 43167
24015 33389
6344 16252
16463 29289
34378 45880
36073 49535
34042 47112
5028 35121
15628 25693
11725 28745
15821 17228
2695 10906
30978 40382
27256 43845
35189 44783
1982 31804
24551 46987
42719 47659
8584 26606
2815 13308
1235 49164
33910 44463
24923 49446
29545 38017
6826 39928
18730 29593
24882 50896
11771 22435
4214 26781
28460 36003
22637 25766
2579 11993
5256 7617
9375 11545
4628 51724
5042 51193
26935 39706
3994 26350
14761 42489
14373 17665
34168 41572
10866 21956
12481 39767
16994 26534
21969 42223
42347 48429
9567 49676
7910 16565
9818 14469
29395 30996
3085 25977
9940 35619
3555 17384
25594 26340
21914 32173
26627 37505
12200 26381
21288 45482
5642 31353
1313 51558
2013 12004
28632 49988
19104 32367
4907 49194
26212 49923
7683 24133
2369 40578
23124 42341
3986 30133
37981 43335
5278 48203
6333 13944
4857 10877
22580 26413
29312 46440
10143 21476
22528 51212
10697 23948
24757 49440
37941 41303
23364 39317
47947 49783
2835 35749
9626 24987
12256 28236
7307 14680
21596 24521
35013 41514
12788 19209
12687 43515
7584 30795
18271 36351
6461 39478
27285 32899
4288 19630
5080 50127
9700 19697
6907 29231
39642 40454
32856 49583
19345 31652
32246 49821
38481 49785
6812 34344
36506 50817
24154 35905
24461 43762
30955 42189
2151 39133
22050 44618
2388 47847
20574 31464
30115 40333
35213 43261
1360 47014
18397 43652
27221 42007
36321 44220
16666 34028
2357 17298
1677 40808
31812 49677
20149 41245
21372 46783
29035 43138
28774 42163
29776 38675
17795 48516
15657 37894
2387 24087
17569 49629
17437 40842
27204 45337
14677 22409
26611 42577
1758 10159
22442 29816
7059 48854
11497 45198
22294 38548
19717 19751
11122 39887
19750 21645
7783 29673
13017 25533
22350 32725
11502 31815
6958 9686
15781 27321
42327 49878
39130 43769
39254 42654
30901 34597
31019 44303
13015 20931
30710 33178
27850 46487
10731 11256
23142 30266
6092 33627
13987 19635
13091 37541
7357 45654
19292 32170
8982 37864
28554 29030
18353 20420
28578 34262
38716 48869
29149 45720
14697 44622
3220 18948
14532 43252
12009 42591
7228 50091
31154 34269
2156 13326
8349 20792
9408 46059
42135 49779
31093 37255
18165 44006
24940 28293
23199 36564
4769 26825
19024 39395
7889 28248
20769 37281
15726 31693
30022 42882
26270 34973
16405 30800
10773 24997
32548 35573
12206 50325
26063 26367
23871 44061
25074 37683
4920 17069
11749 16999
45045 50988
1220 9683
32825 46812
42801 44656
6856 48884
21376 32976
1075 7220
8720 47365
31190 51067
8832 41428
20476 26541
16267 16578
21606 31470
17223 30739
19716 24229
38719 40917
1585 9542
11000 21728
24855 45857
26427 48254
33741 35547
2128 8011
19805 32636
16512 39800
5433 30363
39662 50687
42365 42782
41889 50657
197 26347
32802 42385
29387 34000
6381 27843
7794 22995
15960 41830
19622 36595
28800 50665
45910 46043
23381 35866
30372 51863
38862 40421
22977 40657
46370 48642
28087 29302
37361 46031
46861 47967
3200 16865
7635 38004
41165 51524
361 43712
40287 41483
35290 46290
10750 21138
15138 31536
2555 16017
2206 45468
12697 26725
28679 37691
38802 48386
7855 46531
43057 45484
12944 45679
36099 38480
4090 20338
12492 37723
16729 51159
25993 38320
15745 25486
24093 32939
19665 42293
13686 18949
9752 17983
16366 27685
15218 24941
20774 39187
37035 46688
23881 38398
8949 39711
19037 38681
7391 39454
6201 9939
45306 47240
8246 23133
2323 16263
7398 33598
46883 48498
17931 33184
22762 30002
26325 41013
28597 30679
16769 35658
13953 37624
10062 45745
6409 26048
22258 31884
17092 49256
20212 28960
13077 30109
22503 34311
12616 35898
10026 39537
34965 47563
4386 14436
9368 27522
16889 33736
9734 22997
9069 21969
42528 47763
24180 47621
5025 16512
22531 50453
3600 23439
8100 13058
27520 44843
3425 40458
7615 17995
2048 27048
3994 31471
3346 28388
12735 34258
6167 13049
12990 31268
13228 28705
8883 12057
29807 36870
23817 50390
1970 21481
41251 51698
11286 13537
4599 14575
8070 48372
4627 11781
10364 12304
19114 32331
519 10760
2729 6760
30377 46580
12974 35326
13871 17821
19024 28245
7104 13732
48765 49241
18868 30069
16824 38293
29676 43481
1478 48210
5611 9919
20611 34401
19699 28694
6723 49997
15493 35976
21057 22338
38734 48055
5432 27507
807 16397
18126 19088
18827 49912
26560 30791
4693 18631
25008 48266
16989 22805
17289 47266
1051 49691
14015 17537
38860 43297
26410 46563
14732 36291
202 36833
855 47686
36187 38038
39437 50813
7712 13838
4822 47535
28376 42962
29348 31974
13580 24155
21502 22064
21487 47657
376 32003
24603 44155
868 42822
7800 30440
7344 24827
8982 34238
9035 43787
12194 49601
23198 35882
19003 23166
8044 51872
37023 48221
16425 17987
34474 43886
28074 48630
21165 31521
26454 40167
20206 39428
10002 44893
40090 49867
45839 47395
18367 35396
12181 44023
45530 51591
38544 51588
13343 37384
37109 41682
11808 40808
24887 29262
3014 21507
14280 23320
20818 32111
7114 14152
31552 46904
18785 38129
3085 19172
4801 28762
4613 6852
17131 22879
34735 36338
14196 39154
17092 30374
8047 12394
9613 12344
21868 43700
14348 18490
47163 51919
2366 5704
13110 46858
12160 32457
7472 13563
3971 27639
3130 45117
6067 30182
37737 45429
26281 39434
31831 46648
5671 34419
27159 46384
13232 35556
2911 26185
1460 26045
10988 40893
44650 51820
18885 41756
7171 20032
13496 26464
12684 25655
7876 29504
7088 12288
40044 40171
14316 33949
32009 45283
38383 42854
19635 29529
31002 32297
24364 43826
38654 39498
44109 50534
13705 31607
25484 49110
10339 31974
19184 25675
14350 31335
27123 38204
19845 36541
21598 41741
39093 50808
15314 15663
508 6916
9711 40218
2636 25728
3823 5918
37554 47950
12134 43034
5254 48611
3377 41151
19582 45728
9949 41187
33997 39588
33033 47816
5648 34128
19380 20258
14120 24080
25771 32255
35464 41559
22272 31329
2856 19293
15812 28483
27674 47836
14171 45063
4752 9504
44656 44758
36183 42167
24635 28200
6739 18007
5140 8197
21697 24816
20976 32524
34070 38786
3480 23842
22232 48694
12300 37786
25400 27126
21650 40708
15925 29155
15413 31753
14362 34571
37680 49881
11471 22381
7190 37001
46355 47911
25550 48789
23573 25369
40537 51708
17942 34559
36093 49170
4102 39856
961 50779
46925 48814
1279 32011
726 38629
29943 48328
7252 22450
1322 33379
22992 35698
855 48411
4546 31643
7962 30795
17577 50227
20249 29548
31494 43325
7616 41171
29349 47064
19536 49543
28760 41852
4238 33351
1674 7025
673 17949
3110 22479
18380 18659
31407 49467
10762 21525
12588 23164
64 7215
15321 36067
3008 48845
11654 33379
17014 33390
7447 39546
28799 35768
8848 37699
36591 41808
16225 44835
42653 44415
633 20725
29527 40555
20466 48896
19058 39660
24842 50216
20129 50928
6307 46312
10831 48312
734 7167
21297 46011
27091 31258
40448 49945
27585 45385
2421 16223
7127 27657
25428 25988
9305 26804
11820 23189
22559 37271
26681 27442
15562 21370
5979 9237
29458 31146
25920 42167
5468 50473
21020 36469
22621 23218
8271 45684
10394 32231
26127 27687
24652 32541
4309 29847
13791 47508
1728 34694
36182 47390
13385 13748
25590 32043
707 40047
30434 45424
11768 21853
17122 24283

