8328 7201
3275 3773
2829 3198
365 6397
2275 5012
2431 5525
4525 5267
4872 7297
1042 2596
5047 8052
2042 5420
1493 3929
1102 2997
2955 6814
1431 5158
169 5946
504 2489
6106 6918
347 8204
5135 8178
3503 5986
4191 5340
719 872
3354 5634
1357 4283
2649 6784
2595 4040
5173 8002
2933 3281
897 7681
5814 7540
2820 7770
1349 2594
4891 5808
1355 5755
2091 6614
6308 7294
878 2154
974 8049
4379 5404
1619 7787
4960 6847
1409 5762
2554 4803
5651 6206
389 6578
3667 8093
2288 8296
691 4435
2346 5039
5097 8020
1537 3180
138 1519
4883 7502
3923 4491
280 4312
5582 6493
1583 4464
1232 5698
108 529
4268 6862
211 7366
3191 6420
1498 2555
2532 5515
3065 8230
6064 6129
1134 7462
5203 8015
142 1466
5651 7616
887 1354
3669 3685
1800 6276
6198 7785
4121 5243
163 5726
1412 1441
2122 5509
4026 7571
6297 6946
2367 6508
1944 4190
1687 6520
1227 2563
3851 5503
2859 6152
1401 7065
663 1703
6382 6680
2908 4058
4793 5649
5857 7963
248 2363
1411 3030
5461 7734
1465 2512
5387 5984
3233 5467
1190 8171
158 376
2367 2549
2901 6391
5917 5920
27 2027
4797 7057
3288 3309
3009 6109
624 5400
942 2299
436 1673
1660 3976
6178 8031
4672 8230
3779 7195
2731 7040
2400 2968
776 3700
626 4170
3434 3484
1961 6075
5338 7761
6802 7602
513 6444
1568 3111
967 3416
1736 2695
4091 4922
1605 1946
2014 4100
1131 3753
171 3482
353 7394
33 5992
960 3642
2030 4081
3687 6037
698 4396
449 1211
82 8328
252 7985
5300 7627
4458 4571
816 2321
111 4720
1220 6319
2364 6936
4255 8076
2507 4275
690 2855
5547 7130
5225 7079
7821 8237
1621 5579
6099 6825
5383 7409
2597 5373
5121 5157
164 7885
1874 6964
12 1866
1054 6407
946 8271
3224 6639
824 7113
1376 3654
3065 5828
584 7397
1986 7555
1864 2196
3531 4840
827 1382
127 476
1833 6266
4725 6217
16 2631
1884 6497
356 713
3955 5518
2269 4581
171 933
4849 6963
6374 8174
729 931
4655 5111
2380 7014
2972 6660
1236 4182
797 2563
896 4491
1219 8150
5504 7015
20 4039
1674 3711
3054 4110
1469 4016
839 6064
202 2474
4586 8286
5470 7552
7875 7910
1421 2218
1837 6334
1298 3316
4817 7337
2212 4181
2783 5165
3547 6086
202 2595
2325 6273
936 2856
511 6090
12 4457
1491 2849
4264 5360
418 2112
2309 4235
3055 5745
3832 4619
726 5382
2073 6587
4700 7058
1593 3506
1558 4946
3595 6140
634 2117
2609 8324
489 7132
322 539
1960 3677
4305 8222
4157 5089
650 5508
6799 7117
488 3231
6608 7320
1618 5899
1315 5898
2337 3371
6638 7199
1509 4451
4370 5089
1281 2049
6193 8246
1840 3733
3655 4060
1700 5187
5428 7625
5698 7220
4577 7001
1310 4857
1177 7482
2507 6303
3515 8079
1240 6784
5192 6486
1589 5211
64 7346
857 6982
287 7095
4932 6532
6011 6525
822 5160
5163 6135
51 5017
5190 6009
3296 4894
7237 7891
1086 2237
3462 6095
4002 5285
4466 5914
6415 6736
3346 3668
314 933
2698 3898
281 1924
2818 5885
3773 7569
2823 8215
3282 4299
2485 2972
6998 7208
4026 7197
4372 5390
805 5987
1016 3955
4584 6441
6007 6244
7664 8200
3949 5930
4429 5106
2531 6996
3770 6224
2815 3557
4459 7200
6097 6174
3915 8268
3394 4661
715 7935
5778 7360
1592 5993
1165 2250
3826 7701
3891 4420
157 3857
2990 4433
4769 5332
2808 3224
2353 2829
59 289
4496 7388
535 4419
5776 7408
3659 5430
3630 4500
4799 6113
707 1641
1925 2998
5006 5396
2944 7821
6053 6080
717 4022
8118 8245
876 7987
4948 8020
6310 7584
3046 5738
3951 5881
4659 4884
161 7897
346 709
1540 4890
571 5257
5156 6858
1291 5583
5854 7425
3233 3470
2785 7252
758 8237
2848 6554
4536 5837
4167 7697
4308 5192
3425 4616
2145 7336
288 2582
4109 5248
1074 6672
4088 4142
1994 6120
1137 6957
758 8129
150 7492
786 2714
2874 4597
2349 4483
2829 5120
3940 7546
1311 2047
5192 7467
2728 6465
3870 6026
3460 5862
3972 5485
5264 7757
5489 5889
6015 8150
2188 2966
3283 6845
2053 2741
6442 6911
2181 7127
3581 7441
369 3836
6524 7623
886 3308
7482 7592
2045 4728
6324 6811
1888 2795
1907 2808
319 3197
5031 6071
275 4588
4905 5437
194 6585
3986 4349
4132 6618
3337 8141
259 564
999 5292
618 1665
1418 2472
3391 6391
1617 7556
4502 6602
1584 5164
718 6447
4838 5733
478 4250
2489 2503
3263 6061
1382 6383
1406 3293
4136 6629
2835 8280
2050 6253
3951 6849
7645 8013
1200 2141
5038 6437
7397 7911
6028 6358
622 3598
806 5405
3206 5419
4503 8264
3522 7116
2186 7955
2182 6035
2008 4687
3043 8286
6499 7821
1512 7903
1892 5909
4686 6786
1608 1949
4545 5349
2024 7031
1881 7211
4916 7736
2978 5309
1684 8094
7422 7688
3306 6831
1790 4585
3746 7103
2709 8238
1049 4321
94 422
5596 7882
5613 7297
1133 4729
5374 6786
1721 3704
61 5614
4094 5719
4849 7086
6260 7000
4510 6802
3876 6701
268 7260
361 1072
3228 7648
1217 2979
3723 7590
7245 7745
3883 4610
3843 7426
133 8240
877 6708
1410 4727
1754 5291
6566 7083
1932 7512
2500 3832
1643 5423
1691 1973
5613 7431
5983 6210
546 1360
580 5145
2577 3234
3730 5391
3316 5788
3681 4223
2662 6984
191 7026
4291 7121
2219 6643
4619 8155
4481 6235
1678 6999
4055 7295
2107 7112
1241 1484
48 157
2365 8050
3616 7369
66 7381
1778 4843
5059 8053
498 2608
426 4691
2468 4243
3737 8009
605 3350
4727 5486
695 5229
4463 4622
4800 8179
160 226
1073 4394
3769 4699
6258 7680
4210 7825
2788 4719
6105 6391
3221 3554
416 2259
1570 3335
2623 5591
5176 5847
4384 7604
1711 3459
6205 7682
4319 7852
2478 8061
1063 4177
1601 6970
3282 5119
2617 3911
399 7580
801 5345
2411 4974
3555 7577
3517 6827
1574 7254
1335 2542
7415 7727
1226 3538
603 4313
3708 7038
4066 5056
3966 5118
6832 8315
3066 5090
2770 4045
2835 2979
1410 2312
2946 4207
1681 7501
2474 4397
208 3905
2926 5955
2453 3816
1669 3182
855 4655
4237 4241
1253 4701
2218 2872
2677 7587
201 5070
497 5886
1569 4183
5994 6549
269 5204
4563 7565
664 5245
213 5309
5675 6954
6213 7761
1020 6011
4409 8037
794 5476
1448 1799
4782 5101
756 4955
8036 8208
370 5148
4174 6413
3301 7013
553 3283
575 7997
358 7245
2510 4979
1023 7635
2475 6153
1663 4023
4634 6290
61 84
2010 5824
3403 4967
1661 6350
1282 5765
3219 8004
3622 6731
6904 7133
1943 6184
4888 7984
1474 6874
5189 6929
729 6491
3499 6782
526 1473
6047 6960
6608 7256
2113 5814
1103 1979
1839 4262
520 7256
4386 7184
1343 1587
2862 5528
1592 6721
2008 4421
3310 5395
1417 2933
1365 4729
1800 6872
83 4407
7488 8106
334 5975
554 5978
3274 4691
2044 2802
2737 7455
3086 5394
3709 7736
440 7798
6358 7737
6949 8178
4984 8055
5519 7167
108 2077
858 2309
1300 3408
1539 5676
357 566
335 5651
2973 7974
356 1280
2876 8041
691 6454
1186 4447
2017 2389
4479 6728
2175 6947
6866 7483
1828 6839
1379 2546
8199 8295
826 6800
3286 8326
2876 3961
891 5882
247 3831
3077 4890
4517 6323
135 880
1604 3051
4898 6954
1868 5046
4854 8079
81 765
3551 6880
5910 6139
2131 4867
2473 3584
4890 7480
905 2905
414 8266
4101 5748
899 7520
6611 7391
5805 7227
2224 7431
3010 3910
1633 2008
1272 2554
686 6365
3705 7589
2325 4975
539 4891
5455 6740
1332 5170
3481 5602
1194 5465
6146 6365
2193 7192
1135 1623
1472 4426
4849 6149
1122 5067
1810 6636
3317 6847
2869 4442
1322 2388
231 5044
3854 4019
122 6040
2062 4349
1865 6693
2622 6672
3391 5951
2203 6459
1014 2393
738 997
6498 8227
3219 3400
1591 4885
4336 5082
2197 5863
168 8199
6534 7362
791 2994
5238 6351
835 2283
1097 5666
6898 7006
1083 2240
659 6608
707 7322
3449 4333
3817 5254
6043 6613
4708 7411
3966 5791
774 6036
2644 6565
4970 5876
832 5223
6192 6857
4989 7057
500 5689
1560 4851
4058 6669
1981 8062
4986 5712
3233 5768
2909 5119
2687 8224
1816 3501
6532 7800
6998 7078
1143 4455
1246 5105
950 6275
86 1740
3549 4698
3492 8328
4753 8069
20 1157
1489 8246
81 2793
413 1317
1082 1183
2385 7751
413 6686
5907 7869
1874 2580
950 4410
996 4526
5149 6241
5685 8170
995 6812
6872 7208
866 2726
8071 8286
1851 8194
1309 6679
7477 7547
814 3704
2416 4970
3849 7447
2205 6184
4053 4473
4710 5497
1034 6861
4569 6955
1417 7565
5314 7597
2986 5473
5021 6971
517 3494
4419 5819
2556 7178
634 6230
687 5073
4429 7446
511 6833
5648 7190
259 5306
1225 2389
5595 6317
712 3561
1321 2851
1862 5161
389 5537
1762 5748
2297 4860
1598 6808
5707 7137
184 3792
1997 5470
3681 5085
102 4396
6485 7175
2930 6614
4270 6877
4643 7159
1171 4381
4150 7226
1442 5598
4986 7498
4391 5891
2014 2562
1310 6647
2165 5175
3437 8229
2537 8201
27 6100
2458 7679
3113 4870
1989 3902
2092 2603
3015 3288
5062 7614
678 3293
1426 7882
634 3452
2698 4749
3660 5389
1005 4856
2753 4419
850 7951
3348 7783
1053 6590
134 2119
6942 7777
1596 7246
5682 7214
4104 8291
1690 6127
2736 3957
4955 7114
309 5503
4934 8223
1109 8296
7322 8183
6792 7954
7158 7523
5484 5886
2604 5006
1449 4954
3820 7714
1682 4438
641 3239
44 1034
384 7784
874 7382
3281 5635
5044 6755
2231 4616
1040 1938
1482 5023
4976 5308
2166 7116
1146 2593
127 3139
328 2375
6157 7978
3289 4937
1104 2596
3705 8033
1028 1554
811 6400
2562 8220
4081 5516
174 4244
3481 7214
3307 5112
1717 2917
2954 5482
247 2773
1579 2983
5672 8057
1076 1837
1285 3179
3671 7725
1701 2828
3684 5183
4268 6668
493 4118
2318 5887
7340 7489
824 2905
182 7639
2219 2646
835 8204
3655 6818
100 4308
2082 8010
1705 3593
3956 4716
6664 7098
590 5074
839 8030
894 7737
5553 7301
6686 8025
529 5774
1843 6802
1834 6753
7336 7797
612 2510
1782 2133
813 2500
73 4676
2586 4523
1682 5285
5369 5736
3779 6759
4121 4244
4558 6231
1077 4653
1288 2621
1299 3948
3542 4981
3847 4799
5698 8018
4917 5238
2795 7383
3963 4193
2475 3766
3092 6852
77 1546
2095 2727
4980 6691
1836 4947
1625 5932
1272 4087
3178 5027
3441 7652
158 5793
5579 7141
2258 6747
2778 4827
432 3292
45 2654
1335 5311
4306 5592
4094 7133
8011 8046
627 4443
3279 5873
2546 4827
5285 5768
529 2070
6122 7662
2462 7048
901 5096
2673 3821
6708 6739
276 7259
1479 4807
4481 5421
250 4577
2724 8216
1067 6031
131 6575
4051 6776
932 3362
6250 6800
1305 1365
2892 3491
2988 3953
548 6755
1484 6965
305 3358
2342 2795
52 926
215 6582
4704 6903
4673 5375
500 5933
4991 7118
7871 7998
2742 6004
1300 7908
5011 6767
1423 3814
8 3606
1880 7436
7754 8123
689 2543
3664 4249
3947 8250
607 7577
3360 5006
3795 6395
2830 3794
2327 4634
5801 7458
1687 5442
1867 6312
6881 8090
3510 5889
325 6588
6388 8157
695 1166
2413 7010
1114 2318
2135 5982
3329 3747
527 3918
3658 6403
375 4315
524 3391
3426 8231
542 2213
316 3856
3678 4776
151 6263
1806 4881
2645 7373
964 2616
3037 3696
6760 8042
2474 2536
1044 6517
1016 6418
1382 3772
5729 6484
1131 1157
255 6478
3966 4546
3326 7892
2503 8313
294 3171
5763 8239
1132 7919
2288 3177
665 2525
1864 2849
5021 6518
7803 8095
4525 6351
1247 6593
2704 8195
5899 7955
2580 5456
4990 6158
176 304
3715 4038
2470 4766
954 4735
1569 2564
2367 4759
280 7716
5772 8264
4399 7824
935 3446
945 5854
3152 5739
892 3978
3442 8201
5188 6937
4689 6058
942 1126
802 5253
1325 2059
208 4285
879 2238
2966 3253
3306 6556
422 4214
1805 4618
188 4986
3159 3540
1404 2998
5032 5764
2324 6122
3542 4473
7170 7764
1640 6887
4307 6262
5084 5136
5361 5710
4380 6777
233 4584
3139 4470
3101 6164
1050 4577
848 7597
4325 8238
564 1422
298 6635
828 3417
3133 7809
4982 5246
2919 4359
1513 4459
4233 5158
6889 7084
748 6090
4195 8020
3376 4948
1743 4103
2087 3684
122 3561
2460 2734
1749 5086
1558 6309
5782 7931
586 5129
3877 5580
2177 6960
264 2863
3642 3993
2921 7643
903 4018
1369 3525
4421 5451
1052 6972
6464 6810
1273 5399
1235 2892
4240 4477
5755 7518
1992 6025
1574 4051
3339 5015
1926 5405
7094 7327
2390 4048
5249 8060
4845 7970
1577 6685
6289 7573
5337 6897
1476 3075
7198 8323
6695 7473
1835 5115
867 5892
913 6237
2859 6081
1713 2385
1248 4766
3366 5131
5948 8303
5500 7655
2391 4700
3277 7533
5419 6498
766 3450
1502 2323
3334 7249
2201 3758
109 184
3142 6261
308 3511
2070 2780
2190 5814
3649 5311
3554 5717
3170 6774
5078 6097
2834 6559
1552 4251
1918 2093
5956 7497
1398 3555
6267 7130
6334 8123
897 4027
4575 6644
4770 6065
4274 5898
1170 1826
378 8013
2546 3769
5562 7499
3327 4334
4875 6532
3254 4529
974 3348
710 7476
775 3404
2583 7973
2901 6333
7463 8216
350 5857
5138 7521
1298 2398
5229 7676
275 7898
2887 5351
1091 4808
6099 6512
2704 6169
6287 7206
2356 2453
3116 6342
994 4323
3496 7566
1894 6071
2302 5371
280 4751
3227 4409
508 2363
3550 3867
900 5856
5079 6015
2326 4947
53 8091
1104 8022
5436 7457
3896 6840
4691 7074
1635 7658
1270 2807
3130 6812
2158 3269
4913 6369
1064 5856
362 8324
5673 7814
3123 4823
6583 8035
799 7278
2097 7581
3472 4418
2377 6137
4851 7598
4166 5509
4732 8172
1803 6316
4597 7947
2940 3547
1367 4702
1532 2820
3663 5339
531 5864
1792 7591
291 3667
2856 7461
4103 6513
3136 5529
4120 5928
4844 7945
3724 7685
5201 7953
1553 3229
42 1098
3920 4298
594 7990
2710 7757
4866 6162
561 1168
2205 4094
3127 5830
584 4535
2657 7372
1036 2895
294 6422
469 4733
2951 4557
2760 3040
1485 3889
1246 3607
4726 8195
3721 4246
4145 7920
673 5142
3985 5487
1672 4883
328 943
5594 8126
1530 7688
4116 8158
5487 7771
1278 2485
2606 6895
1222 4310
1043 4079
1373 6694
29 7184
2357 2892
944 2087
1331 2496
3915 6532
1728 3889
2901 5207
5055 7215
3315 8230
2078 2430
2663 5335
3389 5964
1259 2098
1667 3384
2697 4919
815 4336
6799 7864
2081 2435
3493 3806
2517 3002
2251 3526
1798 2497
609 2632
1208 5435
2849 4643
1342 5371
748 6884
1393 7588
2084 3241
480 2868
309 6433
6173 6395
3709 5393
5133 6330
3662 7533
4741 5311
4190 7423
5328 7737
5278 8145
6974 7060
6083 7791
589 5147
6172 7311
2045 3555
863 4632
773 3921
5484 5890
3973 8189
971 1950
680 1249
3219 4051
2223 4315
4497 5193
1668 4736
403 8259
3412 7371
1681 2985
19 2671
3556 5807
2372 6286
1473 5436
2612 5480
795 1845
302 5588
4944 5774
6458 7910
4342 6608
2661 6015
5274 7342
833 2716
246 7386
1743 2937
1206 2998
3098 7975
402 5418
503 5470
45 2148
6571 6925
2194 4041
4731 8002
3662 4755
4071 7663
3880 8132
1609 6505
5981 6830
4786 7645
1794 5504
299 1920
6675 7921
1611 6322
1733 3804
4536 7618
166 1512
2772 5307
1932 8299
4561 5167
7133 7954
4679 6620
1608 2762
4276 5449
5962 7877
1980 8003
6477 7505
1981 4175
1507 2535
1508 3928
1795 8307
1114 2496
6461 6598
3254 3337
5222 7141
1027 1790
2752 5836
5753 6548
491 2453
4319 8276
4455 5693
6750 7640
3060 6891
109 7757
613 5304
1692 2328
396 4552
3028 5138
2479 6616
920 2751
524 536
1928 2312
7048 7455
3503 5367
201 7467
2758 6445
2592 6907
2174 4933
1929 4348
5841 6903
28 3459
2712 6679
5742 6143
3186 7767
3289 6956
233 7540
970 1417
362 6903
76 6280
2001 7462
4420 7001
1003 6145
4948 5171
1168 2277
3322 7254
3108 5753
2872 5742
5857 8136
1003 7313
2345 3781
5378 7909
2501 6509
2745 4654
4035 7540
67 6847
86 2659
1178 2857
3007 4102
2157 3666
434 7543
3347 4170
2996 5404
1257 7058
2081 5778
463 2996
6877 7303
34 6791
1808 5131
1875 7107
1699 6127
2057 3620
3297 6685
14 6812
3827 5453
2734 3310
1455 4683
682 2252
633 7729
5500 8262
7589 7889
1510 3343
1976 7014
4848 7289
3057 7090
3601 5002
841 7385
4476 5431
1446 4984
2963 6408
444 4716
836 5994
1529 2511
1491 5437
2005 7873
3299 7791
1539 6905
2309 2622
6254 7044
3501 8154
2045 8174
2126 7870
4636 6773
2726 4896
88 8208
294 1631
1300 4758
2905 5770
3108 6358
4238 4633
3851 4187
1259 3939
3518 5475
6823 7847
201 8206
1024 3318
4029 7613
3841 8316
2850 7941
1578 4106
5172 6086
230 7860
1944 3934
3155 3329
6458 7052
7235 7912
1127 2894
338 6346
711 6591
2989 6945
791 1861
3050 6137
2513 3165
2117 5151
1783 8015
6776 6930
3412 8152
62 6303
4449 4950
4225 5407
1850 2942
2694 4795
216 1414
3479 6004
1201 5421
1495 5639
571 5254
158 5610
5082 6677
3886 5833
6473 7171
1205 3850
4995 5217
793 5074
2205 6674
734 3447
4144 5310
4905 7394
3685 8179
1025 3330
3566 4552
398 6615
415 5801
2173 5823
4649 6650
3169 6084
2659 6736
4009 5243
872 2455
1380 1464
1319 7870
2912 3129
3711 6488
3404 7240
1856 6533
1086 3094
10 625
3411 4920
8005 8327
2237 5821
3061 7022
341 3061
350 437
2990 5277
2006 6598
1137 1719
1560 7945
2821 7161
505 6094
3848 4520
458 5982
992 5623
6592 6973
2710 6283
4649 4919
6352 7257
1474 3862
966 7556
4892 5320
482 2030
3248 7800
641 4763
577 3021
882 8272
266 3839
2224 7184
6714 7730
4287 4580
830 8203
412 6229
127 6999
6047 7802
1957 3928
1600 4859
2044 6556
2873 8101
3671 7852
2067 7479
6452 7972
2254 7305
146 5184
2205 6366
2542 4968
2492 5376
6804 7636
4627 5156
4472 8251
1487 1656
4494 8010
5617 7292
5485 7661
3629 3775
334 2387
122 6143
4022 7907
1888 6322
1506 5991
4723 5739
1772 3895
533 6653
3072 5025
2297 5150
2159 6906
1705 3023
3630 3976
5113 6045
4266 7341
2149 7386
876 2683
4993 6394
4943 6802
5712 8067
3009 8015
1336 6051
5063 7392
4586 5481
546 7652
23 4164
116 191
2777 8123
926 3443
826 6474
5600 6025
2384 4930
1838 6154
2239 2297
3724 4964
5294 7675
740 957
2517 6213
3131 5847
1438 3739
5610 8140
6699 8104
3385 4451
6048 6565
2736 5991
1741 2959
4580 5824
1603 7455
266 4457
2482 4125
5264 5702
6430 6603
224 3228
427 5048
1507 8161
1939 2156
3667 7934
866 7835
3493 4105
499 6321
2195 3021
4127 4162
3132 5331
3670 6138
1289 4676
6662 8013
5781 8264
1106 3737
1631 4376
743 5671
7721 7805
511 7499
3848 5622
1408 4223
518 7889
2837 7749
1570 6473
1663 4220
4364 8289
5620 5700
3004 4075
2510 5526
2919 7909
194 221
1250 7141
2702 5696
2468 3543
1293 3576
4097 5437
6657 6901
1803 8293
263 1260
247 498
2592 4252
6277 8077
182 3257
3650 6559
324 3835
3721 4224
1162 8317
2406 3725
2103 7888
4647 6375
5295 7579
1331 4110
916 8032
935 6096
4820 8252
6740 6912
3386 4355
3907 7733
4292 7315
2448 3577
302 2396
2519 2703
669 7293
2535 4899
2321 6367
4425 6568
3656 3842
3086 3955
1264 2191
3430 7700
2728 3981
2192 6896
4539 4869
1614 2489
2205 5374
254 4957
3987 5524
2502 6829
1943 2893
1879 3403
1306 5756
792 6932
1239 7917
728 2746
2801 6832
4630 5108
3668 6417
2692 5613
1850 7024
7440 7915
6139 7809
2001 4941
3100 8296
2561 3063
4340 8163
3531 6304
1347 7571
1758 4173
6503 7941
2563 2880
1083 4263
2459 3991
901 5949
1116 5837
2014 6987
357 7771
3609 3864
5907 7543
4298 6826
5674 6783
321 4327
1902 7456
397 5076
3740 6949
1154 4035
4541 6180
3180 7780
2915 4099
1473 8218
3625 7642
4981 6452
1132 3724
1531 5419
1672 7115
1639 4723
5911 6093
3426 5446
303 7777
4114 6759
580 1117
1074 1423
6682 7818
457 1720
1773 5598
1007 3850
2810 7321
7323 7585
2370 8153
2105 6458
1286 7587
773 3804
3191 4101
2007 4085
1929 6875
5391 6750
1256 8058
2966 4656
3327 4635
2468 6631
1629 3846
2109 4483
244 6284
5519 6117
2943 6631
427 6634
2407 3093
5386 7924
1339 4686
2051 7403
2276 3549
4399 6207
3082 7325
1496 6326
2526 4892
2255 3382
8126 8164
4685 4736
1118 3118
7458 7476
675 6978
6566 6814
2214 7895
2112 7884
5973 7468
393 620
5484 8243
1516 2117
3926 7020
4967 7953
1467 2898
3612 4120
1970 3226
4029 6623
2308 6897
85 7004
2394 6671
2712 3045
2407 6610
839 8146
2761 5418
2028 3581
8084 8180
3490 4544
2741 4914
6189 7106
3668 7290
4101 8081
4352 7663
469 3624
6129 8223
6771 7461
4511 5700
2181 6913
312 5074
635 5993
5845 7417
3415 7231
4662 8269
2869 7472
2996 7247
2664 4559
2416 4457
888 5126
4857 6495
2001 3720
536 6135
2714 7534
4147 7796
702 7107
568 2677
4327 6680
1151 2732
1419 3715
2398 5756
684 6006
3801 6075
442 3211
2171 4518
2804 4165
464 2741
1971 3181
1296 3500
3634 6083
876 2685
1134 3209
3310 4976
4848 5749
4577 8144
2144 8212
3381 4856
1416 3309
257 6733
2146 3828
5141 7664
6873 8222
581 2629
5114 5760
3254 7905
1728 3022
945 8009
4186 5670
2336 6288
1929 5641
3741 4502
974 1247
107 615
6569 8117
3706 5154
2914 4171
3611 6085
589 4267
3567 7439
1600 6526
3280 5167
1504 3785
1263 4625
4759 7760
3079 6574
1903 4433
6354 7791
22 3028
3896 7772
706 6141
2063 5590
5533 7504
5994 6172
25 4696
173 393
878 1902
3412 4397
342 7032
1371 3232
153 451
6763 8080
300 7560
1098 5554
141 8210
2206 3050
733 3655
4122 4678
4839 5258
5095 5184
1772 8127
3630 5643
749 6982
4486 6796
1143 4694
1621 4467
1287 5116
106 7815
807 3432
3512 4991
4042 5974
3909 7845
27 4674
641 5062
3923 4481
3535 4076
732 7580
3295 4360
162 1048
6846 7165
1433 7664
2615 4335
5230 7721
730 5706
1478 4108
246 1392
6037 6474
2212 4103
2889 7994
1903 5977
4642 5457
2169 4635
5794 7426
2535 3975
615 1639
1215 5347
136 7303
67 7698
5173 8247
1061 2665
2108 5564
1677 6051
1019 8266
4746 7621
4985 5688
3581 3912
2082 3067
1348 4011
3237 5307
3223 7358
5578 7370
3054 3348
2668 7779
727 6818
5928 6436
2865 6832
5475 7659
7097 7820
178 4280
2714 3172
5004 6990
3305 7252
738 7586
466 6898
1130 5895
3630 5093
7203 7923
4851 5176
1313 6245
3056 3286
2404 3360
1910 4020
528 6729
1839 3322
2780 8077
2188 4001
2327 4308
2042 7330
3606 4103
3795 4793
6317 7951
6038 6550
6511 6770
1463 3681
787 1597
3832 7011
6447 8182
678 2593
2115 5943
2117 2377
814 5608
2951 4000
824 5801
3194 4172
6143 7663
3758 4968
3506 7147
1107 2339
431 4005
310 5701
60 571
1044 3976
1401 3230
437 3941
1497 7893
2801 4298
4222 5489
5023 6935
5114 6070
2070 6708
3122 7507
988 3936
5846 6864
4891 8068
786 3428
1725 2630
423 3376
918 7785
985 4577
651 5226
3034 5071
635 2249
853 7804
218 5078
1102 2129
826 2948
160 7059
2302 3580
766 7512
4787 7085
6425 6813
1134 8204
1072 5340
6077 7527
3343 5947
4738 6146
903 5302
3370 4589
2062 3046
2285 4286
3253 6404
5512 6479
4199 4821
4748 7251
2246 4974
680 5351
313 7809
783 2325
2267 7248
2145 4104
3662 7218
67 5538
1505 3663
519 6601
3332 6296
3087 3230
5306 6616
7057 7682
4075 6754
1062 4490
1206 3717
146 4491
5278 5736
2525 2645
5312 5320
2965 6889
2478 4290
5942 6426
1537 5924
3765 4434
4071 5938
3812 5189
1985 3081
1439 2090
7567 8026
1903 3951
1625 6158
887 6192
2497 5858
2394 4942
3693 4450
1857 5003
867 4264
2016 2781
5452 5636
3707 7768
5443 6045
3094 7016
4880 6871
1707 5409
330 7479
1677 2039
1683 8206
217 5323
310 3299
5461 5806
896 2642
2282 7222
4023 4338
3795 6137
2539 2835
639 8291
1623 6475
3756 3930
2102 5197
3346 7738
3435 6504
7819 8115
4334 4846
2041 4894
7474 8053
631 7016
4342 7824
3179 6928
2654 6060
3726 5111
1759 6901
1271 4868
5460 5715
3978 6500
490 5700
7781 7836
1194 5035
3269 4764
218 6180
1197 5454
1293 8131
570 5292
1989 5619
2272 5190
1823 3866
1286 1712
2385 4838
6368 8320
4692 8071
2918 3086
2718 4489
2435 3612
6418 7094
7205 8147
1406 2423
521 5413
2904 7244
1439 1782
737 3496
7209 7973
3285 4842
4439 5918
1450 5997
1434 5235
1268 7454
2461 5977
3255 8238
1023 4590
1341 5165
278 1238
3237 7403
4223 6414
2774 3175
4362 7512
65 1359
5486 7662
539 7631
5205 5693
2316 5222
2622 4511
2644 4270
5230 6918
1558 6038
4385 4877
483 3040
3384 8180
994 2963
1162 6482
121 2580
3696 4022
1390 4360
1366 3774
2524 8261
3501 5732
2056 3955
2983 5806
3134 6204
2055 7904
1370 7047
1223 3321
618 4904
5444 6860
2180 5051
236 2129
7603 7751
2907 6319
1059 5549
2895 4767
2702 3406
1019 1986
6387 6965
6414 7068
2856 7027
58 8135
5691 6444
2274 7574
1551 4964
3173 5916
4057 5145
456 3714
4575 4842
2981 4928
728 5570
5571 7732
180 5738
2317 3312
826 7017
100 6159
4602 8220
2656 5932
4509 5548
3784 4097
3722 4414
2643 5175
5151 6183
2585 4416
200 7679
1139 3168
726 4756
1545 3627
393 5041
1479 5222
2466 3677
5086 7407
1831 5152
2013 7115
7135 7901
1046 3879
384 1959
2108 5137
1621 6739
1019 3638
367 1497
1729 7477
1617 4755
2833 4265
6437 6933
3517 7112
3634 5711
877 5396
3962 7499
5474 6068
1613 4232
6040 6479
1473 5686
2383 3921
5729 8280
1667 2253
1594 7144
1637 3579
5217 5853
5074 7302
808 5417
7404 7486
1477 7498
4696 5629
5644 6371
2003 4804
236 2976
1240 4522
2886 3845
2365 4402
6815 8030
5335 7427
1118 4532
342 4082
2391 6791
2052 3124
250 817
4668 7903
1089 4999
5239 6672
4136 6056
2037 3526
3496 7187
3722 8173
4325 7914
474 2107
828 878
475 5715
1218 2790
366 3513
2998 5082
658 7822
4925 8094
231 5503
1914 4479
1568 3842
4431 6512
5639 6390
1795 6221
4694 5165
2701 4980
3222 6143
1666 4764
283 1650
4778 6970
2449 2894
145 898
1724 5644
2154 6689
3317 5333
2417 3356
275 6606
2223 2847
3713 5306
4542 4599
3298 4044
5727 6745
665 7959
5967 7895
2163 6630
7541 8096
3859 5774
2904 8025
2980 4637
1066 5499
2258 6867
780 7128
5138 5303
2161 6934
3742 6128
243 4644
1461 7233
3782 4214
2457 2502
638 4685
5853 6453
3844 6031
535 773
1128 3273
4840 6935
2388 3018
2919 6855
2556 2602
2551 3426
3217 5236
5488 6597
4395 7423
1547 6495
2606 4301
6215 7047
2590 4441
2146 3498
1456 7252
5100 6084
1818 7604
54 3307
4228 5337
7906 7954
7584 7940
1149 4742
741 5176
686 5240
3605 7280
33 3140
468 7498
2369 4859
820 2436
6417 6521
3860 5291
4460 6784
3252 4425
325 7863
2417 2806
990 8253
1406 3701
5007 7303
6435 7450
1879 2120
1889 6743
350 7519
5673 8295
4011 5766
1798 6561
2845 4801
2583 7541
114 3455
1719 5221
5624 6309
5469 7189
1226 5059
4952 6441
2746 3223
327 7656
4545 5528
6797 6876
3796 6164
1239 1736
1179 1456
480 1684
2940 5196
3977 5192
1432 3070
298 2875
337 2049
8067 8248
1290 1674
2869 5666
2649 3182
3132 6305
3223 4208
5614 8078
7262 8265
1384 7873
1382 5060
3601 5965
4110 5842
584 7002
2280 5917
3854 7579
2266 5982
5498 8024
1262 7065
4694 6280
3868 6201
473 1657
448 7491
181 1899
3830 6067
702 884
2109 6570
485 3101
3497 7318
219 7789
484 661
1776 4145
711 1606
4031 6959
3505 6391
1858 2908
877 6190
927 1352
6079 7201
941 4404
1178 6303
1861 8282
1042 2995
1685 7302
148 6165
5616 8150
1029 3470
5187 7973
454 1778
3139 3422
3863 7654
2347 7394
4225 8006
553 4120
4247 5550
2313 3316
6490 7078
5640 6642
3042 4657
772 6904
1221 5976
2047 5789
892 1078
900 2659
4353 5158
838 1781
1933 5431
302 2444
2063 6938
3672 7160
2192 6594
855 6794
7529 8059
5122 6837
1605 3350
6284 8262
2447 2619
962 8088
2612 7116
3517 6993
2713 6939
5342 6022
7719 8304
2242 6243
399 6820
5270 6829
1688 2193
872 5054
5975 6581
3776 6062
2850 7065
6055 7513
5091 5780
6383 6820
3541 3657
3472 7987
2398 5857
1718 5869
513 8211
5064 8013
3269 6123
4346 5518
5490 8121
4308 7212
1073 8319
2456 4788
1530 3539
1464 7157
2018 2081
5711 5730
3668 6707
3740 8044
3482 5305
631 3140
2871 5380
651 6990
2927 4494
2385 4211
1521 1625
2594 7731
1176 6057
720 1347
525 3094
3348 4443
6161 6316
524 7299
975 1573
1781 3134
2338 5977
1443 6293
1754 4465
3575 6004
1395 6747
2121 4407
4273 4319
2118 6058
894 7404
719 4922
1771 6216
1917 7502
3471 3587
585 1401
2781 6789
2805 2945
4625 6585
7 2592
5462 5510
2406 6848
1651 5252
2944 7197
72 8090
3728 5027
3621 4672
5013 5310
1848 7873
124 2480
2120 3902
43 5295
4237 7240
5710 7803
4077 8190
4634 4846
360 5352
4749 5321
530 1828
2120 8224
2383 6877
5703 7800
1905 7481
2276 7919
922 3520
2524 3554
1729 5306
190 5062
4362 7248
4770 6319
451 902
3224 5628
356 3782
2763 6990
3342 5354
4751 7474
417 3011
3345 4871
6125 6338
1004 1724
26 2042
1669 1885
3628 8084
3533 7258
3375 3437
2791 7587
4682 7495
153 7223
1808 3626
204 3253
1888 7527
2377 4271
3428 5929
4116 6037
721 7155
284 4939
907 3898
6987 7134
2393 3498
1216 2438
234 6515
3818 5296
2574 7710
5638 6004
3950 7438
2845 3743
16 6292
2755 5018
3954 7557
3753 5352
3192 3558
3737 7559
5855 7924
5267 7488
1756 4230
4619 6900
5856 7479
2399 6029
5661 7011
1645 7553
4129 8204
1770 2300
4721 4817
7150 7555
1582 4171
156 2407
159 1924
56 1008
5592 7298
2140 3415
5187 7249
3017 6199
1160 5875
826 2094
2166 5804
3303 5250
221 7353
3483 6120
3803 8276
6509 6596
684 1866
3863 7280
1864 1911
2445 7555
1676 6815
666 2226
2677 6666
1872 3492
2556 6376
1718 5011
2502 7308
2827 7364
1915 2263
817 2516
3083 5748
5178 6853
1317 6774
3130 6503
1846 7798
5318 6109
5973 6040
2425 2486
2292 3125
5487 7086
26 5814
838 1528
3587 7358
7691 8097
129 3697
2997 3062
2675 7212
343 4151
1133 1301
1626 6832
129 6851
677 6656
340 3587
1508 2383
2614 6680
1435 7237
6536 7183
2818 3706
1527 7994
5866 6156
6511 7126
1690 4494
1919 4088
6516 6975
492 5563
2106 3914
4635 6065
4602 5888
4591 5204
3863 6488
2521 3375
831 3982
1994 4612
1739 7769
1920 4434
841 4404
3944 4575
2999 5107
5187 6928
3217 4246
6467 8143
1930 8010
1663 3465
1446 4928
3598 5106
1316 7824
533 4180
2229 7754
1328 1647
478 5412
312 8089
3886 4233
508 565
1129 5867
2119 8003
354 5467
6009 7278
548 6006
2394 6666
2332 3573
327 4546
17 5818
2104 2403
2317 7880
2341 6022
3631 4478
2084 2690
5418 7187
6080 8326
4659 4691
1548 8308
4782 5027
1826 5283
3737 6567
980 5757
4264 6269
6764 7682
5265 6837
1395 3232
970 3497
42 226
1487 5975
52 6835
2125 5737
4480 7964
1854 6900
1723 5168
3743 4961
3710 4784
2433 7021
3 6835
6315 6664
609 8042
3568 4556
5961 7829
5727 7662
3234 4158
4990 6322
2597 2820
692 1287
1268 4601
4129 7225
6128 8127
1016 3562
857 2751
3477 6481
8215 8324
4 4269
5840 6384
3684 4744
1182 3487
1915 6519
1044 3782
1340 4598
5206 6512
5185 5635
4237 4664
4135 4387
695 8243
6505 7417
3437 5254
3709 5676
553 4632
2019 3085
2376 5803
1273 2972
624 4283
1145 1474
4438 6761
1506 3439
3242 3702
1581 1812
4765 6338
3872 5037
3870 4210
1050 1358
5885 7042
365 6624
1698 5716
1450 3399
194 326
2735 5749
3724 6492
6898 7361
3878 8127
2302 7816
929 3175
1722 5026
630 4276
2896 7508
2149 3558
5495 8146
6433 8200
3243 4583
1157 6193
7511 8234
1621 4570
4370 4509
1369 7769
3210 5345
1627 3863
1861 5198
2159 7521
4308 5967
782 8322
3282 5571
715 2670
2103 5899
4061 5043
6564 7205
2803 6539
360 4428
4155 4863
476 7205
1794 6726
2943 5997
2942 7758
989 7726
3083 5482
2004 7475
2237 5202
647 7208
267 3311
6901 7850
5648 6014
753 1218
2007 5679
861 4198
1692 2140
4954 6091
334 3486
5322 6258
2842 6480
2822 6013
3854 3945
745 990
2920 6255
6133 8284
694 3095
501 7167
4360 4692
521 4601
20 1875
5725 5951
3151 6538
3070 7404
4474 4942
74 4326
719 8228
2030 4858
5388 6036
3232 5187
205 581
6359 7930
1345 1722
832 8290
1470 2427
425 7643
2125 3819
984 4897
4890 8132
1547 5239
85 1832
3434 5671
1947 6112
2749 5339
635 929
4231 7183
168 4166
3345 4323
7144 7230
76 2133
17 4973
1049 7069
2193 3522
1147 1225
1169 5939
1420 2552
3257 3392
1450 4380
3709 4455
4543 6344
5762 5859
1200 3158
3091 6513
1496 1988
2108 4767
4116 5489
4884 6758
2787 2840
4817 5536
2549 7627
2047 4262
2605 4526
3102 5332
390 6443
4722 5649
1198 4667
3911 6373
1800 2557
2044 2917
409 7661
378 1895
1840 7059
95 6976
298 5578
7658 7814
3995 4273
4972 5945
5314 5416
3218 4581
3598 8249
5513 6565
5267 7061
1199 5427
1786 6944
492 7551
2901 6631
2040 5548
3079 4651
99 4587
5541 8209
156 4074
423 3600
2083 2333
2420 7876
2236 3100
5902 6875
4071 7772
209 7734
4600 6315
732 5294
2723 6049
3086 3886
3645 5341
1055 2951
1898 2179
5793 7763
2200 7176
526 3361
407 8099
5264 5433
947 5569
2666 6188
448 7871
2822 3961
2715 3606
2524 7007
2763 5303
464 8081
1882 3339
2083 2575
765 6989
101 7763
1307 2879
4526 7426
3929 5221
6000 7460
761 868
991 5760
3159 6471
215 4078
801 5407
293 6657
5093 7658
788 6865
578 7055
6104 6470
4086 5060
1867 3337
251 5879
754 986
1978 5275
1002 6457
140 6950
5110 5918
1426 7916
1094 3013
3783 4362
3757 5356
527 6312
1112 2801
1471 6346
2833 7078
1109 5886
653 5606
2237 2250
1483 4528
2758 5628
2482 4003
2856 6136
3054 7612
7473 7689
153 8006
1189 2216
4529 8221
1036 2617
685 6066
2598 5733
7168 7763
4438 8039
7394 7517
1857 5469
1963 6161
502 1370
4233 7526
150 4860
1757 7224
5628 7267
588 6025
4428 4732
1995 2851
3082 4920
6432 6503
4754 7642
2192 3136
3154 4530
514 7244
2472 6388
6567 8125
2506 2774
6232 6334
843 7419
1545 4722
6789 7191
6393 7191
1042 6316
455 6785
3458 7772
1614 3280
194 3482
4147 4318
4071 5262
3768 5453
1419 6424
1254 3876
1923 6186
2061 4615
106 5705
4257 6031
4195 7139
2041 6299
179 7617
22 6650
3339 3892
2800 5304
5613 6985
3805 8014
3129 7465
3881 5114
2201 5655
2765 3253
2486 6541
2811 4123
6670 7044
6257 7400
3766 4989
312 804
6273 7795
1111 5624
1438 1552
634 4238
2731 5712
3095 7157
595 3492
4569 4976
3156 5595
2348 8310
1319 6448
2300 3166
4691 7790
1429 1624
1028 5481
2263 5499
1919 5689
7139 7801
1754 7544
5988 7639
2089 5282
4367 5636
690 4560
4943 5688
2959 3337
4989 5804
4137 7510
5897 8167
4576 5342
2997 5965
2493 4742
5925 6364
2023 3773
6283 8058
3662 4140
380 705
6909 7702
6108 7424
5879 7601
4475 7811
3662 6476
1802 6406
263 6428
249 6493
591 5439
3970 7760
1697 3091
2600 7554
1581 2916
6282 8075
129 7781
1385 7407
4222 5473
3666 7241
834 3103
2217 4002
2210 2794
1160 4027
5098 5292
1810 7061
1626 2285
1063 6309
5553 6101
2628 4246
640 6391
5025 5423
3585 7144
5090 6986
1232 2452
4816 5205
1796 2036
5204 7273
3568 3942
1274 3617
5868 6233
7146 7375
2104 7750
5953 8034
7190 7418
1117 6787
224 5752
3269 3996
4305 5376
5275 8055
1507 2283
828 3422
2118 3339
5497 5660
2738 4252
2834 8161
6447 6677
4451 7012
1316 5842
1302 5678
1372 4165
5701 6069
164 8222
2494 2579
1518 6205
3440 7153
1048 5273
3938 7366
6584 7850
1331 5561
2067 6649
2743 4717
1602 5566
3544 5934
1894 3459
567 1149
1957 2990
3550 5456
2473 8010
504 7216
1568 2656
3818 5355
5578 8227
975 1324
4562 6038
5071 8130
5508 5953
6998 7732
2012 8187
5823 5964
1033 2618
2153 6850
3216 4132
2484 6132
443 7219
4027 6000
3786 4662
312 993
3598 4547
2060 2542
6029 7358
3517 7362
4239 4351
1934 6789
4518 6395
2553 2596
484 8280
1281 5177
2593 5378
6230 7469
975 2626
2272 3522
4983 5118
1309 5131
5157 7900
1451 5709
5288 6922
6750 8114
6929 7362
1977 2786
2985 3808
6347 6714
2508 4637
5392 7393
1693 2209
8143 8196
2351 5858
3822 4160
4783 5070
3182 6200
6740 6766
450 7369
3471 6976
5382 8260
3102 7604
4733 7585
6691 6729
4303 6311
2185 2977
925 4858
6835 7942
3061 6031
107 964
528 2714
49 2945
663 2350
1088 7252
28 8026
2765 4168
3260 3881
5591 7737
4914 5539
361 6105
5538 5632
211 3128
4271 8062
2618 6750
2033 3845
2734 5878
1865 2985
1067 6388
1533 5895
418 3993
3921 6084
5330 5723
631 2825
1207 6893
2535 7102
7050 7210
3977 6918
1981 3281
4694 7993
5678 6406
1614 7954
982 5499
999 6863
4232 4929
4323 6508
6009 7216
945 3365
5232 7524
6450 7861
1940 3630
5883 7979
2344 6194
3465 4649
1001 5633
1310 6617
2676 8101
2688 4957
2383 8293
2161 3225
571 7217
22 7941
5942 7512
1450 3658
2074 6720
842 7451
94 1401
559 2669
2945 4209
321 3255
2225 7303
4981 8184
6249 7295
1822 4819
4980 7666
1014 1613
4133 4532
2486 5738
3377 7932
3289 7819
6927 7331
5805 6473
91 7007
1510 3133
2798 7178
2579 4101
1278 1551
326 5534
1680 6698
295 1754
1353 2139
742 2214
228 1764
391 5434
5523 7662
2498 6098
578 1059
851 4601
5436 6202
3588 7189
2774 4232
480 8108
1969 2492
938 5953
716 5086
1018 7639
1109 5017
930 1110
1678 7160
914 6764
1289 8102
3268 3922
2249 3714
4508 6004
1486 1971
570 3921
5781 6213
941 3339
3780 6204
3931 4387
839 1113
7833 8210
4501 5183
2920 4528
2874 7041
8087 8211
6020 6616
612 6668
1094 2507
2818 3470
1314 6711
2654 4005
3978 7478
6631 7938
1512 7864
499 2297
3220 5850
3091 7914
5620 8079
2406 3647
3127 4575
1616 4430
339 6630
4611 8037
2384 5470
2124 4836
54 3007
5243 5769
921 4807
1170 5511
2707 8045
6824 7592
2584 2727
1643 2698
375 7613
2729 4313
3718 5810
3449 4868
2936 3825
6239 6794
6282 7393
3873 3883
1140 6140
3387 4929
4255 5382
3047 7453
2600 6764
5556 6242
1997 5387
3991 6211
7764 7897
2602 3548
5969 6007
1872 7607
7708 7773
6154 6992
479 1038
35 6245
3567 6822
965 5627
2193 7177
2000 2810
252 7411
3421 3735
1306 2887
3575 7851
2791 3339
2803 3578
2419 4864
1216 5064
3230 5079
36 6187
41 2101
6718 7276
5916 6130
2252 6565
7002 7974
2362 7605
1795 7494
3357 7870
902 2258
3823 4896
177 4971
5235 6267
5412 7886
4350 7567
1688 8041
6416 7476
1639 4887
1250 5829
3873 6595
179 1755
447 4953
4340 6475
4505 4593
184 7468
7601 8252
4982 5161
9 5666
2250 6330
3138 6792
3318 3690
946 6892
3506 6141
2040 3487
5397 8264
4089 8182
1326 2454
7136 8044
2153 5121
155 2872
3295 4911
1268 1695
3594 5207
6525 6843
368 5087
4552 6344
2682 4832
1957 8040
2704 3130
2337 3831
2961 3466
2909 7440
336 3004
5468 6989
1385 4323
2854 6457
2138 5055
2491 4190
4710 5361
7411 7996
876 7829
5702 7570
308 4110
4447 7351
2971 5995
1938 2442
4173 4338
3894 6909
3775 5497
1803 4203
739 1300
4233 5557
1762 5599
3116 7517
1760 2520
371 6502
5968 6386
3707 7433
1096 2476
342 6215
1338 6439
2179 2625
508 2720
38 4757
1000 5397
950 1604
1242 7145
1228 5261
5072 5201
2219 5141
6 6939
5104 5907
3873 6045
38 2434
4943 5437
127 8104
782 5066
2194 4451
701 913
4374 7616
3572 8160
688 1617
724 6229
5572 5729
2283 6078
1641 4625
4485 5848
1059 2957
6804 7923
4460 5976
3147 6533
1273 8026
3171 5843
1703 6792
1681 2603
407 6535
68 424
7498 8088
486 7767
351 1163
2569 3415
531 2033
1645 3710
6182 6317
1458 8021
1876 7514
1239 4190
2532 3883
2179 2304
732 1878
1537 7038
6222 7823
3682 5779
2873 7596
187 7713
5037 6350
642 6307
2920 6624
1416 1500
6424 7368
2355 2422
3017 5739
233 4567
5940 7026
1234 2920
6476 6777
5953 6736
870 6844
6095 7314
316 1074
1587 3718
1545 7922
1034 6659
4052 4800
2615 4833
5242 5533
6338 7193
660 3974
59 78
3589 6207
3883 6425
6694 7242
7045 7994
445 5217
705 2175
2390 7051
3037 4418
4888 7637
999 5739
1603 6708
1876 7998
4761 6815
1014 5495
1855 5616
3203 5511
5622 5767
2893 4531
5916 5985
6355 6621
1115 7240
4603 5330
1638 6786
1032 5027
7348 8008
3031 6158
4357 5274
4207 6269
1084 4399
1808 5662
447 1075
2788 7339
1974 4382
2660 8093
42 2194
3674 6156
976 2772
1677 5034
5032 6244
5162 5536
1961 3746
6892 7970
739 7905
399 7985
2004 7765
603 3779
499 689
4580 6729
3621 5340
4271 6388
7873 7963
1099 7285
7688 8183
1779 2062
1871 5034
2494 6208
5296 7434
4470 5406
5588 6825
5755 5770
555 6754
1059 6287
7757 8138
2812 5965
3302 7815
3847 7120
3048 3734
4899 8185
1097 1331
3232 4080
988 6757
5315 5619
401 2796
2386 7964
791 3210
7017 8220
735 5301
1795 3066
1220 7036
5367 6977
6361 6603
2360 3747
2890 4730
6892 8225
2468 5495
3097 8177
1454 3675
4442 7801
748 7162
2149 5634
4026 7859
3505 4215
4678 7519
1498 6347
5672 7145
3426 4565
2657 5811
3861 6479
3493 4097
7228 7514
2695 5514
28 1709
23 1136
5733 6788
726 1522
1813 7792
2372 3060
2960 3984
3937 5427
5332 5397
2593 4227
5354 7142
1844 3843
747 2749
2828 8150
4737 6126
3961 7891
690 5103
1379 6079
240 1605
3758 7239
410 4002
5140 7684
4758 7353
1239 4500
1824 3204
3599 6842
377 5932
1978 8222
3813 8235
4432 7718
179 965
4129 7717
605 2534
4090 5510
810 5383
1085 7308
3948 6329
5995 6225
687 4000
1301 5620
3758 4219
47 1159
1167 3176
1941 4260
5575 7625
4972 5080
3994 5398
2676 3433
117 4823
6963 7555
590 5235
2472 7804
4197 7191
2779 7466
4243 7307
1653 7886
3551 3781
1269 6957
3449 3999
6520 8153
952 4806
1716 4973
3853 6563
2428 3452
1165 7021
475 6574
5931 6482
3002 7107
3599 4882
958 4247
242 859
852 3528
2878 8239
2762 6078
2356 5390
5573 7124
6380 6695
4525 6215
2892 7356
3069 4774
180 4303
5500 5599
887 3899
1238 5405
2877 5772
126 539
1874 5508
4075 7039
7330 7567
693 7160
2501 6545
3657 6233
3101 8001
1939 6512
626 1922
5827 5970
2582 6389
2523 7206
3256 4613
4773 5741
962 5483
5361 7897
1987 6445
4559 6980
4918 5341
4204 6523
4964 8197
4372 6336
5080 7325
1637 3070
3834 6697
5544 7954
1981 2843
1489 5121
5026 8028
2775 3872
1973 6402
3461 4614
3815 5371
5486 8134
1885 5471
274 6142
5208 7897
1851 6826
1326 4726
3441 7008
2682 5936
4095 4728
876 2167
3771 5836
1944 3728
1305 5956
3448 8071
325 1246
2223 4311
1529 6869
4528 6946
7003 7585
6079 7200
2256 2916
4064 7256
1378 5424
3881 6088
942 4039
5868 7165
1590 4260
4742 5599
119 6631
2080 7278
5629 8024
1179 5564
1213 6380
1395 3913
2902 4353
1338 5328
5314 5653
3846 4158
7137 8056
3930 4795
3563 5001
1209 3642
1549 6716
1680 2998
4600 6202
1232 5733
1602 4512
824 6167
5334 7594
10 177
37 5235
604 6514
1430 7495
2000 8062
3034 4377
831 3416
1969 5450
7731 7845
2110 2945
771 1564
2751 4668
4685 5212
579 2562
1126 2960
91 7174
490 763
4510 7022
2595 2815
1217 2031
2147 3628
1782 4927
82 416
5575 8285
2444 5571
1965 7788
2825 4445
1648 5637
3339 6652
1785 8086
1006 5352
4593 7851
1256 4480
75 5193
2043 2086
401 933
702 6294
2529 6675
4929 7921
5163 5873
2632 2895
2583 4925
456 7958
6935 7227
3205 3925
689 6705
1417 7178
1050 7650
2457 6920
3520 3973
3444 5375
4065 7708
5434 6457
1270 4886
2347 6267
1024 5382
1456 3844
872 5779
3771 4723
5827 6388
920 4507
1885 7404
2017 7789
7638 8030
2815 6786
3866 4731
116 6146
4586 7006
1859 3150
6179 7486
1525 3570
2739 4697
3529 4035
4332 6308
903 4166
1195 3520
2232 7754
6497 8182
4350 4901
487 4224
922 5613
3157 3345
258 2186
406 6514
182 3359
1532 8282
4529 7532
2509 3309
843 2287
4062 4619
5552 7630
2940 7962
2248 6651
6408 6797
733 7259
6536 7248
4530 7878
5798 5821
4798 6875
4867 6480
529 555
4505 7296
3348 7383
2856 7446
4253 6257
2857 8314
1546 3053
4357 7317
5991 7569
6221 8260
920 6977
354 4122
1037 8316
2358 4136
1694 4156
1310 7428
4904 6897
3352 6980
544 1967
4342 4686
4018 8238
5513 8146
3674 3998
5425 7279
3211 4762
5663 8090
4020 7789
7182 7372
2441 5194
2131 6200
140 7108
4278 7495
5980 8147
261 4136
3149 4648
2253 3867
713 1264
8109 8112
868 7968
709 7157
3008 6365
2295 4214
1173 3356
2157 2294
446 5471
1254 5415
3757 4130
5429 7118
1539 2137
685 2491
5672 8007
272 2029
736 2392
3086 6298
4726 7267
3666 3840
4323 8045
861 7941
3932 3959
685 7981
1384 1566
3417 4038
5233 5499
2179 5449
3025 8129
5795 7188
5180 5343
1052 5415
3944 5366
2204 7613
5346 6049
1497 5536
1353 7972
7258 7972
4223 5949
2216 6391
4607 8046
159 4730
522 4553
1009 6886
775 4733
193 5280
1428 6052
258 1999
8007 8211
6854 8003
2652 3925
71 4738
995 2642
4415 6950
2977 7778
78 6619
871 4269
210 2308
3611 6603
3559 5918
2361 6462
3880 8225
955 8060
2705 8258
3570 7245
1693 5545
3630 7784
154 3581
4390 6489
2781 8253
1109 3050
2306 7465
3744 8071
17 314
5848 6515
2109 5645
617 5971
3394 7958
3352 7961
1110 3625
6827 7775
2500 5880
851 6259
669 2081
4760 7577
1894 2165
3813 5259
3267 7449
3778 8190
1909 4365
2838 7043
1967 7753
1095 5343
1879 5425
2595 3380
1438 5682
2477 6808
6651 6852
1677 1763
2414 5705
2651 7109
971 7909
4606 5955
487 7796
323 6116
744 8095
1026 7027
3607 5167
6129 8325
4473 6779
526 5694
471 1557
691 7976
2614 6116
1580 2890
382 1219
2923 4656
744 8216
3015 5642
3592 7905
276 2671
1004 1912
625 3542
2017 8233
314 5895
2772 4608
4014 6056
283 2795
360 6950
1454 7975
2870 6836
5750 7524
1870 4692
4610 5040
6005 7225
1394 4928
229 5420
430 7396
3510 5597
7419 8147
2300 2411
1415 5172
2571 4860
3911 7109
1800 5508
6101 7579
3499 5889
171 4782
6582 7394
80 2937
3555 7181
7086 8324
2716 6382
6482 6897
193 784
3914 6481
1209 2155
1448 2437
787 7121
4117 8274
3657 6303
5582 7256
291 6661
5568 7092
2534 3759
7091 7742
2886 7365
878 5145
1745 6982
366 4216
2147 5161
28 2652
5366 7200
4134 5945
1449 5240
4479 4667
5081 6987
7350 7979
506 4347
4248 5966
3114 4805
2307 5005
2301 4473
2449 3139
2201 5289
7068 8000
3109 3414
72 2025
6145 8025
5441 7909
4829 6887
2689 7443
1237 6673
2454 7805
38 1367
1550 1656
820 6506
3767 6430
5002 7165
3740 7724
5382 7342
289 804
2503 5832
6102 7631
5782 8215
422 1370
645 5054
36 5764
6100 7972
6022 8318
2628 7116
725 7679
5886 6178
4688 6493
1732 2814
2074 6715
1466 8293
154 7274
1862 3045
4026 4280
78 7400
412 4307
6112 7056
4410 6606
6617 8211
519 8045
3779 8200
6068 8154
2327 6383
1150 3603
3380 5192
4042 4345
4590 7597
1814 2307
3321 6948
1758 7781
6919 8266
1924 6272
2402 6799
1963 8186
628 3800
4581 4636
3385 7993
426 4605
1694 2548
3607 6645
3521 7625
3662 4366
1296 7871
6094 6547
43 2063
5373 6033
447 692
414 6702
1964 7512
1805 6930
1664 7745
5846 7421
7296 7327
591 6483
1983 4758
1713 2911
7177 7864
1141 6657
6183 7420
1510 7692
3091 4634
1260 7517
5936 6496
487 3100
2042 4520
512 4096
2475 5341
6872 7120
112 6377
866 2638
1948 2791
1397 7643
559 4329
4793 5407
2780 6327
1711 4541
622 4614
5867 7722
2592 5458
276 6606
1021 1061
542 3049
638 2528
2976 7326
4674 5082
2609 5812
176 6375
1986 6587
1664 2860
4303 6603
4934 5423
2231 6125
1628 3617
1825 1916
4335 7989
5847 7083
912 5332
2679 4945
1944 3035
433 5334
192 4225
1596 5735
2626 2840
4573 5538
1765 3972
297 6907
1469 2927
4762 5437
471 2593
7272 7309
3786 6619
2420 3903
1981 6485
346 612
521 1138
2983 3262
1947 2407
4345 7256
188 4641
4560 4966
1892 8106
1362 2693
3323 5289
2767 5300
3749 7841
4551 6314
6932 8301
289 4134
2529 4196
2300 4144
92 3068
3705 6522
594 8153
385 7521
1489 7019
1467 2076
4695 5625
3422 5123
192 6574
4899 7118
2160 8126
2644 3257
2511 3401
5050 8189
2865 4424
1058 3426
2923 3611
4180 6091
257 6824
2225 6427
2578 3576
394 6829
547 1675
917 4655
2503 6142
5331 6603
832 6008
1416 7722
1942 2584
4797 6854
70 6826
4344 7222
3165 3386
1009 6701
3858 4067
1814 5408
6294 6956
3050 4567
4548 7668
5737 7304
460 2443
1730 3199
312 4265
5053 5854
3594 4142
1106 4540
1300 7752
434 4376
241 4964
3935 5603
4590 7786
6282 6959
4434 6226
1311 3602
657 7013
2589 2758
2995 3180
484 1874
1165 5470
420 4333
5060 8085
5126 5177
542 7184
3250 6560
4798 7563
6098 6212
382 1947
4408 8051
3783 3798
1756 6998
2055 7267
2796 3249
745 3877
58 5162
1143 6892
3505 3645
1128 2568
87 3355
6162 8196
3333 3575
945 4288
3109 7967
480 2239
2188 4884
4423 5834
2401 5931
2891 7515
1633 5076
2560 5695
1354 6378
5860 6932
3117 4071
104 1844
1604 5543
1180 3229
2522 4127
1942 3552
5180 8112
3740 4464
3661 4171
923 6084
4032 8019
150 913
311 5934
2111 3509
97 4958
1855 6966
513 1611
3883 7788
1546 4346
1791 3396
3138 4601
399 2677
3697 8271
3609 8158
2812 4845
4116 7437
65 6938
4072 4398
1940 6084
295 5939
1494 8249
637 6871
3708 4121
1483 7831
497 4353
145 7577
629 4014
195 524
266 6591
746 1795
3610 8100
546 2444
5671 5716
348 473
1648 8019
4721 6096
6661 7852
3851 5718
2178 7955
516 5426
194 7590
2849 5679
3795 5823
2387 5325
3493 7178
1944 6970
1385 5057
3291 7229
3499 6175
361 2519
3611 7170
3138 4735
2141 4811
2822 3452
2889 7414
847 5647
2519 3414
2647 4619
1504 6856
4766 7801
445 1816
1482 4293
4328 5131
1461 7388
3713 6521
626 7755
1268 2792
6257 6957
1501 3259
1012 6249
4771 6051
4981 7618
1887 2248
734 8227
1983 3942
1986 7623
658 1937
169 4927
3369 7246
7751 8259
678 2818
1378 6464
5239 6048
3809 7289
2580 8254
4459 4890
4640 6628
1922 6941
6 4761
1284 8118
360 1088
239 798
2526 6045
1516 4196
5449 8086
3274 3989
261 8141
39 858
3880 7411
90 3829
7278 7530
5194 8210
5636 8326
6087 6801
1577 6771
670 5572
4773 5184
936 7943
3805 3975
595 968
5134 8051
4829 7186
2119 6946
1384 2296
6155 7322
1082 6132
127 3953
929 2426
746 7903
3968 5285
2073 6197
4148 7323
2863 3320
649 5876
2741 7235
2337 2981
1535 1539
3912 8251
4994 7007
1540 7252
1725 6251
4865 8290
3043 6526
3316 5867
642 7041
52 5778
10 1580
6634 7683
3731 7277
1116 4830
900 3485
3577 5534
3052 5649
2281 3062
5362 8170
3135 6586
3632 6638
883 2794
7997 8007
9 7865
3891 6111
398 6657
2565 5157
4634 6569
2388 4743
5846 7357
6188 7057
2939 6014
1566 3588
1908 7260
6653 8325
3628 4546
510 2266
3496 5558
825 2277
2488 3230
3775 4192
3028 4672
3093 5555
2716 7783
3769 7824
6560 7171
7807 8209
739 3149
1110 3550
1363 2976
2166 3071
4416 7756
5820 7317
6057 6735
2387 6453
2192 3474
7670 8096
3000 4172
6007 6325
2423 7278
1886 7339
4713 4717
67 3106
3367 7083
1806 6821
3147 8248
3317 3475
87 7895
3855 5073
1062 8245
652 8118
297 3689
4578 6599
584 5439
1000 4105
3104 6750
623 1903
6448 8296
989 2226
187 4756
2862 3955
726 8188
3628 4922
7104 7819
591 2715
2363 5412
1884 2674
265 5699
3793 6800
1766 6361
2817 5767
3588 3658
2058 5715
3627 7033
2256 3219
6331 7724
1014 5679
3679 6442
998 6903
1488 4515
1089 1544
6257 7630
5398 5425
4700 8012
3079 6238
1100 1787
5014 7650
4398 5203
2352 7895
4569 6253
986 8074
2268 4491
2642 7819
1180 2197
2542 4205
5331 7478
2497 4728
3902 7106
3291 7218
154 7170
842 2323
188 3785
917 6109
3744 7688
4396 7614
4953 6485
2558 5088
2186 3230
969 7733
6487 7058
4318 7142
4065 6696
5572 7136
3609 6416
2533 3459
2237 4629
776 5059
333 4489
2447 7364
187 1173
3673 7232
2778 5333
6434 7703
1692 3903
4014 4263
3320 6592
570 4967
1061 3484
4457 4954
2832 3741
3153 7768
219 7783
7440 7460
1923 2846
4333 6766
5224 5742
4219 7647
3171 5277
2536 6981
6543 7070
5970 5976
1548 3844
4488 4546
4008 5141
3452 4923
530 599
1459 3277
1183 5328
1446 6196
3774 4156
30 1673
5962 7963
1786 7055
2121 4830
7382 7697
651 1239
4558 5140
1335 1871
1235 1933
3052 4107
223 5636
4655 6241
2648 6683
5015 7981
2118 3219
2195 7869
4600 7473
1066 5803
2131 3912
5305 6996
3001 5229
3770 4279
3580 7794
2014 3512
4782 8160
964 2759
5304 5990
5317 5959
740 6168
2531 7158
251 7963
2162 6766
6026 8082
768 1019
1456 3342
6022 6162
132 5467
2998 5991
7686 8242
4114 4331
2546 5830
773 3470
236 6463
3142 6349
1063 2485
1584 3877
3084 7347
723 5275
778 2501
2550 7413
1720 3694
851 3245
1331 2421
207 2914
1440 7023
437 3376
2713 7296
34 6406
1620 7893
6835 7675
2931 4257
788 3835
6223 7067
2886 3962
3104 5316
6242 6528
2379 5851
1240 1377
3608 6283
3809 6044
4258 5870
519 4963
667 3666
5221 7378
1888 3520
4596 7097
1906 2076
228 7416
715 1347
1818 3949
2778 3991
1969 7794
3331 5372
2775 8123
870 3621
302 4332
3325 7772
3261 3852
2951 5087
3122 3922
5097 6682
4155 4708
5936 6205
7862 8026
1742 5923
2156 4708
5246 6926
879 6716
3852 7824
2730 5734
1720 5346
6410 6475
3399 4846
276 6423
81 3932
17 2227
3520 4318
1378 6521
1096 5374
1323 4599
2928 3396
755 5081
3807 6482
4292 8217
1233 7823
2449 7562
241 4042
2770 7388
3573 5268
2024 2616
1797 7757
2903 3689
754 2991
126 7623
6237 7957
5344 6922
3401 6854
1171 5265
1935 2214
136 5049
437 6209
1529 7161
72 7279
3633 7591
1959 3776
5546 6275
670 2475
4761 6988
4948 6814
1087 6964
1833 2095
3178 6903
2466 3728
1337 4106
3126 4003
77 1328
4239 5078
1988 4598
269 6224
907 4000
4642 5431
2545 4371
1406 2637
6760 6964
996 5920
3748 5339
5446 7333
770 1672
2731 4534
1344 6374
1677 1824
1035 2357
1539 4334
7061 8245
2940 7273
879 1026
175 4882
4717 5093
3182 4820
2475 4958
1897 4981
398 4136
3242 5359
2982 6223
4499 4870
4030 5331
1087 1850
6436 8048
6033 7106
687 2145
351 4411
4143 6376
7838 8179
3676 7169
4692 6554
7414 7851
3145 6981
1264 7791
1756 3527
2475 5200
364 3562
2447 7353
2897 7818
3635 5303
2415 3873
744 3968
1907 4635
1700 3339
1665 6270
1355 5290
1763 4361
696 4193
1358 6527
5475 6828
2691 5848
2149 7551
4371 8202
5916 7702
4281 5047
570 2741
580 3200
5485 8189
3077 7991
2852 3214
424 3855
1869 5403
1815 4349
3740 7288
4020 5356
1377 8095
7357 7451
1591 6334
873 6054
436 5262
5902 6612
2442 5157
504 7877
7033 7970
380 937
380 5138
1243 6001
5503 7317
2238 6266
7604 7678
1104 3856
5417 7213
5663 6488
23 5739
4642 8156
1526 2273
2486 5055
4809 7515
4575 8102
1550 1583
1804 7623
7755 7968
3605 8244
2517 6741
254 4975
2229 7506
3996 7119
5065 7333
1133 4570
162 4339
55 3718
2875 4355
5655 8303
4862 6186
1042 3341
69 5989
2672 6103
4341 5144
7006 8122
674 2127
851 2992
882 4291
312 7144
3292 6979
4763 7762
643 5443
5815 6575
4654 5496
791 3062
4378 7776
6627 7429
5878 7799
1941 1989
5089 6821
2313 8213
1527 2874
2667 4015
4262 4339
1246 6796
2402 4269
626 7088
698 2763
450 675
324 2027
1910 2760
561 1445
1577 5031
2000 2919
2585 3609
4610 5961
4061 5453
9 151
771 8085
267 6044
845 5526
3006 4541
4332 6855
2753 7478
5144 7938
2476 5894
6846 7570
5280 7718
1259 6684
5560 5786
2520 3456
1318 6510
1650 5559
1257 2824
1620 6848
2636 3523
2294 7206
5291 7476
717 3489
2214 7442
491 5132
1962 3700
4611 4684
4738 7677
3972 6683
833 7986
2048 2656
3567 4153
5255 6856
2909 5092
2102 5292
3056 3570
3060 4214
1532 4883
1962 3942
6077 7085
865 2619
2112 2425
954 6074
2935 7831
1190 3318
5455 5466
4663 7452
2982 4681
55 5638
1617 2567
4438 8273
4925 7637
535 4262
3863 4551
463 3339
1462 7281
2596 4995
2964 7377
3098 3930
1558 3313
985 1694
2719 7546
4095 4793
461 4168
4320 5140
3969 6374
5340 5987
1073 2746
1105 7128
1807 2970
6949 7643
860 4853
3463 4701
2148 4202
1401 4682
4807 7106
2190 7582
1957 3853
5124 8210
2378 5832
5965 6345
3831 7204
4774 6370
346 2888
907 2955
4695 7659
2306 7770
1972 2232
3074 4875
634 2244
5943 7094
618 1253
4570 4631
200 8324
1590 7950
5889 6713
7296 8235
1455 3295
1458 7767
1587 5437
4047 5502
5635 6833
485 6214
5879 7459
409 2957
4956 7713
3612 4756
850 1616
4241 7438
518 6512
6159 7863
1075 5117
1603 3287
560 6923
5333 6360
890 7552
601 3248
3581 5069
2378 7484
4453 7213
2142 6719
4642 7903
1285 3126
3358 4768
1861 6965
6155 7865
5062 5722
2689 8056
800 3084
77 1935
1420 1486
1181 5930
1626 7741
2015 6735
4837 7216
3488 5901
4836 5796
3304 6723
1032 5928
1984 3113
3088 4102
1413 5475
3254 5037
4016 5360
2501 3753
1477 1969
4873 5166
2020 4877
961 2089
548 3640
3342 5271
4823 6742
1497 3789
5899 6208
5193 6460
2028 6579
2846 3764
345 5095
5310 8149
2015 6990
5989 6488
1741 5475
4750 6240
2310 5632
8 491
4877 8038
5085 6984
3125 4761
301 7654
4200 5315
4029 5433
985 6071
723 1641
4646 4843
3995 8000
929 3695
308 904
1443 3916
3072 3824
4553 5029
4303 6840
3039 6801
470 1316
5936 6867
2180 2381
5423 5824
237 4757
5880 7726
4588 6191
1114 2815
2079 7927
2882 6036
3616 6260
5691 6928
3329 4136
7141 8002
2843 5182
1477 2466
4885 6949
2944 5988
1429 8316
2294 2873
5423 7234
5470 7989
3335 5765
3252 6225
2385 4196
367 800
401 3831
1442 7733
3415 7680
3964 4475
249 1976
5445 5717
1296 4646
4594 8062
7342 8005
6910 7328
1110 2951
6489 7271
1188 1787
1504 5965
1260 3124
5606 6429
5528 7004
782 7700
4854 7733
6034 6583
440 3506
1463 8034
3415 6646
3411 7170
5792 6417
2339 3918
2000 4223
2081 5868
1067 1803
3491 6641
1032 5983
165 3917
637 4141
2082 7904
7877 8032
578 4500
815 6133
4440 7692
1145 1578
329 5193
4417 5759
1395 8142
2302 6631
1448 4770
1802 7742
1359 7172
4715 7789
1411 2609
6026 7765
2626 6849
3628 8285
1997 5069
2487 6919
718 4493
3853 4202
1811 4421
3660 5793
5849 8253
2721 8254
7091 7981
7781 7933
145 1598
2137 5759
2873 7076
3317 8019
4676 6117
2078 2146
6553 8305
5880 7310
3366 8177
1880 2161
2559 6391
1530 6478
4049 7187
825 6726
1069 7352
3391 7941
805 7242
1537 4424
2139 6478
4766 7178
4072 5306
4055 5662
5474 8204
2308 2500
2760 8259
4222 5775
5447 7283
1982 3498
1906 4900
359 1126
6382 6743
1295 8166
2950 6289
118 919
1961 2513
234 7668
1531 6083
309 6270
2619 7330
4229 6434
2887 6061
1431 8067
1140 3165
501 963
354 7854
1605 7136
3019 7385
4411 6855
3636 5812
649 6984
308 4476
1305 3353
606 7782
7500 8296
3128 6281
1944 2522
932 5471
605 912
443 3065
598 6120
150 5701
7120 8011
2067 2629
298 4138
5494 7879
213 7972
1137 3890
3561 5759
5811 6014
3641 7445
4911 5434
6131 6635
1981 2710
2797 5484
6883 7401
211 3738
610 6224
5186 8234
783 6115
253 4903
4492 7557
2314 4734
2652 7173
3485 4959
4297 7089
4889 6735
3994 7051
5561 6310
2409 6957
3133 6722
5046 5635
2501 5728
1370 7265
692 6118
1384 2733
4833 5756
1108 3552
2949 5329
1727 5287
2379 7199
5124 6844
2963 7600
1593 6347
1228 2728
4349 4488
3948 6130
2223 3252
3126 6961
5439 6976
4245 4781
2410 5973
426 1932
5807 6850
6404 6611
483 5849
4275 7814
508 2644
7424 8101
5172 7278
2964 5219
703 7020
6735 8293
6356 7479
2851 5278
5249 5697
2788 6161
5962 7030
2433 5933
2927 5044
5509 6001
1126 7244
2795 4070
591 1487
2208 6525
3503 5325
5340 6165
7621 8214
6597 7662
780 6728
6559 8309
2655 7860
6459 6910
929 5804
1861 6767
3392 5349
4211 4220
7824 7940
4534 7125
5291 7104
2576 4534
528 6628
2141 7760
281 3489
2734 8274
4324 7022
3164 5872
1471 1778
708 4236
1594 6315
4510 6660
1808 1814
471 3771
2277 2292
7173 7956
1953 4383
6058 6808
645 4301
2517 6182
2143 7661
4457 7672
2330 7753
4730 6784
3033 3968
87 5178
7241 7309
4899 7236
2375 8169
3756 3774
1755 1779
4898 5321
2088 8112
7707 7718
2514 7466
3405 6176
2624 7597
2567 5077
2916 4965
5562 5715
1333 5698
5106 7421
5205 7134
1943 3183
3121 7585
3740 5119
5949 7817
5002 7485
20 7645
5051 5620
362 7345
1929 7836
42 1513
1516 8192
2360 8059
2974 3751
1745 6968
2934 4618
48 5613
1863 6960
4770 5233
6762 7408
2662 3112
2880 6489
75 7409
1550 2447
1966 4348
1470 7379
305 7871
2041 5919
1626 2442
2150 4105
1993 5353
2541 4929
142 6537
818 6820
93 902
4416 4718
5778 6497
1597 7460
747 5075
1141 2750
2310 6844
1751 6880
1827 6875
2109 7793
903 4275
784 2634
3454 5956
2287 6567
3224 4676
7403 7575
2699 3542
2711 5582
5364 7274
2941 8259
2922 6031
1477 2039
2583 4121
905 5260
78 8191
1225 1414
414 2929
428 612
1607 2913
6834 8182
6094 8143
4051 6188
572 6669
6834 7135
6182 7209
5158 7677
332 500
339 3428
649 8020
3271 8147
1786 7237
612 1722
6642 7086
2480 4127
3495 4630
981 7483
2125 5885
2606 8144
1228 5374
2902 6974
3826 4878
1819 7535
5387 5820
4712 5910
6881 7489
1270 5492
1241 4525
2293 3604
1006 7368
2966 4141
54 505
2824 4960
1332 3108
2292 3904
2635 5475
1220 3806
3622 3664
1571 4292
4048 8202
1314 7376
3973 7799
8023 8302
1655 6851
2159 3681
3833 7267
3986 6277
2748 3258
5134 7538
3585 4886
2779 3739
5456 5788
1086 7495
2366 7249
3051 6534
4004 7620
5384 6787
1179 5178
1013 7626
180 6642
1742 2588
921 7808
3465 4309
29 3211
2157 4981
1627 5984
4777 6496
613 6645
3505 4381
4447 7264
1498 2312
740 2404
2949 5331
2116 2361
200 6597
4087 8156
1869 5638
3531 8167
4246 8149
1584 4193
522 3615
2394 5459
8240 8262
2927 3744
1001 7750
4722 6802
2487 6855
46 4036
4715 4813
3796 6758
1002 2912
3987 5306
3646 6999
203 1246
4939 6921
567 4152
5603 6672
4259 4947
4076 7751
5915 6678
4050 4315
3735 7421
2106 5069
6350 6377
1387 7799
9 7015
2896 6622
4718 6171
3314 4395
932 2708
801 4211
2509 6856
2664 6501
3992 6710
181 4466
5827 6686
5691 5859
321 2002
765 1484
2802 2944
3865 4390
2404 8267
5475 6500
1898 5426
1717 3136
935 7301
3013 6510
2275 5763
3068 3184
4064 7838
3114 8255
2658 7221
1166 7318
169 1207
2720 5066
2030 4656
416 8254
127 8151
7510 8119
2327 4088
4732 6698
1249 7703
3250 4773
2353 4262
3834 6487
1274 2808
2077 7067
198 6984
4910 5657
667 5742
3115 7968
1687 5606
3178 6038
4812 6024
3893 5754
2355 6415
996 5055
6502 6743
2498 5087
2231 4514
1654 5671
5762 8101
5500 5886
3313 7636
3351 3727
5706 7940
2999 5002
6185 7157
3299 6691
1459 7502
5201 7660
6144 8058
2066 5736
4874 5087
598 6190
66 5363
1370 5215
866 8156
1043 6806
159 1390
2512 7479
5765 6426
71 230
1841 7725
5287 7067
2388 7305
3584 5668
1191 4546
597 8274
1652 2726
1235 8036
3649 5999
552 2115
4378 7340
1281 6691
1926 3194
4819 6790
1760 5642
5999 6606
156 1068
455 1401
188 1286
380 5428
4186 7291
2723 4908
267 1057
6612 7708
796 3801
3609 5674
2483 5340
1963 7556
3119 5029
5655 8122
4003 6015
8235 8252
4770 6416
2813 6679
3653 7299
245 5216
5675 6909
3591 5374
6022 8185
2945 6165
5730 8013
6425 7077
7373 7819
3407 3752
2887 7917
1622 2809
6148 7213
573 4873
2221 7275
4996 5658
2472 4413
846 1541
4364 4664
5515 5994
1480 4796
3565 5213
4588 7526
2181 6829
2597 3775
835 3459
1592 5387
931 7893
1769 2576
1304 4691
3201 7043
2664 5872
2939 5582
3633 4458
4029 8070
42 1436
1227 6026
14 5538
2677 5703
4702 5840
5709 7391
3335 4885
616 4825
2398 7190
6080 7334
3265 4826
3716 5516
7182 7725
1453 4918
806 3121
3600 4523
4056 6752
1005 1789
2557 4446
876 1086
5020 6657
760 7327
7363 8123
3273 4249
973 3126
1303 4987
298 5431
1547 5347
2772 4906
1930 6805
3435 6647
2568 4618
7550 8070
814 5698
1492 2378
297 6640
280 580
2492 6959
6399 7413
4498 6036
1437 7030
6848 7919
1831 4180
241 3742
1509 3900
399 2113
2597 6608
6296 8116
2070 3415
2221 3584
1263 2568
4284 5410
1007 2319
112 2406
1079 6130
724 8117
3267 7197
4411 5599
256 2535
1821 7154
4934 5532
3578 5490
2704 4697
3338 4754
1839 8110
2144 5942
3362 6545
485 3684
4938 5129
1715 7522
5315 6284
4518 4957
5359 8276
1973 4784
4460 6938
3147 7495
1657 2040
58 5687
3819 6087
3686 6497
7063 7954
1356 4677
5524 7158
5307 6931
2000 3732
3041 7634
286 3716
1165 4853
7159 8308
3079 7337
6453 6574
7105 7254
3067 5822
1503 7063
4449 6267
3717 3874
6220 6753
2095 8291
3993 4940
3528 6567
2749 3153
747 7844
6540 7374
114 3730
3424 6446
2037 8286
2701 2853
2663 4547
4214 7245
7424 7542
1851 5800
811 7226
1535 7028
2487 6657
5078 5256
4412 5395
2219 2412
4502 5325
2783 4440
1463 3826
1301 4996
1393 3767
3564 5944
3899 8149
762 8101
3867 7150
2876 4789
4056 7049
4847 7844
2321 8179
912 8045
1602 6277
2801 5369
2314 2807
3792 4532
2260 7674
747 4945
2560 3213
6613 7168
5794 6082
3316 7397
949 1632
2148 3942
1480 7684
7278 7329
185 8066
4964 6271
1788 4309
2736 3065
595 767
961 3305
1035 3254
758 2222
1122 3667
478 5322
3817 6753
1398 4245
90 6903
2125 7728
2015 7856
1471 4723
3131 6425
4330 6749
8098 8128
2033 7910
844 3844
1281 4599
3423 5550
1251 5888
1690 2323
4085 4208
1954 6570
5364 6218
2227 5416
7185 7757
6096 7830
594 2356
287 5323
2123 4541
340 2705
2069 7459
4842 5998
1167 3157
2025 7618
4375 7057
4270 5543
2926 5804
2035 2563
2754 6451
3344 5499
1398 3211
5828 8136
5021 6121
1573 1751
1003 3584
4561 6365
533 3406
1694 3209
689 3919
2848 6271
2681 3879
4802 7925
466 3581
1278 3496
5786 6863
2563 5055
3615 3639
1126 4041
4477 6529
2572 4996
3618 4058
610 7130
5112 7979
4699 6312
3861 5213
3916 4920
1065 3509
605 5214
388 4987
977 3810
3775 8071
4165 5745
4972 5316
8 3130
880 7260
1193 2768
714 4460
2130 3092
1605 5156
493 4757
5785 5954
520 7334
5318 7242
6427 6626
4273 6338
456 6006
709 2022
2975 5254
5712 6351
1999 4679
1414 1545
5151 5789
1196 3537
6751 7625
3659 3792
6456 6926
3696 4354
7734 7772
93 4799
361 1581
1595 2128
36 5433
1171 4015
1425 7803
4336 5818
4790 5271
2268 4853
5518 6498
1559 3373
2144 4292
1528 5457
1552 5814
1903 6566
2032 5219
4399 6288
1919 4295
4401 6105
497 1684
4425 6462
680 1576
6122 6770
1915 5758
1541 6042
889 3147
4378 5303
3065 7883
133 4561
982 7741
7618 7694
5900 8239
33 129
2600 4521
20 7020
4349 6709
5214 7911
4350 5887
5122 8093
3699 4614
1986 2497
69 6094
1032 6407
1775 3482
4344 6486
2319 4134
3894 7189
3777 6375
5670 8019
302 2774
2764 3703
126 6749
5115 6979
2073 7232
844 4262
6890 8173
4094 5907
5723 8030
367 661
2927 4111
3675 6714
3484 6917
471 6905
1854 5589
3079 4882
2171 6693
5991 6690
3532 8018
891 3182
7381 7713
1275 3293
2412 4954
750 5623
302 3955
3403 8254
710 5443
2384 4074
1627 6835
1742 6593
2793 3491
7163 7382
2360 3609
5541 5649
4930 7710
6788 7441
2079 3855
2313 4022
5315 7817
1942 7233
4163 4801
5859 5931
8034 8227
673 7752
3252 5065
3291 6454
913 6687
1109 4118
1763 4642
2000 4326
4741 6619
2012 3397
26 2693
2009 3099
5651 6022
386 2447
2889 7578
244 5252
2690 7634
5778 8234
1750 6258
1569 5163
2832 5768
4931 5854
2747 5135
1974 3936
2065 6269
6668 7924
1730 2263
3339 4673
4911 5508
1079 7113
299 2986
2301 5620
7134 7286
2958 4163
4115 6476
4108 5534
407 1472
3634 5614
1964 6873
6666 7073
3488 7482
1943 3552
4826 6689
3005 8008
142 4328
7308 7745
1401 2451
2249 4009
1295 5933
2346 5110
880 4442
5620 5917
418 3859
6904 8005
5956 7034
1379 5028
1334 7766
3548 4621
136 1894
611 955
851 8292
1859 7816
5443 6634
4741 4901
1222 6249
5657 6334
182 8133
4124 6659
894 5895
1818 6997
1879 7687
6367 7369
1437 6524
6301 6786
3806 8191
2656 7729
2288 5118
4780 5364
6582 7186
551 6552
1635 1934
5554 8141
5053 7630
2632 2797
2506 3597
168 6935
295 6976
4111 4868
2479 4891
2119 4090
3442 3955
324 4415
4682 4805
368 1718
5607 6058
213 6799
315 5763
1006 5388
4053 6445
1876 6439
1611 2758
5138 7192
1097 5691
4498 5785
2948 4480
274 3897
1709 2771
4279 6909
1854 7067
1673 5972
1489 6151
5078 5313
5181 8178
3352 7687
3077 3318
3665 3717
7124 7724
1704 2060
1213 7155
2200 5610
2734 6483
2522 4843
567 7165
1985 6624
408 6354
1707 2415
824 6003
2572 5374
4944 6787
1902 5808
5121 8140
3547 7875
1613 2672
1319 8089
152 5731
381 5325
2741 7896
884 7343
4007 5766
756 5882
742 3732
4325 5294
3406 5024
7545 8265
3942 6990
320 5436
4898 5866
5054 6342
1604 7561
4741 5882
4331 5984
2989 4857
8242 8314
7667 7854
6521 6602
7947 8137
6037 8246
4270 6418
2802 5152
1769 7749
3825 5250
509 2985
7294 7693
909 8059
90 4987
4708 6765
1915 3787
4315 6016
77 5691
555 4269
1541 4071
3229 4586
2248 7868
672 1407
1785 4431
1893 7411
1786 5299
3852 7194
4201 8102
6845 7759
2608 6575
1558 7808
2391 3608
7105 8063
2224 3202
2721 6223
5300 5980
790 2715
2030 5817
3656 4222
400 6438
4347 5308
4283 5552
2122 2373
28 150
4349 5088
574 6510
33 8078
4711 7692
4446 8175
3212 4861
4021 5030
1758 7465
741 4637
3726 4816
3003 6444
2191 2328
938 7137
5703 7164
577 6865
2640 5308
6616 6865
3889 6163
1948 4448
1053 1354
6770 7948
1987 4376
925 5518
3363 6053
5541 6469
1669 2754
1947 8131
3118 6407
3090 5113
616 2669
1545 6781
3348 6051
4869 4965
3102 5123
4014 7568
712 1037
1202 4348
4390 5115
2984 3266
623 7115
5000 7784
5096 8246
891 1453
1625 6373
2064 2771
1983 5852
5431 6021
6676 6986
6956 7269
1101 2431
5046 6853
5195 6424
3433 4711
2018 7206
5344 5500
2221 5845
851 6871
1379 2789
2595 5268
879 7872
5326 7782
7167 7344
676 6237
2032 2832
1304 4079
4980 8313
3400 5557
3577 7176
2808 4450
4205 4301
1149 5639
3124 6413
2892 6844
5092 7736
2833 3231
107 6430
2961 5897
713 2978
1506 2614
3526 4622
265 6723
566 5668
1433 5519
4449 5011
4252 5665
1184 3502
2740 6544
2494 7040
4811 6797
4980 6340
3260 5267
1472 4319
3218 6024
3044 8123
3469 5377
733 5148
3080 3121
663 8058
1525 5084
3684 5450
5048 6107
96 4978
5061 6800
1052 3854
629 1536
1299 3731
1984 2373
2503 7102
5156 6579
882 2359
557 3996
1911 3965
751 829
2313 8146
1124 3851
5070 5694
5137 6687
208 846
1255 3745
7504 7756
2402 5370
2926 6050
4617 7065
23 1968
3148 8314
870 3530
2040 3153
5794 6812
2669 4115
4684 6947
2490 4786
5707 8277
2054 5424
6035 8079
2539 6930
6520 7562
2804 7349
2575 5540
3036 6689
3450 7955
4534 5323
1449 4913
802 6499
554 6168
5161 5313
3072 7635
2730 4259
1405 6977
4587 5980
1190 6500
3016 3044
3881 6986
3671 4409
3494 4776
2375 6138
1709 4062
5215 5670
4179 8262
5626 6436
1678 5392
1360 4588
585 1559
2694 4319
1002 8263
1773 5925
3856 7693
747 2789
5700 7297
2078 7204
4208 5408
1660 3015
2860 6422
143 315
39 8071
890 7914
5723 6382
301 3089
211 1065
1375 2105
3797 3864
1453 5179
2779 7493
1779 8318
4580 6461
2496 6912
3959 6528
2758 3125
1725 3773
2702 6199
4299 5135
4267 7583
4027 7830
566 4918
504 3811
1703 2149
397 3685
1651 8109
1202 1638
1024 6964
4952 7514
2672 8319
3718 3934
1294 6946
2383 5412
3303 8307
762 1423
6565 7828
2759 3713
1248 3568
2478 5420
747 3286
219 2901
7123 7301
5424 5644
1546 2178
862 4929
1654 4377
5316 6461
6825 7499
2912 7230
1376 7257
1930 6611
2881 7099
5734 7095
923 5676
3214 3717
1841 7478
7360 7900
3316 4933
88 566
580 7444
1567 5862
3120 6455
4529 6094
3298 4246
187 3433
6446 7866
832 2151
3922 6813
3880 5806
475 6990
6311 6594
4067 7847
695 2038
617 4599
2592 7359
350 7224
3294 5416
1131 2605
4061 5817
2450 8178
900 2672
6744 6863
5870 8056
4896 5864
4767 5979
3275 6305
2345 5388
1612 6557
5421 7119
3780 5430
309 3786
2658 4572
461 2867
4330 4527
223 3224
2273 5340
4169 4609
595 4264
2391 4578
3463 7830
720 7413
5014 6098
554 7646
4105 4301
3343 3749
1703 1962
2491 7670
5507 7199
1975 8019
4625 5764
6966 8093
3575 4257
2534 3287
1121 3677
3996 4250
475 5488
582 3399
3097 5615
6161 8073
397 3619
435 1659
24 1536
3694 6544
3262 7301
2357 4714
6117 8124
7146 7771
5182 7092
3785 6258
3332 7481
271 7721
5891 6505
7914 8030
5567 7613
5290 6810
3576 4808
6726 7306
2534 5407
3141 6085
427 6103
2932 5682
2916 6869
3165 5395
1881 6424
5984 8022
6808 6971
6548 6603
2539 5872
2737 4130
3275 6694
797 5040
1571 6383
146 2306
4956 7930
2702 6509
2146 6062
2149 7528
1975 4194
5705 7267
4736 7634
7699 8054
4385 5899
2339 2670
6270 7453
2707 3096
444 3316
3448 4528
1558 1812
5438 5610
1024 5059
3499 5927
6000 8208
4974 7583
4086 6626
2100 6417
1554 6429
4840 7997
358 5585
5840 7697
7058 8300
2419 7365
199 6989
2131 2468
496 6229
111 8044
543 5523
5257 7238
1833 8180
675 7628
3892 7147
2832 5706
1240 5865
1142 5293
3516 3598
2960 3905
557 7757
3752 7517
383 1979
40 3037
4934 5393
493 804
5695 7477
5600 6422
2343 3569
3740 4366
2241 5507
5692 7179
2565 7553
1737 4927
1002 3017
3987 5411
5499 6720
327 5322
595 6305
4022 5405
2010 5695
922 7868
3749 7461
5184 6335
1873 6629
4076 4594
1858 2076
5732 6554
4641 7224
5226 5928
3992 4600
2638 5156
2999 6596
5165 6443
5129 5766
134 820
2185 3373
526 1344
3299 8285
2561 8090
1496 6534
4223 6189
4088 8216
3470 7120
5450 5794
1916 2138
4985 7680
840 1921
544 5040
2580 4518
6022 6141
296 1942
1770 6406
1032 3030
500 5384
5474 6272
6826 7363
6512 6907
323 2947
3346 6387
1092 4212
753 4746
3772 6495
4385 7927
5130 6583
3447 7378
2934 6564
5756 7045
286 4987
3307 6846
5369 8033
2699 3728
5262 7678
4140 6783
281 5582
1411 8287
3584 4350
5116 6577
6200 6914
2473 3092
1229 3291
1810 6949
4905 7525
1675 4546
7512 8054
3415 7668
4263 4796
156 7923
30 7518
1112 1844
2849 7930
3773 6100
68 2562
864 6145
3621 7894
63 3652
2726 5766
1487 6309
298 6407
3025 3847
1287 2720
4989 8175
2410 7637
2811 4534
545 3022
6428 6875
1407 3926
2897 6937
3143 6175
364 5835
38 2144
3131 8272
6116 8222
99 3551
4132 6625
1176 6164
47 651
2352 7487
1273 5050
2071 3044
2095 5387
1601 4815
1107 1311
2370 3865
2225 4679
2739 4671
1662 1829
6491 7466
1035 7329
2953 7340
2182 4982
547 5296
1813 4627
2007 3409
1064 6983
372 1737
525 4719
857 2977
3248 6884
2854 7482
4908 6334
324 8112
821 2502
5062 5791
506 3393
416 6883
901 5649
3234 7888
1545 4933
2973 5080
442 4842
2035 4531
197 4220
408 6655
2495 3240
3014 8006
4932 8017
6006 7666
2384 3409
1690 3715
493 7638
3554 4200
51 2072
1002 7515
314 7666
3930 4945
4298 7815
1275 4146
4862 5413
1789 6353
1734 2216
301 5603
177 7782
5482 6740
3820 7180
2832 7305
616 1184
483 8239
5309 5994
5019 6686
6330 8005
994 5947
4290 7479
6829 8066
3055 6680
353 1834
2168 6628
1208 6320
7556 8058
5976 6322
5425 6448
353 4988
3293 7905
3367 4407
3953 5965
496 8191
6356 6957
2075 2091
6054 8312
6818 7247
2023 7822
3808 6257
248 1380
1216 2774
1037 3297
6016 6515
4465 5214
2056 4148
2209 5181
6792 8133
1633 6711
4115 6040
3281 8029
1860 6609
3906 5637
4967 6485
3613 4072
3173 3773
2587 4615
1437 4907
1900 5900
2010 4045
4795 7317
8069 8124
1451 3529
1862 2346
1592 2485
4415 7032
1563 3181
3667 7849
458 7925
7434 7771
808 3019
266 521
5080 6146
5427 7651
1814 3702
2110 2532
7331 7498
6461 7120
2775 6076
2021 7600
2148 7375
1011 6919
4039 5711
2325 3746
5747 5912
6765 7918
6212 7705
1162 4018
6881 7046
2543 4090
1910 3423
284 5772
5413 7500
505 6414
2413 5966
595 2106
3981 5369
555 758
2119 2486
1626 1799
3271 6670
1730 6057
4058 6003
1604 5689
1626 2967
1524 2956
2998 7945
5699 6379
744 3518
3629 6765
4594 5690
1709 2214
1987 8315
3140 8294
201 2044
581 3497
2071 2307
6059 6133
1431 3667
1713 4319
5304 5971
3685 4795
1639 3323
334 7942
5482 5748
1423 6408
320 7778
4839 6810
5152 7270
417 2463
633 6962
540 4748
1509 2166
5362 5804
618 3392
1872 5601
1132 7814
5017 5769
2845 8093
48 6164
4332 4619
2635 7731
2528 5124
757 2130
1164 7887
837 847
4133 5614
5496 8261
3240 5747
5222 5248
1237 3117
5003 5884
1536 3450
1420 3504
3289 3653
2724 5830
570 3593
2364 3309
788 4984
4115 6324
5128 6000
1004 7497
3557 3818
1595 2983
1392 2883
6963 7962
1419 6958
4516 6146
3383 4870
2870 6005
1777 5848
7479 8000
4834 5903
4550 6144
5600 6345
753 5003
181 6238
1894 7308
1930 6736
3270 5050
5948 7472
4322 5620
810 5924
5175 5270
6023 6828
3872 6286
5759 6001
3968 5765
2022 4460
4220 6740
2847 6300
4079 6801
3187 7122
6530 7046
1270 1600
414 6045
2119 2299
308 6292
755 3076
595 872
1795 4804
1026 3310
2006 6973
6104 6241
4091 7161
3227 7056
1467 8156
4090 5704
5734 6415
1446 6232
4384 4875
2266 4052
96 528
968 7627
3657 6761
314 4622
5709 6772
5790 6431
1612 4696
3265 4436
5223 5566
3826 4503
1020 7938
6020 7832
3165 3976
960 2151
6165 6614
6146 6372
1910 2673
1290 3719
39 4171
1837 3888
3280 4801
784 1817
156 262
6520 6963
1896 2896
5394 6629
3016 6862
2513 4292
295 4743
3862 4146
3390 4565
1679 6052
2293 7672
1101 6075
4609 6295
3072 4929
1427 2044
2946 6739
374 1545
1480 8057
2402 5592
3126 5165
194 4058
925 4277
529 2062
2020 2265
278 3648
2474 4835
110 5003
3716 4563
1787 6120
896 3697
73 6104
136 7621
6581 7077
886 2191

