2584
423922171 985155155
156528285 795215311
531027702 720029591
198385409 896832497
251555988 966731307
646955433 740399986
76522611 669958321
170501739 763477344
817178748 970768552
292299756 540251192
502152921 767489316
982321074 994050658
523082147 720353524
749452653 776478765
403886769 459351499
385220013 472633937
118420031 822997212
304717164 750269622
372449271 545897098
938016179 993695763
405533293 996321497
760008028 768464764
870412500 953002963
357494947 770170812
883083347 951766862
290835333 767279539
549010502 668865165
329337526 363374453
201289197 819621195
585869380 868598380
536648584 831534406
491530061 844901363
289310497 933559198
475490399 788135104
390832072 411119976
129626989 488930535
919697839 981443637
956778130 970567589
917357513 954700587
797335682 839212070
163771027 708533633
872885500 955349887
682981624 873783762
803596269 869177424
86513247 111052808
920872413 972107092
694022351 715512844
837263348 840037576
94095849 568619848
704844063 873891088
408759205 489669509
579768634 844687733
449167897 538692513
126449133 569301167
759496681 785699272
744345255 770114434
666522768 938503574
739034186 995995702
669024300 735016230
307719054 526666052
224545812 717712699
431408842 904474668
718777596 980286558
819783902 945365984
562387106 823768008
540153335 737446267
956610088 996727878
492815792 609968396
476174353 972341052
535566492 807306292
479548419 618290070
480104676 705231224
32261150 64772305
861444617 997040499
163847849 710415810
193785735 229509561
285943960 656865457
255853477 876251440
735545738 744687990
338778710 680332004
307347633 870291128
167206187 742641338
552350599 765974612
680919459 965136177
81545462 478583128
596073125 862346988
544811013 760628956
391037975 544525964
316873615 413467192
435618017 885412347
934304186 996902306
943186774 965678487
394374312 627414048
728105041 894760073
846922205 935221147
507518718 734960534
145349383 346068177
907423005 980514800
34289604 89973151
242024434 610751082
287991740 461407139
497360257 838726486
840900687 927152943
92299884 796468902
317785151 560372693
660532005 850880065
310713811 767164264
471339450 804194993
608346360 913600849
478873131 932345857
706427355 848921720
712268686 785734893
885686046 948522401
941852842 996745703
972256391 999184179
295259526 384897771
10228806 234981386
824130845 841337807
319401924 379983380
721067250 853193285
476284544 532898194
97018735 296509961
613749460 697111906
714013107 926290260
513088032 826913454
307525618 599841673
160270907 492048440
570909319 887920755
300563174 348984114
135892625 593584673
152412361 684929328
74071392 928139567
778128371 941571711
598719247 648856730
541412927 649202584
828351505 859567406
416105010 604544414
694385023 957869600
414468025 665458883
833123044 921188082
537623553 691362031
56711475 542095816
357045571 651973245
530273662 924349290
873738500 899280890
399751648 575725579
643735653 659294853
742764229 803152782
726287315 926977605
279572036 826974032
815340344 997982922
209529418 727530285
484065918 705001444
374276173 516567772
663795000 987247064
431752810 716445563
853180861 916989167
286864586 913864071
907909189 928217859
80672798 875453765
754400320 868194651
579180218 947754181
194496422 318510964
333574065 750157820
981199628 981921554
817507859 989719520
79470465 480320021
170872271 352902687
917644653 939444355
966277408 988752711
226498266 448043720
38033141 782394063
965102594 982934655
880153928 968712498
374271452 496756860
758408226 784790148
93712458 323440385
910209085 926141141
508324533 785307081
610101570 667545375
806323361 841698591
650514105 853322807
740523893 993653209
768077751 955153277
451343922 530295661
625277740 881697626
702833730 768727791
470648539 706675227
80093824 977189306
748207398 981038245
725813055 778964620
786515751 932574382
433820897 734657410
295427713 357656157
366242280 916462571
295663872 404092926
765539417 943485399
180919823 365266726
265976559 719169466
754593580 863847098
171441903 174937154
724353006 996899834
812046710 991313053
339668208 962998845
944237075 961513019
199418732 202679712
197146077 411298935
551800872 934627235
952062501 978732369
80813191 875702976
795119878 816537917
259486952 442506488
597430215 845759246
3514956 365192081
83011399 699718596
564358583 900725999
124516616 345084673
227236776 940881789
233448068 566851004
81538197 419026025
189281330 900064939
322113324 742825342
85990528 987677641
756539842 900545837
860626002 952981090
500073479 666914643
615541426 922792891
742457745 822319678
875422754 996541698
262427103 705872317
988506202 993870196
589054577 888827008
951588324 973004041
538197212 781529837
283884475 327505027
401120807 779843088
176361964 220782294
918877678 919804198
947428925 961544815
930558907 946786861
117032772 780892193
52926976 388197957
473487717 891577657
875210026 907952775
338642023 966026712
317537297 441049654
960560894 976238089
406666834 533679337
394341057 479448888
199883527 922339353
281228319 705988714
620483007 849272226
591094951 776511566
624062577 856979402
964578397 977499237
108030775 120984638
486163389 652439064
121070205 917406090
565921354 813325964
675206987 812837775
702119298 813336378
32397453 551778270
854476093 984948313
530464226 924458853
146657887 561779002
783819143 926497536
136150636 763090184
146263878 590719317
286603145 947240105
965556578 977831202
927671060 994754151
417922499 518855133
705148398 793279756
511131167 875808867
151167393 326668009
541600441 774088984
59237440 495891257
569621837 618809286
214984278 897771297
528476764 908581110
250393969 594189731
305769630 334653226
910879729 982115647
218829996 887697946
135195902 541140120
274977555 462968312
878425830 984322346
252186880 768092275
742412742 992041736
537890340 823200226
12320478 975092910
502706754 694131235
343486612 424337705
162697702 652924313
562179608 627732542
680909644 932885140
599359726 702329326
925454457 983824163
709757822 724431544
396872633 429919315
429016795 935785217
389894870 973753581
176259450 742914663
742666107 863325443
900491365 963657318
120882578 850412983
630634402 698905942
595936752 859816820
848015205 868967992
876427163 916176928
577969552 630706896
585887282 735707946
781751294 849733483
208476695 628097242
975019662 987713177
632234011 891898274
216261058 828818893
767280229 826131085
952756231 971607994
451981690 923701860
377001985 702508835
803098685 936748965
842800719 860903878
406689242 856937727
849255749 963025311
940859248 994271098
728031116 748081471
323588154 767220492
505539797 963804195
288530246 308304904
939503145 968924301
698879245 940334404
181745617 265748978
146150702 553725240
528303413 713121380
913005696 934020624
264602602 794391664
479769542 670733349
85896721 573568330
747933435 958849407
163580787 717075241
295625976 320813972
970904549 991193263
731631095 991153203
397200441 602195100
993455054 999850190
206596877 898031687
704877102 952923441
605743137 860656481
127588183 170205971
99898740 347511937
346506523 925355701
518168522 623682152
786192951 859128296
674923514 900098201
52283736 228251693
884975889 901558115
628594958 756523628
133343350 428112270
817140745 965834148
315008713 890912629
286448898 767263790
105572722 227110723
372705038 612128840
169905133 938309251
669860829 783894307
673988991 921964245
524958748 762654321
240301006 795177500
330203969 803056327
197408709 341553721
967122211 982941909
925951405 943802178
691040989 959207646
826095904 975963194
295664246 491230310
851182800 909451154
829101266 985486672
544985037 591852836
715475010 836518197
3081116 272187195
637541350 711672073
76488965 410302427
409005769 645948121
767223266 962385097
238550203 523594807
508686532 541194812
32165942 892695462
210581021 390126284
825152925 837549207
465096546 568584254
993405299 995569564
158787557 373533698
653146212 753816320
61672290 384275611
730378899 899733361
198617950 332726458
16146680 256237589
389324578 935627899
47692449 146811362
685912298 813118529
411631932 959887433
9791705 362258767
634796118 694421570
555811879 904726754
235518471 421457868
236593 381005267
419356778 743048839
50633177 711380706
883623664 890450351
231297117 598916626
999288733 999992070
533455410 829904080
608518470 976477398
769626712 958002618
432233417 534793212
112674649 460802922
697464208 753213791
96168074 197925028
271946829 786837619
316436709 851862765
970394769 983594586
154869403 994415566
461631257 488998144
477170467 920901700
613742070 981484221
634408383 938833669
957670840 977905217
960932219 983350149
897946392 975051493
744755684 837533480
642263741 956954940
263096115 942270058
472899288 787880879
673713886 768717027
403403731 631596491
636304796 730743924
418428595 509893625
300772395 379655207
815539136 941673269
932183622 937984903
310265637 317693347
57180344 625684641
229324084 715804105
534224432 891068159
661765927 861976757
199427787 927571570
91943746 960249806
734147665 919555532
85136531 185226769
166179898 970026467
381997931 899327313
989016267 994713136
232338644 838650107
486621616 557455681
461298695 771135409
128497268 391798062
866997593 991756275
811738014 939549425
271817768 651846975
227835663 329829638
103209839 145056454
139813877 162641312
265584877 410844886
268141023 810537652
504424279 616678678
986057456 991905476
158810452 477790296
24184664 922639320
894375744 954776546
331619832 594622106
290041530 925263193
591113509 687292850
950013144 984604304
760374443 961877269
76135427 193514183
250920359 374424397
408605426 449331823
483337241 709489199
318439951 568976367
236132388 751922538
470343437 657475121
225693050 721104324
241103 865731774
382899133 856421750
448207445 620506915
752561203 779732711
428125150 741024616
806750283 942470554
993514122 997074582
108739593 770635730
843085692 849478787
157512016 615003816
750658821 766850394
756796359 936518624
811957616 882227078
520079819 813695838
690622543 779181582
673394538 725647505
669906516 972017761
907359113 954676414
470641285 478259491
122462211 817834542
749839478 993061625
535380569 985609705
752389165 903688225
837283977 918800579
228267510 925897569
375050247 676348712
107833973 558044833
641570407 895760748
219590793 958583937
691585729 846406755
797067351 869138616
229965448 351516571
266746517 704579488
546465391 782510714
301701029 518478287
704812828 812261678
457336943 840844785
192778706 870728680
396167774 396600887
174596277 196133084
603223240 645059450
305430520 629264824
721174170 987869653
539446563 698810729
430076882 771496362
403001855 981339313
185420639 287344155
151629647 531816509
370540354 906275760
470014600 925659550
541967320 691429066
714098958 739999975
262404628 802354828
181242100 200647957
605124157 932136331
486067048 908647822
609074941 835969086
617237840 881172369
257562973 426889001
200400601 689704847
636411732 774450848
6214290 550660861
252103133 995211005
63781880 549939904
899516773 923544388
699146357 868511922
417465597 738512156
796374042 858087917
251876272 436096229
617488612 994077856
639080515 967199146
974752620 977804479
622318261 724274563
824633757 880254878
831302441 910602858
376999966 938211366
4771129 922945922
991913296 992685275
356540267 500116356
476717112 752803972
790294253 960428407
501055382 663896583
628880208 846104599
499661732 512154932
886666253 944373380
797998358 907043074
895351398 937141418
507318810 728136907
58110490 493922035
102606183 109445796
247967289 643150797
310085699 739168696
339969436 931669761
531775284 665340112
294226905 302385510
828475713 854387346
593862895 729019692
278402026 375765541
644191014 920036922
81865250 702740092
798299031 898399689
736436055 967285870
575677262 628682973
755622699 816457635
29647950 296850094
483508546 753053202
577835997 958639841
728705313 773787785
347371591 663107540
531717063 663443272
352051579 815484885
129942666 227288665
70041376 226571105
573822308 874620317
81144460 830331630
613131875 937777612
989870816 996436085
678732259 825152784
345656831 472864193
83999007 765699136
375237454 571609492
19783979 697219531
415863767 756482780
555884478 968779455
392331737 797473691
543734514 871632963
775755362 873728457
732053090 919480775
16759165 419271666
803575123 827063396
435999766 999889670
840381888 921902910
558756381 920810217
368164425 485328541
292987211 564492750
673012964 866052915
823580139 831979700
706409620 750326010
74374994 347070384
344844519 511443079
162699205 801630392
796294818 960660727
783460255 796457742
736751021 999969457
339127348 390884579
326036664 871206441
781965770 795410865
827993668 880742964
960082746 984697825
495075137 569813926
245101235 447081439
907815033 932893224
693198501 695410778
410877567 939424205
453839769 623428586
743437898 905360862
80665394 799940743
507782254 560062741
313574700 547035665
824867819 882148016
103009857 267609536
361666885 774860906
136532342 836402888
973544715 988611911
112883445 877658666
906066398 972298966
400115752 953785519
270277878 970140754
843540672 898586701
160395977 310542584
409439325 570646491
807167622 983592407
31112569 883643108
241119850 614780332
890024836 891776344
869524651 955678151
201036 848503330
90774011 410452515
423802123 708120575
22448041 429452237
206777332 257115340
278525196 853047717
163241310 207737994
485901736 531290556
406470541 825815966
411328230 710480767
44009328 902925984
456599943 609251326
826847126 866775094
503931621 634127017
768541136 791804613
665880422 715589098
840244697 907200068
814149344 898128890
8188147 856239998
516124850 977635689
766249346 933935734
280194399 562636194
392299892 666682197
490305921 636922996
478041216 891974477
409138282 918285549
684942164 828865800
357002736 962656182
419672463 741566495
687092936 826323244
76570457 981785789
25473313 522091868
867762043 908760732
160637013 179361310
614785144 947091400
713340466 983214455
792816804 870591444
827119787 845693955
827549297 873282261
197998453 781663345
991780720 996000130
917954996 978739929
749949743 882230488
17461808 886221668
698075005 759059715
276568361 925854341
857305528 974806181
818105272 868941180
704948068 792346432
112558500 510068750
3841757 385601536
972717004 974999555
698455069 972610693
431943569 925388149
549236658 863585578
331950160 569693974
577289684 861444311
901612741 932944003
895795688 995865648
389775666 695533976
390558062 894681575
493464385 905654572
37051336 544917685
848383822 920324384
754200567 792013150
983347295 999071008
101762642 312055943
110467921 779154454
944233470 956413134
252279372 805679527
789520967 980715090
524207599 886157642
769556485 822665302
910503125 944318723
636355149 919395287
541617565 999728445
802120275 819177767
470006277 549670996
376806184 692867909
562602824 673548494
727716178 812191963
922141340 998463825
698446272 760832739
597326660 740978235
704642360 762411098
879743762 882938660
755960167 968301276
834099255 973891422
976972693 980318305
363829821 988301294
823398826 936873439
517191883 623586254
135859479 434946871
750152646 818999745
139294423 325368266
918923009 937234389
351655770 674862305
108427700 565164414
334582876 706667530
457296864 715691516
184763154 246180328
391933899 951757618
604661019 994834438
135939533 423867765
689157257 801955624
753600117 850412281
456143143 797049913
667115257 994085639
78657902 914859841
384110326 921904100
628569425 906472746
594887144 928046201
763229895 923664590
609439524 643590461
405163039 651870004
1276309 879232695
656252911 842357737
765412468 847441513
485754492 875622101
311088011 366639097
353803854 918622552
131090280 727831477
899787842 907418580
91240506 217944215
763992066 850014902
581024664 601462494
648198144 907078920
138168341 364483075
770894121 862582090
553362420 607628671
236883421 471451817
66788292 216064067
404269719 988074891
314000198 607913427
15477627 85933641
441123030 878472257
391465402 996269994
961250740 998222307
312635745 343882309
307123523 451133294
476929259 894731870
84310457 394097558
221484567 771643171
639594314 690720862
259388864 755279463
331988412 686122120
165382394 317091979
293841925 953273418
353981885 619231050
976231923 994986960
634368155 667347942
962964610 987564267
957546686 991243254
636875869 998697295
375681836 962907384
399619459 753195842
831088237 834798632
996210941 997509332
76763044 532537833
847600760 923289687
916805562 927912672
220540440 712788454
526411606 862633125
670656375 684103282
251778822 391489232
349229593 840945238
542873196 967120367
903439287 957373632
512291354 864763739
745160735 850659992
306950467 622712568
250698093 759603145
505027653 684595401
611070132 975455913
299966205 584069091
740286526 917513822
973696413 989874866
919875736 956850559
216157112 491909203
158952126 209567891
238364334 938252539
464557606 943645883
306906327 330797407
339592565 492694146
35837141 917545746
609170057 912796467
516365467 545292041
318561279 356777907
982628306 989976641
13354831 814979690
418861248 829658599
846292474 851413096
757395046 951334442
65581939 708085637
852759966 864955343
491284227 614706116
686641187 853679368
343132366 635225585
231541124 912689935
957850407 983238043
640269520 963806769
791256061 813166776
363596648 911035762
628515120 676820006
412326634 932599860
107909988 962480308
143971429 833089764
283938860 833527528
534278285 774338995
428342469 941752606
595035572 834578411
388202624 812879389
431171860 553581241
913619839 961190315
52385122 702409068
629941336 961858545
55564640 647056546
970672147 985047257
882029455 915735724
585843146 846928416
15411924 175709584
344137721 709657871
601729902 678611409
562224380 851969698
875491309 924982015
461747971 538956795
12473660 796243791
830257508 845805366
764365049 955568577
787224554 907362786
85879967 828708659
252754743 529392539
208241860 781013228
417029920 599017932
432761560 986744385
836059031 959719680
625741960 942898659
572546791 968897421
653960713 681656262
467654343 593469177
642627069 700557749
98309219 555557034
952757468 973808396
626935835 867414734
600306948 601234062
254182192 262056589
59223344 800470604
219702777 991272741
408923761 905432792
300788821 647237592
311918681 847570109
520063619 799266897
773406787 898545465
548490831 781620488
324250894 918790084
193132496 607972696
80539589 249536056
691225959 959061272
283234328 485818683
397847216 455129734
104390035 392671507
663052683 922893654
218151486 338426784
247312911 256487263
366310441 526098969
543397235 964563358
886433175 894697056
178447424 711636674
519743508 785034787
568090230 605411718
593945956 858249869
857073614 890765985
305487760 969234689
802587426 951405706
403376506 516117685
357071480 685547040
289457755 640593937
393602893 745823426
652949063 939042726
596417280 888747880
750890412 781517063
572046567 975659217
545590164 579593319
936890366 937247262
948447964 966179396
945839926 958047105
719748967 919660997
196903751 455039645
898826227 952320734
307847828 322259790
416841028 457000277
150333187 696248012
308820244 514974257
215658814 857088559
268461702 937953000
761836822 797923667
52367126 461207945
781575330 807983553
176994866 714616873
715656179 851146606
289551070 789782599
660753927 729616761
662395377 817303902
909901494 913545691
221752085 755988087
857191278 861344523
455262473 905543170
416030366 426104548
894438843 916962915
527427551 792562092
617354988 993588495
790502121 870783396
279888532 345612857
75084033 210019792
867780971 934419389
736660695 808735152
1058880 362832422
352882056 507513307
33933558 896597992
652385908 912571316
74871680 372883196
856866087 866812393
710188425 726624301
78098442 826252678
6857209 272183984
618654864 869042992
55824322 499445587
151779137 473344592
733556628 790649015
206253064 472794735
688202223 820146405
965749000 979881171
746333517 853918860
363960584 888229952
535607469 552524787
658384663 865938886
480678125 694037639
611900169 822817491
302683040 568542686
168977870 192244544
855356655 971900333
733327852 906755062
71258932 911018211
706491433 993096259
730224698 971181296
473850327 691831382
696736527 725002081
508243020 934953441
904580408 909960100
752324627 788055031
512596549 772689958
571335468 974391888
462711310 987344951
210166218 517313803
639764973 989314135
365085994 381051211
107167935 608368138
28167359 173196173
411863133 795660922
153267706 885574682
918186994 959927111
116294958 704806570
644110956 847864427
34042225 401361329
683789307 777905188
973169913 984169326
731527104 777609384
321676612 434402778
872741837 902858542
651771157 722315116
604921940 640721952
593550714 692324130
511848709 818453527
354512459 713092635
204289030 632488498
727558401 739109458
434751803 551156311
276803892 802162923
666799588 964306649
303679584 972950781
971267552 995828712
55283689 275192050
485565114 589437019
123991304 375858706
150573848 464378300
370565049 980960783
195086060 519682814
853957924 922544771
691847839 759223936
566814781 864153414
346846834 465885323
200249298 880268728
468256900 524599110
882583152 885244481
509670660 660889291
916360379 939406354
922852233 949676177
716706098 947011018
346581566 518699829
688510009 718835398
279803598 337259242
838020388 900573400
881186142 946368279
837079285 919688743
972572111 975040008
359681915 588453567
790553480 835357693
536818745 660885746
764423095 771348548
334902754 637294387
688340099 927380830
376869664 894926414
359518352 629703816
275951184 671855581
850857902 872176657
876542631 910715483
287761671 432263977
712057828 879118572
804921974 908238592
467915452 605351802
547893036 780097049
749829883 993709249
415784648 869967038
656187237 674765052
432224883 635929109
595049418 803181442
138283828 554084215
632541128 963775885
637971560 698021985
593206251 878158745
154744365 756757748
377400981 475234635
533856477 873624100
309160590 691516041
708494165 826428868
253806363 464144597
53455014 894375883
419490520 852812633
290079354 615454456
882782314 954414166
628550817 896893075
866861271 953555251
635377379 787053501
415723105 512367111
968690234 983868792
167767505 810342363
581316983 882623551
54445155 347808773
311905365 930757112
176051350 740506432
620614303 747426420
467201605 990829241
871036092 950975296
403414926 739906935
176525982 794796634
585470236 699119493
850175726 852913601
190937446 983480854
220820366 386502623
569385922 876717787
618963125 807393949
795876786 896381472
401145237 668195899
152273301 160122257
311975692 536780598
303518013 350231594
959148893 983726101
236117278 935231590
827345934 901166888
152476043 823970520
258284526 730184778
361610230 729126665
444747505 792864092
684573510 742401486
636455600 748435863
423433232 496275644
517206737 870111400
475635566 788079497
939847659 943780281
376879377 572686601
910731866 956699753
490640276 937472779
966686542 984786667
558169445 968098254
772125932 995449530
891853910 939187863
581401654 909943879
495480057 741232673
69919809 714700759
634905704 934618518
726626650 935856224
367319967 970535681
13252133 466626668
375323406 954852588
205433699 728889194
601103529 720985363
170101671 792201089
394600722 661220827
19582908 332822122
879268485 998680728
592122920 774235438
323394576 844365678
842431766 999504241
575175989 760714891
54266211 229063706
540664952 609159131
338860957 561295496
243489629 798997178
223355671 891478102
826270673 940013149
181134494 624642202
156708701 174760116
999679296 999811971
65598840 957261934
465852259 975614585
741519238 766190440
940528374 945271669
429681001 529281542
686151369 825255566
272516309 368067329
102263784 340404366
411515067 513128407
146228123 974478779
576142008 832015558
410482922 638525824
415345153 852358330
37627942 793835880
879702409 959351766
248525291 618452236
349875487 710866887
705757415 836509694
931143370 996408224
79813606 357316946
482194608 995602954
248360204 252047791
200395875 317294246
923534103 959460642
880694818 912461139
116853486 709893952
407380828 862559885
823422115 944843115
890959588 985952367
47175126 689789622
662264514 950895257
797031782 898355187
2401716 55224641
932657110 981561869
736761616 941805999
558060555 924708201
510105401 527071749
636721163 757393448
483941594 604906337
173034256 511682878
457318354 964854518
79427892 865226555
695230250 886162198
375885360 669625537
313329091 423677548
152812710 997335828
808688793 956289651
877057339 942586192
818593359 819753616
936850752 959201985
535755025 984111334
50874236 688030993
680535822 976200323
921622835 927778755
558103111 733684369
534210897 636982032
488769448 697198201
624016919 819172423
281822212 853035396
518782692 963837221
259087766 531517530
854557622 916593204
386713017 980332480
412491779 612133451
430575732 822436628
937570024 974869810
769729318 787200935
838882397 996291846
511552121 769331220
156227111 505209686
845039946 889058925
41063408 155217596
26632121 236598795
607970982 687764373
837137410 940638447
691161238 802481232
667134331 675802269
216352823 965655944
36209572 638015455
446603508 895410308
775984998 938355949
548573854 689662329
725548237 741736805
541388736 646155425
750174154 981500958
321302629 398276367
243344372 858576983
941657570 992673437
448667813 845228980
172232986 312595965
327288770 779385840
159689841 172125986
959620843 997005804
921697347 980593888
422641809 815244480
653058309 843115983
59473659 97981270
852428270 897265205
306080762 912863028
946528108 971925265
712263930 981822860
776400967 990126443
399875730 621803044
792583240 826219542
487253766 747751994
523209110 789704082
132487236 520234320
811537438 971390781
365738007 828590013
345264885 832660028
139514814 865286456
103210911 476221516
225265400 852918552
124274656 289945870
60797836 574627930
69436595 130148675
242759644 894564881
650585604 874984865
567763547 625612720
426439841 574370501
994511750 998012543
950147798 979937271
826940746 884552612
613282533 859298082
536476463 633502875
807489819 925487746
562464451 956959123
115796567 671877181
132908874 807534836
588153562 917205130
57179179 916900386
106303078 685883497
202985113 958691935
544037869 583179468
269090393 863833052
87394374 491327555
148988286 561489749
933032402 951717991
703048850 730899147
623150505 826482830
990729448 997282886
720895125 741826248
726655164 741032961
208392082 732843722
525343675 602005344
116247450 435289854
76148678 731819605
368674513 769818162
513821342 520461999
211956977 902487721
579413013 872692255
833659968 971092834
720930483 823049638
951115970 997629025
292793969 444291334
680203751 967068664
484336942 992371053
408202276 906581559
193785655 756027279
6992686 78920175
336255250 465238868
529777717 850623946
457538686 622549438
917894367 987803168
359177824 763038457
544915061 708045502
321297347 743210191
472424829 870918648
755050726 813348207
462291751 695506416
923512107 951074689
863869944 922459378
466239222 638135023
58252858 177565847
647774391 955980208
966190646 975796412
766250877 852698465
944403149 996808493
275231912 857852389
178880873 863222073
262959939 514042460
833186719 847874244
67398222 285174752
32103854 269300809
148633238 259809266
64622948 491432145
431762608 483005984
629248067 966594360
195249955 675459778
239415685 354254090
736163707 760304237
948928629 979359126
439535740 771068708
911135171 979154065
35814300 625150711
895485076 989536758
489637894 589118274
566232171 717687125
526298015 791935058
568229755 950848295
536211281 560227673
38458513 564285974
298195072 963408135
661481202 987735955
416277629 655153420
220411228 987513571
235080279 996600033
223564789 842712132
586731756 969411481
568354104 956991671
529674407 673562802
402259122 964489101
497243701 889111102
510213515 562976561
955093098 964176319
17708741 65036250
18137215 929750913
246879906 515285825
759520073 894226608
350937417 735976933
336736849 584786853
889254520 930714343
632364113 832286123
415951525 675061149
673260538 676305238
5036118 502470924
378086170 855836818
139863774 876923308
457304929 595697549
642480506 760965488
881766026 999415485
71323990 563843508
567560035 989381214
25327152 995133902
752860688 815001992
95805320 866270913
227757564 442122255
879806048 903317327
800779813 984256634
634228527 855046732
228422324 451153474
114641173 993037605
365568169 561871170
410564940 744507955
69767841 374312772
836987117 886929376
121680852 781565469
914987872 984728754
175894499 919487955
326527608 368085049
30911237 945154224
542418663 658313653
678018724 874326541
343432130 709698459
657406802 658562002
907665088 970960707
501894776 773410780
479220346 668454209
81192676 443223011
365884893 487413902
469779191 822579007
323535102 812378377
962313152 996511280
482851769 746077278
34060793 553898364
149820139 882179511
342313336 787164242
35979285 436593697
951271485 997967517
716369838 770795494
538759714 781012431
659323713 716838376
766807389 973077800
892303441 984852081
367733834 872725666
179100934 483001074
969504769 978533536
215028276 321787769
827006985 946783497
694441498 728672315
928457263 940631031
64544189 735854810
280224387 738700642
584902041 875602047
746588999 899441656
301902912 707733632
521880716 689978040
136409173 361929515
274694273 424367265
782340066 949931067
914625372 917709937
689969969 897180670
161034254 810587983
794983838 798377852
504101220 728345251
450823058 914087929
323497817 660907193
348132135 482262215
868587328 986045596
738266040 890896620
397306590 961025353
375722787 429849093
802865340 994892930
713411151 795246624
4363195 546291615
928095416 968283536
868442479 973059120
831569194 982955502
13371756 241060141
78999780 646497397
610981658 922504006
237927572 765200544
443628772 676871143
296686337 876838088
501451902 927626395
463104317 655871149
483250380 730440012
763573645 946014984
250988270 767149533
712520743 814552074
887320279 911250490
159849115 405872916
224362934 713764627
41046053 725611599
51346706 919978620
929019665 953587455
820422110 919439312
60322240 535122217
628815046 654575845
779843725 896142307
947948326 977639032
172484294 219698158
567507031 772731724
708011874 798906345
10126863 584017723
874616716 923696764
956658193 989666947
265136080 970181951
53384164 448592546
696792772 903977446
991226352 997954515
344196156 678115077
252192024 346587617
615747867 689619472
669991376 981648327
159219023 234701768
520724981 759277540
744976880 917674837
389628994 487859971
81769717 535924792
857813984 896599185
919459574 939866687
216728653 726115574
818268353 865554559
314100529 362642830
546008598 573197397
935918652 959377472
443221448 526487608
219696930 613232429
330501558 963806046
620976503 659312792
947202135 952140318
789408885 816197620
225815861 766035080
377419689 892001820
74349989 791485292
646980191 647090014
752351856 821761821
212947170 305015645
25085933 311105073
357167993 505881791
534297659 920419486
148280769 160875592
483233460 637452367
429720759 698245324
943961096 966562560
169771475 857024490
343888990 591272019
771560724 875360608
753466249 761312877
77719769 220072700
658769394 828169278
454399153 983938438
2000216 452148782
923197069 974962178
778884517 784272190
996586903 999748585
22453054 611220032
386625980 542586876
988393956 993265113
19105494 382872402
592180385 773409141
519193650 837695476
169210160 758578400
157851767 604125915
133898885 690210843
7697001 243636213
986287420 999294526
698042529 938751631
783382203 860636797
173717569 634120032
535559165 993992187
440687799 676851419
870213351 917432544
556750318 865920597
777592208 994394216
458652234 672952468
343761626 860782899
219856939 458792246
128320271 951014363
302757430 516733835
455620071 592908697
729030835 792050265
131957275 872426907
779905755 969209225
21258905 505531276
239469960 271680547
5691079 440182302
1771325 81511139
922076363 926361954
24112922 147052691
821840646 853497938
590616526 764421806
881470012 922343280
868112769 959028844
734385357 924863768
122873007 480590296
655200372 995589724
819593104 999619523
924276250 977374697
859326428 907183305
123681024 392163372
149035874 874245497
725649300 951362919
278098644 476759816
56946256 605718730
426123877 739621987
302133063 397802020
2858748 25533946
172444783 805235510
514103271 988970261
453986544 463307236
612851963 647369077
328128811 849703498
607288553 723178051
923632020 949512741
631521742 730498470
18740796 217849328
237610266 597691746
782485734 798974872
940013492 940635869
85306122 216825492
479467005 596032753
852821486 926098695
252271215 801991889
184617965 441317140
743124355 753539986
805111917 959527431
614580397 715480553
51944041 840994370
953479923 981022145
551547792 609569583
889509135 897906657
837074110 849890244
197730545 979721814
345742508 857064492
218103035 761676521
810783538 971180834
824508298 938321024
909410797 960020547
210350644 582016290
8967290 884707809
885584770 931452689
580308144 997904151
1902030 645162715
365152094 448169926
615346345 745018150
895640597 929079136
885496759 914098608
546402739 630943984
949432921 981129799
736820375 793482216
808753011 975400670
448167431 987903072
498599360 803127097
405932252 741171655
795750015 834064707
786804075 883662103
791246675 801930558
798571995 923723975
501275048 546124381
960594599 962046825
904088243 992125026
524476044 543660754
410621219 891768143
653310184 901378673
434469593 592831752
287290606 745641208
186282130 666901882
667325977 901199442
416797221 787931439
675345533 756393628
852282015 920531283
440439476 588338474
155790040 896781380
841936439 953510369
825107821 928044060
812617004 857499723
226337336 441869850
36806882 800564350
820718824 856639960
856316477 961757231
766862121 960176919
235503258 463033576
332515538 763833170
425122180 657962351
759015647 954088709
549518538 989645259
904540214 991667683
937991588 996600892
309077427 323190749
718007607 920982230
555734614 739189620
633251258 803530091
983780218 989983399
691570322 843639628
913593311 996417945
544645049 880432995
224102488 338805473
550968123 639973390
7662122 505668673
526788745 637062717
510214188 948569760
474926928 884160305
317383163 831753330
418222340 785208760
292270500 529772645
620299072 678171926
517411464 753720769
778200356 790836151
164912772 706927965
233138207 905934269
334893494 565671094
644102757 856135796
445109089 652146079
269720319 306926603
630662023 992826504
101398971 393900688
218832841 660044249
23064065 624734332
354213254 762835231
121690152 316256543
515763341 975420736
462400716 659198673
438131586 948055404
121003375 283120178
625019742 631922827
274022146 975707628
904924119 963713075
457538496 729426514
558198100 758816774
297399143 787427358
252698116 297305334
530119918 786631512
647024788 820018275
357215869 443519397
853470440 881420748
512431032 847012905
221132968 796064065
701008256 775940393
364797469 610590370
269836001 788690763
163544872 272388466
781671914 921993162
55674819 416869052
686566415 701186237
403183098 960022862
801962332 998059699
437370668 930543847
299500439 682041350
788763304 977103294
287856935 923515972
945392522 962965056
845809075 872983276
499046736 691017707
385293656 728411127
643006003 886372329
351006923 517341683
906747810 944963733
247828426 399831141
468759475 792723713
540353960 872788429
829299607 956047140
146826880 961845046
905750726 919709567
530128397 628306619
18977756 676303371
65987613 810815237
959985141 965472086
294667855 335957894
661211282 953003802
2269707 757772144
413073791 974523843
351374978 774334085
522033921 933585631
542393191 794916641
69659007 758310880
712469077 904789373
346722469 535435717
54716635 699507964
630565313 845605188
127401639 686182473
695677017 843322115
339822563 382486123
86745564 272672523
236250527 737089541
165891509 977003369
568240383 786051224
126309650 192197304
272805172 452336972
824280713 975810215
766301926 990543319
188711013 189472322
123346467 794971109
894669249 982943829
763971437 834065423
190241606 215973108
368096424 952233159
420565867 692548333
250212965 801558685
19312674 84111250
767562039 800937286
920043700 963353572
370874841 769224359
106399219 553310913
370243354 938830635
230958031 455645572
506683242 552001063
841144246 956173351
70526725 119301779
376859236 575595039
323264165 475152787
379468579 399989173
127905236 741563176
417128844 766806662
209695710 427961224
916205099 980784568
314734009 896816389
740671347 806486176
820011453 836671943
130085644 496744949
579599549 956728147
468079087 551367277
785474767 954534111
902368110 954370418
345417318 822591091
637018752 653716184
847030792 995019428
72045731 554161752
815933471 880959638
765759918 944659052
268471017 418678397
916667091 966905840
326450357 558805902
893760936 937742807
214213005 367144988
964511221 965131597
304404526 381416384
913153272 935840722
726383567 967133485
918158374 964868323
858732172 966754047
988129057 994714453
902369898 918629765
483305675 830501296
926665875 939025533
425268082 832211051
57211557 412663571
655815115 984753086
131758716 445153158
225708610 624701629
103119160 212935930
52968143 85950033
700105482 825848902
73696958 337885931
587014233 752759312
311952089 558724575
452596255 621386998
693614118 964099797
356009480 691433064
75222914 684895446
551959002 617125804
263878444 676607192
338006087 505828128
505335857 929207298
912640534 958160073
755296104 915818348
825551704 901256292
328046793 796522309
293144924 507975041
858038290 871618092
139472539 460499258
795915448 864282709
303042269 532766932
52008715 348654670
267898715 567646476
267869344 816394010
643792189 657044362
341265785 429424425
159167013 722177407
269328300 383726577
531847788 872602559
81311547 500539665
266211887 295169960
846052759 918699219
362920960 944777251
119162836 887540455
110749537 321815809
677000624 790789862
924335731 939738633
422854492 549001439
221805129 744655468
656221087 955689585
160723925 994417520
837730349 931896964
963216906 976167636
485741604 990170792
925722549 949107978
96527106 320748131
421248893 878709889
504484446 533189056
537732553 584440846
48755014 725743195
883076810 974341217
419241919 795713148
966694094 990033231
519054100 906011385
899106397 974470559
305346658 724541838
917624612 971473939
849739760 912927395
98131065 194990772
702962065 722274810
502370967 821194385
752696558 907356813
779492529 937060355
867970081 918435186
315710786 832232379
940466623 942326836
74586635 483295435
253073495 544707426
654006687 912224161
884700522 887806031
560702649 944342513
801702034 945398165
539001794 857904475
543124454 817442606
570796219 610045231
451297156 485214578
74396909 852077627
817840648 898983822
129187906 896567259
946945400 977457436
144314807 595491569
806100166 953214580
224708965 320760250
701234553 965881722
743956911 832538648
499150117 599462262
605948358 734187581
587215065 614452470
861158136 968342529
229239331 626039832
24629850 514105803
241031529 903218976
634308489 732330383
41063233 275865570
539169198 975123830
547720293 902595247
775850582 779156666
175124203 630046091
416091620 754732355
489524119 526780757
916827747 919518692
460104346 516102713
628539907 669782481
462031634 587803194
423999853 744076467
632060740 989339553
352583024 436995852
83507170 960796059
918174960 947994257
216308346 368982746
819731633 890628804
537663512 915980274
234115495 481941348
208603714 841217680
607415245 751160361
532986575 539269306
595466552 980256983
734221172 785608245
951897150 958161425
885760259 895115959
750715327 843698439
341083694 791863516
926865745 936768402
951278014 992985095
800973153 950078053
100693354 544818847
182115515 359799382
617768714 822982856
853425327 884579257
384615269 430830248
757225496 986642732
830409190 887307480
675413264 976826910
442404092 626629495
559871243 916611687
169034805 531304249
287867797 407225163
944657386 953171816
713998476 995885063
925060920 928234700
266608925 413556724
556569359 624191798
210183372 647393172
836551229 873968196
360436059 899478171
287119694 313593649
352380681 850556069
265438652 811016857
251438253 536350400
383041592 846176184
268749444 332691726
412935435 850018921
653269702 950744011
756778907 948514914
835819466 877301927
550561701 910000504
285914450 930268962
773097063 785191649
681304312 886206391
114276106 139342079
922508121 926851819
518017735 783867685
627178663 697352854
700643644 731617735
491123560 627746824
335025482 383759442
455903230 918364166
162190687 717673121
727296414 912175782
477381771 592809598
280239292 663848249
60582776 254161657
584714284 789658444
293494909 585495076
506894627 654986695
433248152 736481755
524876916 693958590
573031258 691474284
900173098 968639396
188632043 470259227
207477263 214403354
529910067 828616852
425751901 589254666
455336303 832771179
323101282 589990401
24565837 876976000
360094501 474423398
112410143 853345376
369201242 560919419
627146984 838717181
965943144 995182122
527132800 566896573
955092693 979529307
230893281 257928587
81430801 850530601
926572696 941342924
84472440 89308993
66710141 774700725
336533119 340469989
245244585 281277496
812274699 928144689
534449224 795850576
129706786 196532405
985082193 998480628
375573521 556553398
269545571 882257203
713432591 974221783
256815193 843569040
713392504 787531021
398755936 569506222
944832394 970799206
511300092 723081852
499407468 931585751
178647119 550803268
280232645 902616643
488336346 678813148
611257368 796524852
539345870 804047203
968296855 997885063
661504373 782427184
729862756 756177659
948811954 970195874
355630124 690876707
596960306 875392536
872915910 902734679
473370211 550111009
828390535 900564119
289083042 304128641
962987437 983858371
291200551 924245381
235692058 253555547
583169765 615363241
597915477 990483568
357561178 498225087
880559878 970309373
886078759 975668586
444953130 817465454
518738660 922261470
79927867 658566339
458912146 479671710
495868750 557770559
159997425 242034712
197289304 791140654
946961759 996662876
351021797 907348931
702278082 754598323
376766730 407521422
423053840 556460892
115672851 977067513
636743284 753773456
987803268 993251763
228894577 872753983
819597530 831185706
761952129 997279170
14159806 989050471
632144861 830349169
108988968 817250644
745500503 756025300
15801120 839767773
904380831 957943896
962186158 987310512
459140161 856985874
814347890 965290931
276175533 557315370
112607083 433854534
352388799 972283834
160928854 603788186
270945367 300071615
146985272 419010998
567725334 568048398
560165344 707649350
998096224 999813208
448246452 540196952
527944518 535478092
458998595 792462146
432780816 535653865
841514051 888139556
512871341 929350730
348581938 913530330
479441604 833024838
547183984 839118167
207111978 911202756
362132730 916918491
981456504 984205404
331360737 837973701
389081935 670982268
657624045 998247163
457152442 495935598
147088961 651669780
356501008 927281728
661975871 843343844
838789955 842174513
112781262 430460402
107362032 833780047
511542640 818303446
293164000 647934914
8519577 601767305
835480142 958157043
530225352 689431591
481019824 694690286
916954782 983052799
521885721 540630962
534494722 856288779
509468269 542344061
569778 314247586
894856007 920279412
778117834 984692958
641544066 961413362
117917774 659574373
582861962 885631219
376608952 933906619
971865675 973396991
423842433 561747054
248086136 871289553
426409671 749208609
546631127 849951347
949417713 975424688
110310535 965493452
230183671 469150571
57879089 501413034
604730659 723543086
821238167 996248593
93566651 672680546
59217535 656335610
535157455 911780657
654355188 776279547
211644189 735756626
109854803 635721385
539669625 568950007
796162701 966691499
707064255 780283977
427057722 713539633
841622361 918654010
127884347 594999291
308953677 359962159
881261636 902749262
872822162 924744112
230668204 494055591
260994330 826023849
461111811 511425544
459899179 741620109
525583594 780859270
143099802 768358260
113805255 507284215
177639595 824137780
398102356 802824377
419903319 953433130
730890850 893598043
206352209 507524344
847809597 853180484
368571649 700908467
582005955 827267403
789084263 792223483
702578735 772689650
91440161 904674163
533195680 807709783
228125132 335426056
283798228 911881562
880547287 903758350
279226554 813971158
800040247 801644493
237334861 556290346
694783498 906712538
492136065 953550648
329313834 767871908
413437191 801269218
736963523 928651731
284610702 683513416
200648015 644994348
945200085 979384059
390616846 897259464
587167966 882236981
867681028 940300556
986604298 989951127
560058331 582038886
88904889 658876424
768407370 888065833
907653669 935679374
889968452 996815495
401116452 814913251
876540620 944743857
251475610 406977820
557909535 745233890
267631378 756605511
748491374 777676074
999078848 999930547
389373314 791787295
934284533 959151459
842863804 860865372
662396471 733554429
180680157 440363245
199624677 452550680
121946418 882171119
659374863 981335738
900382403 980379767
420886283 710790447
471873547 885042313
701661481 840056819
722787868 872148785
953051511 964422239
793880169 885495615
333636762 428100957
630299599 889945853
872179590 936970147
223449334 960639007
96615427 417697669
937558115 949615248
23556628 255455618
837469105 995814087
263343617 846871611
289864678 653716882
54265955 950148460
364886329 550827016
605650270 738124742
646225774 747343321
565662980 966466037
615940017 906325797
123338145 881743367
413854882 683215001
485525629 880027293
696472250 917249433
42796663 367334360
838058269 876420060
197351252 237911796
14737948 399235642
459066375 611416577
461588287 850616877
670678697 965946870
987660734 990163583
270081026 304084210
273736672 597421191
308815442 963131788
764152935 886788285
954580061 993657122
827028692 859922551
773066062 905735164
407614220 508090863
754017520 768516102
131501490 165659794
147586342 713363898
755899356 981416346
773525944 876751284
820253145 936486837
454724661 542038767
116624827 929974270
819376603 924678274
335552655 632518312
660439790 697849486
477687739 717518932
829548994 846296484
168297917 183100315
206019076 748148094
826371727 983654746
719771276 733463102
658889917 927895556
325849478 628990501
940057935 991036010
395494577 761603415
968483908 997564239
298642313 951343624
676949880 940066771
94835058 813100629
397549518 709666284
125652055 222769870
97732618 157246080
438843472 849380210
687731321 688748160
180297909 226588842
886335224 908521868
156782177 477288908
166484006 893890531
579099985 879256759
803514185 891805470
318431452 832277535
127922647 689600090
170562646 291467882
643040077 869917015
439549315 835910444
800972664 849907685
292672049 406359136
214018256 619191530
810313476 940202363
452004101 809542609
471614725 549095309
773469693 875005649
124658041 761217455
18440423 658048326
748032024 806551059
549549989 588636589
466425673 876370949
967083374 981806890
6557040 53479755
385618907 440858987
990165489 996217321
339768924 724141541
673822100 843637742
39586127 127498419
730826756 870157346
686461594 865639691
716087439 967851308
17745233 109858448
883895483 997360554
837268871 982316212
264448736 351354959
382281687 549687398
24446772 743823420
160017717 575731566
577378819 833212181
534525475 781482592
277981250 911111635
145298485 202564472
22771513 194323250
839262847 857036088
590236495 753049316
355598490 684811724
96948601 897428766
700559249 952900326
457935761 642220862
250263070 594709777
480258127 853075962
576932818 673539370
488173715 730485507
114552558 256103159
851398961 872145662
819407911 877368106
339996898 418814252
943268206 999866489
273079321 298695551
143147658 427422845
950510145 975745590
150263086 773335168
509847612 535490169
652623557 795246326
117342300 646957797
474896976 984587930
207241772 738691096
348726701 557170433
636049404 837374176
267250115 985366406
13250201 611216081
186133696 955246087
309598914 478663660
801712476 905992131
946009517 984359385
452800145 851477876
760721590 816287504
21779820 987085914
130766839 158729653
371769130 860761442
196211851 701657075
782882056 944219173
377951163 920361062
833078774 980786745
35373410 630723281
510383291 670286296
237426243 806630731
609495885 833824704
463915598 968232888
367755731 636969859
232712887 944749566
30432540 310188231
709845249 758167908
547626489 928423952
158453638 927562109
125777118 654660413
862037192 982614235
293308841 442152010
360945182 888371359
674715265 718311845
111605417 538399849
829414923 928721211
714999670 773578122
899167254 927135922
118525578 956413638
409543908 740639849
717114548 964153060
614218945 996484801
566706454 802444991
791437973 985172791
303034536 314552659
110724593 795215876
301796548 743544689
118979588 394538440
943958181 981589504
954797750 978292090
207577268 303474648
348869858 357757112
398508859 932938312
204614288 413987878
225077440 903100806
51143498 600833216
934677153 946658573
40700830 916415080
902231835 971421717
750401411 893600119
208215145 404243014
833787805 835487288
606451103 857616333
310947920 859457496
922852095 948601207
349320992 577959267
542869910 909698539
619925191 700992345
88056614 598551851
312077673 469662523
885697279 945142478
84493530 109812696
905130691 928250449
404270251 484994519
601292083 963875596
134607371 329019481
463898999 812889845
343022343 858338466
166401232 294005563
15606742 86923639
715174506 968688475
943362930 985976887
674151002 678658067
969213399 986714600
481798233 529126386
814357308 912816273
911953199 922009155
404118474 670680250
144975454 355171327
765875180 800814514
863941145 957530613
971314902 997653744
566320066 749507833
618775594 906910517
473109577 648045405
802896653 821074522
59402163 973643705
536692317 602060228
841975108 859240297
832487118 889118089
824318871 918490759
303718841 724285116
42283672 539883852
817435820 988017650
401310692 468337801
386589127 803747402
166437957 492812532
929640753 987780293
537920835 918151602
636898650 804306030
60264867 509751150
513860154 596026950
185452702 765215156
62259849 277133701
953957691 966671170
677102967 796115109
577653187 973453735
66386478 270119813
881985249 965204541
667093711 730832689
256281622 272510361
214425328 843534899
179274797 292524771
327598768 971261513
385710455 971413297
685406466 820760459
651571589 869430785
614802288 751598523
906009614 985972642
661769797 927051235
329111077 563452201
517895057 522821234
609648262 988310419
576445817 589588873
289768521 510288377
333200876 855291818
804326605 967361550
937079693 955003122
778338213 925061275
418473446 430734460
370061910 523266700
496151255 860487863
331705402 411477446
742214400 776581752
863151531 938394115
898113504 974365309
824001536 860528297
313793496 961965811
636330032 767772995
522363337 979531096
519909907 565463590
859173573 999424317
116862603 720485042
191308973 920761966
456076766 827948722
622179866 792460544
906374809 935453996
477728432 837913157
534444888 778818928
63162564 995873904
157961901 724469564
409077649 904339102
648818989 969396860
418018030 764124431
738013311 945825886
421849787 731440665
904730937 992058820
837712301 998181559
535045923 647402213
580470486 710481914
221304307 353010020
291330799 825253077
845566282 890040986
308617249 817023600
471692782 674937070
936511538 991007297
94369464 770884242
99261448 869875481
502607191 562117503
905963089 951749111
222358815 516000929
677521622 792813123
11912313 223764569
656833333 852321303
591167090 816654361
546812239 751552796
744540276 814374210
159162858 421013070
460918411 774924004
725021564 943063997
318483205 894049742
781334469 787845374
764817791 995917847
574757478 679809193
