1989
210617759 848783662
425458862 683785907
929790497 966730626
295387671 991005163
918219211 945859147
413896067 841392504
844523414 894545991
226741350 771300522
619040415 950228413
207460289 768870397
884856055 928899172
679709895 721809699
860631673 997557079
278812288 880462824
825308692 907044152
528608377 762598761
388985130 458457547
277666118 715829774
335072322 748640910
64415871 104839036
645963973 934076912
200055192 759760168
295616776 688829529
627946393 960180585
411466383 496973887
389212608 838270165
705030916 823432889
852728295 983950933
145446266 885177362
860076949 999053178
614876479 808304165
288387949 855221901
749187119 928505078
589163085 734315895
864845538 882479667
642673151 778268457
568488237 901910991
432080493 538004555
680053658 958924227
713898733 802010478
104959092 397099833
728378488 835765817
615728048 794240891
572411612 667364464
958248570 964846282
548658000 772781746
457849802 816443894
821077658 841598307
65183345 417885794
525997108 583758218
482835767 621468840
214575954 493952356
688769446 992551547
234783605 893243645
520129608 886168572
679782502 866207986
2607614 767081185
588435633 933306387
129063798 687033623
783336677 822294344
548850330 961175802
337715743 462112988
862451665 914525015
263331907 730722554
485235453 994271450
822744636 944076465
284322777 901361932
646424294 795834299
643986961 976405487
701444979 775638498
818839386 938409340
631830253 916751587
292749252 336609416
255274342 694896596
208880164 503910757
391680339 603906794
930788533 943587205
792207955 933366711
663199292 852789500
976861853 986834842
61422823 62161187
194000793 717059547
201831178 966098055
692713499 893209197
666609965 689396059
992515974 994638056
458421280 979003336
549721684 989733038
147290967 954474649
912670803 970448818
550518271 717525412
764756656 858691798
987037582 994179231
780547106 868827719
301658733 633444074
573499603 815269302
228688636 606265330
19215261 216113701
762756017 841692944
273702063 884923812
412717472 728308393
514918041 548725352
484340806 484981475
312775393 903366638
441906705 700838850
579401524 600016227
54183228 392277507
402883460 411873188
999418007 999517618
680330121 701212798
551757159 861401721
920923629 942626758
217822467 896042446
626168912 699299511
279125713 930135595
624569762 866401255
164829540 697381722
866247894 954361727
883468149 962140568
150266358 169874991
216648032 569664064
596965773 612057154
146607496 954721484
514231520 810683013
117927066 659152013
240253371 905808066
18821404 373342239
366169076 858296142
63274060 229655493
915286287 919209375
608283083 614293044
290163924 879521037
800967425 949416115
609434751 682730977
868730574 931779103
758552724 820577100
697043788 957482860
837559938 960106377
83064419 538032746
496080016 602525144
963323127 982102444
380418061 677839046
21210285 118872979
410306891 478242626
454510243 726684544
195196250 885091361
508332475 710406362
415826520 612857924
506238883 901719155
126811111 729060693
418598158 893260131
99418574 444328363
866101947 964573924
811570368 999180894
43862986 608308401
764775929 904367438
869929734 951221010
678128765 913810477
967194206 972645802
948718300 949400746
559481136 881774856
544108283 570545784
394297017 752011914
207861479 302019818
894541400 914604386
849930790 882741430
45104020 367142378
462801036 870256191
315852765 790539135
815615921 842251459
964187513 988238354
565042120 981377346
539396618 592213775
972263936 978166493
220032397 780748131
632812161 949674697
579263497 583348273
447078679 852180607
124476553 579554825
223452218 625675241
838739655 896328592
94898284 239558316
350611652 660183146
94435448 843076361
632856053 885405465
960077111 965649044
694538406 711991235
758056092 912969828
114632089 138005293
543704147 871879796
697106158 822824474
426001494 716365579
700825613 983553795
139762452 496468985
608686591 626475579
490930105 557910902
60012294 384040960
447414544 769413527
713418979 807113835
978184083 999401688
708157114 804434549
73256154 475890712
497763621 880253084
163874906 879046857
717922197 877416708
998489335 998937442
45145738 888360223
632584927 685815318
85050538 361781461
196641086 387523046
307298041 872449527
447696316 648995339
416341261 564115370
428744524 914043272
44212316 694687480
852382267 882525067
121304528 609027184
72239178 516880850
628151525 797355020
717998080 968387882
315159351 522424201
597745479 953311279
658239535 944562192
873517226 958383526
29368458 138733390
552710233 685832412
313618927 603100147
142857512 595720261
523348446 991542952
647483428 939293111
764081012 833672499
321472600 566696007
990186934 990620220
839379566 917830335
565302287 707711443
829010283 916501174
193771056 778244813
699319861 967979143
596145041 976807669
742312753 927092074
686717661 749072094
767970319 871615763
412382646 657280918
284441001 684316183
755090625 929173592
18535335 865360141
775292596 921243792
202446660 595270145
451524376 454501888
115521163 313435409
893826687 980578446
37369867 135514029
241672280 670367898
622671100 652713750
476316859 991925955
712231368 875356731
508691440 559717303
650013405 928678078
78255527 935875050
782530694 821297346
702250686 742495165
381003800 517422695
745516073 861977101
917772776 979905868
417949682 790792338
136489081 174584481
860188487 934492538
740109849 780158224
884069932 951805021
575395867 724594657
257627870 701726334
727518761 903448368
292806817 422771515
90513806 644430330
548557090 843641106
664052719 862407785
48006062 393829243
740412027 897432655
290043458 892022296
185558853 353863539
626219745 909000307
531275075 923448416
194413529 747779400
229483592 697833531
885232215 923030025
673750933 699640957
733437292 839094302
350884167 978163206
618535176 934277326
478526639 650511177
348679617 768725711
971614302 978649049
264877779 958409415
409583547 822111662
787476161 995712712
916858171 970288656
191520029 903617604
737305586 923233570
80909826 923218174
363682865 984003929
253837839 586134491
526734594 952218183
70825998 792762923
315442433 381003646
358535527 868387925
968589790 987314165
127640780 138487064
478433448 508639503
398107949 445394805
97328422 337639573
69762211 812447517
764806466 960694737
617387089 750556663
44852701 96439669
808757843 965629950
981876564 998381881
131715284 981299613
748171829 798965113
813482279 861284604
500009538 562490102
280161091 398206817
885826084 990098646
326163709 459344817
156025186 483980808
865015576 912540808
186932799 682933837
46806307 195545080
17621840 567219588
956677995 977712879
662949169 970404689
662370183 845850448
191140452 812760018
969630105 993304741
685144791 732256418
54958097 776719910
46794392 449879959
591088061 836932396
441948794 625940500
36899055 741773047
547646934 798169649
768660265 932498780
101972608 701940496
533881047 912560172
952995651 967809033
613173649 876284807
365820114 761655910
697920122 912138115
259852302 661815871
992185440 997370267
262640239 941395321
124912979 541702873
858685313 866314051
625512378 935011712
832383230 893225063
934245793 953507137
15245563 559228151
55223726 640683182
104518003 843009752
13513307 417294471
178598254 532707423
737491052 818536751
540753752 721608277
770999244 942619236
277040724 630166940
794421869 845816908
248828205 781126917
713855861 755415256
930667631 970839239
591699043 749784744
475931209 682803389
675573580 683780127
422602489 455951207
78039797 850905131
279845784 408825602
168952772 310522361
115708677 841541719
621038096 785706294
740369191 789972183
369609256 815540242
198294720 349768747
458201939 994859211
575645891 777857431
110223475 604354283
245086697 425232337
328032505 448360715
534269414 558861419
25243821 351919212
428696487 573421705
114363276 346438049
201807728 441615879
522796028 715235662
555870765 809457620
753433200 967157880
212061004 261239138
813370916 995026919
702834370 826294459
347061124 929936353
129386558 884687866
348762521 530771364
793338308 997328831
146836012 827270827
915676876 931671343
609620436 972785538
616839963 749413165
966815484 975296935
203810978 442396337
695139526 908871040
340382229 591802272
177447961 217473425
476442917 739737832
550232947 923237380
781419737 965620303
296277902 547937867
896473368 995963965
992933015 993224309
54822619 906237914
664513 176636866
82921833 733600119
182380733 890352057
161804727 718644505
317816061 327955471
950609051 963038897
79127129 887339876
156596179 607013524
749365233 937256400
47299322 153882989
936981317 956724665
922391853 930320984
970043998 985056876
950945312 991761351
479367114 511428498
422613617 666322617
367703740 721727028
495672120 706270445
384848558 440051125
979367793 988538680
264639125 335695133
836328053 888884672
294854201 312433034
513144294 936957447
911648254 926078308
523391156 982411362
299846651 913168714
175088685 501642487
500821937 950844504
247067171 823789423
972134470 983412775
812994070 997776754
360500172 921337991
784329010 915365642
688714455 811911891
168581293 237101657
816326606 961191071
836977317 998376510
772303695 890223371
248940360 730397026
970041912 989061091
601091440 987405696
154349418 655331742
129151291 542147781
906981132 966635836
648386101 751079816
163986375 218478215
159964149 995998757
481991536 862733258
115698256 463994039
732015795 863593404
9602583 695759888
957605278 976809180
437606687 587655469
399035572 881896173
181199084 791466560
5349548 484116037
113780052 332422910
467783524 703341179
13398403 829918030
688443035 954489847
932100024 943414277
357148863 758047888
270247482 447333508
613154390 938597683
417253018 484257937
33269863 399272516
948284981 986930346
308894692 588474697
637885941 963731667
133655305 645390040
485799686 522672638
319664455 707014968
507930045 752056747
100385359 337958073
456214544 508712794
700195589 996483384
819666662 844330284
794537042 941674848
902110333 914705712
456323700 507084587
947683873 999684420
998281277 999466695
8696665 82690315
887802652 975295486
200300781 628398338
165380034 539677264
775277154 778886738
547510838 687158026
210209569 385869183
554711945 679822405
815954897 857450051
9472761 136938113
823531629 839437168
481359277 738435386
804712805 875049989
670867615 914049214
361169171 465646226
829062811 892336927
700298657 802579359
525132475 889016138
994806334 996595050
775204370 992970676
662225453 728404196
900273796 989782584
870744133 963140161
149061898 248655871
16968877 252281032
915668207 968923514
766161655 839061503
888346658 926131149
802663904 985016947
6541120 181021939
637095629 961144851
126179044 924892190
412068596 686222975
93317277 647632737
900209332 965347905
792199291 860340148
151414981 565893578
85382076 689497134
361334242 627544516
564770478 600614131
458799727 715605982
122395995 226137762
936579148 988671360
989689107 995564954
862182874 885781116
345015177 531275426
515650191 625328430
526589667 810459543
723566466 775192813
851403429 883895088
386081206 630161216
378396145 412707399
627697601 705318604
217095231 955924854
724611882 766031728
86291107 809254314
953036808 977414653
799646658 882249906
253541979 988855575
265280075 967840939
218328764 593500628
176640306 430312503
870060684 987322205
108810872 412150974
345489901 570608771
423645960 456930760
519980534 636629812
201471757 698374670
771223631 977261493
116598857 484017140
191817806 480847698
649528765 687124687
62963162 483628011
19383253 727363127
741791775 796249836
210533702 897493128
613563127 900297476
587622041 690598155
26693885 269397903
625210041 802659342
762384490 853369307
609300848 916216056
438877187 928960720
139116947 432892509
866681722 981267823
926622274 955114923
478180541 991343741
121549434 272806557
57199744 157843631
612816921 733895115
442986675 598548110
256626727 720374061
910951778 964459669
729037973 829879969
993876973 995771054
975327467 996612352
159691593 466997435
976070418 995832506
487365677 654983576
474116569 846172293
139190831 811826502
236612536 676667780
760436519 799588047
172027109 818851555
332700069 807629548
818250212 950107356
818113137 878669104
693656162 943323822
952685934 983231826
273126271 891042213
883418458 996363040
966991800 967988837
927126074 961752352
682045063 706183294
533987813 754114028
442451371 908465995
763905106 808606794
504688542 894998458
724292464 904148411
384843344 386695790
979938004 982396252
643569115 829154420
54350036 786592031
833677459 943504196
213504351 237345659
270200414 668968463
283781825 588444962
721086612 791801023
963679292 970462398
39281690 804453628
417198473 827686877
88111390 868735517
343030406 691264980
266544310 407425684
412350450 742631312
643436166 798678288
326732138 549021504
737876237 881011779
775262700 800758802
664456959 844998946
736305796 905078957
661869034 775716538
216971578 319853786
671883036 880963621
815226895 991013251
651248165 695200503
885685060 973373016
222107741 383612794
145434238 878698358
11526087 815238610
600340616 800617223
477246807 931999596
393652334 432482129
27124680 508328891
574562085 601996448
526050434 792954616
735882240 937409100
363467155 815291288
623204526 715100665
128055165 875476522
976634166 977450921
376522759 745286058
559258947 629418990
854974988 987715441
4809170 133696474
41400202 994868230
741283839 826395808
130385223 176469597
123483252 149486257
554413467 721858029
470458212 864635380
833194825 867554650
507588891 964808548
169239843 538337279
361174053 765629996
879389150 951086892
437119572 902835284
467085850 486198538
953912438 975279207
381084141 843667659
708241187 711478831
951538203 959945535
921150112 933847813
183307362 191683264
332062068 336052020
441475626 743092139
626967116 926052531
783717838 877649319
108915557 643890442
151575878 296482633
180243750 489402024
722245170 927797610
885891881 932922236
269419335 654316595
944999763 983430984
505984339 699858967
481255398 583873920
82813629 310816531
120503120 397239723
988307589 999868519
80337350 492876372
37668641 66249791
747223446 961240969
684224373 761634547
568381401 866877986
877549062 944200502
579997035 884240167
863486468 876683636
354154295 426611691
699713964 720866521
121731971 925748817
95282642 566397625
138482946 948642586
221243939 510318355
28375829 548033644
725448172 819452271
275906626 476984718
223072185 960742651
604964582 652760967
48737534 313486490
853953466 971325308
905766570 921240213
666887502 908170706
852910251 912738435
23709740 818299104
5629098 128550458
110357601 129247635
97735181 410360406
339246742 696502897
310645821 391906926
48508436 703217781
366061495 902308691
331819205 631797152
951722210 999955158
415414367 825062609
544184609 647059295
413115394 909760920
640684486 692053757
86638232 606773340
611067975 866330829
957786531 957924093
983071371 989930790
552252032 971598615
294650673 623931640
959225180 990823451
791159693 843000055
953625762 961064900
53539057 355549106
941342831 974496365
480177672 489404636
334431319 519927438
16458878 249529617
741626371 912441599
240239437 390541816
294744171 465717675
830701835 953253857
141986871 847904090
954702254 989156502
372052973 665787014
870474035 927727014
12682010 285203369
384180039 551001811
285369585 604116661
58998284 677632332
630193296 652236357
724861446 810208431
928146228 991115304
356277482 578303014
598653707 620166304
196504192 261653193
35263962 285122122
27275108 557503532
497012967 969302240
336540354 455482307
344344755 733673039
84960773 987309370
940608902 944214190
36985060 711674863
617068296 750080496
443428715 917398688
199859380 899692976
339876704 671442283
362223342 978558620
522922449 839757187
305111208 438276230
235219052 375797159
473481501 999916170
364393420 810699911
511170414 859115138
492660687 637336076
376275907 457777516
309257507 735882922
174229939 323485973
169922997 828444231
148425710 373640802
925924147 947251191
64587975 104748700
170138042 664466946
113651608 437675812
913684388 945065176
478207885 703325411
812488433 879169938
203825987 374535319
125538527 491734525
786914986 804310039
639914485 710216063
50195119 319677250
583251393 785681438
570375918 859961369
328114991 381075938
382990766 458359206
468902870 955103439
428795321 573249317
843270708 890242566
27414582 30081932
106813453 906931805
845850714 857132889
369277151 729411003
576554700 582201779
409859861 688333960
407369772 743297247
759109112 898365734
458117002 466891357
816488466 816588424
189888235 964491800
727490083 914633549
870495372 904330495
175488232 534540751
343296125 458060541
296049950 540367047
493072236 644675253
338606483 965341930
572070751 593929499
83335156 349372532
110148245 634468990
748497459 768931145
193230299 714617446
973936077 998718461
224673050 998256017
745914080 927183710
585921627 870040186
94941881 768773753
999071187 999186491
484688117 950802362
622924913 811734345
132686160 578885205
133670667 475473053
172188562 586252250
454124162 765878038
281319474 426526103
889624479 922476002
446485992 702695341
585671446 856649265
796397170 887783323
401654362 608005160
591105471 727813513
335062503 477234934
630804831 970236681
90786317 457805534
893682503 923475584
761181950 816373096
342617700 966213577
912017364 973829377
42419930 131809447
140422631 278708875
33322028 414886966
971135227 999879419
262437188 777678114
414353448 802894764
81539050 230469319
924364960 927671487
624454581 887392098
587812173 817696029
628408932 762543133
702896600 943574154
811966031 851373280
240197804 373820663
571316828 898075976
328496947 733305023
836404839 959807406
228538749 580497657
720318373 831639764
670010334 832309016
365366863 573047404
378836080 969817802
824089768 952912738
139014890 523333915
735918062 996711693
65174819 415949023
538223146 580691597
806358020 930098683
277850514 798725362
76490867 699401488
11142101 866350793
239346962 853799450
734350569 828943478
947490238 971492268
468910134 856728594
426788860 828475558
952426916 962022781
833142251 978037005
2759652 178143632
826806858 904433537
995855189 997758868
878209158 951620897
554189086 804451787
336336669 920075015
588986847 820989768
778559126 884476601
91185268 910205626
727321935 825945550
223559638 495164813
607003874 781135987
264832458 662298751
83749108 146366518
359684723 587956107
851213933 864087054
710045105 835995840
186100011 635626433
579704494 627190777
160499148 618922186
576879853 965393908
489777646 895737679
257717242 991614069
421637330 836082645
919518761 967171925
333785543 894441397
320865501 414843289
273144785 925228064
949447818 951957927
839474426 931744722
625274284 630037573
590914497 815794620
496108709 766856777
584028466 654312334
519315379 983675368
649913106 783783750
300136973 797604963
762225965 942684493
280112364 683523724
950591485 979019050
220107778 239082295
800441537 913700777
103443929 733850954
666900529 814471345
92826154 339033626
691275088 889387758
667235471 818516521
647266158 857987784
803700360 821188338
319073015 686081502
645602353 829186447
691860387 948059826
409261614 416331418
786474563 868549492
315318271 918926200
738289749 850486283
365233781 721825470
864492060 959835606
974263424 992678171
954249764 984950401
650199369 680390193
536879721 631593677
989046027 997717964
720930044 898892175
451554052 548195513
951791954 981928079
901326383 966136950
169576037 714714584
195182644 813699376
648457967 918052317
893916113 972541723
162122210 178795429
632956904 864020398
147160165 467263343
810887422 905327675
813035041 986916433
174399524 857719332
356315170 463849169
11282050 128325565
827200885 942264586
476456603 966643019
82782210 317305837
226187873 604101149
440746047 872252058
517259245 977952428
524299998 907509227
84603782 312854393
218224973 800387223
917505725 953744323
580537300 902883819
903736946 962376566
941221164 954691611
955627748 996965264
256399053 519163650
876969454 894641336
957404577 963760890
850991759 982074645
208495800 257900072
498157534 721479254
881522586 902217683
176613569 224936636
50061601 172615987
856564899 857146616
780789011 998105601
966721554 986752113
356888983 772606179
506414827 608009315
876604468 967826940
516471405 902568443
515213256 934640952
617838794 780508558
303157944 636443064
83397957 973382510
424078384 657959836
398833886 811292224
860737232 957858949
624005109 723406110
893697898 912522918
939043668 975406981
977515521 981161410
623458881 867113440
576257828 993502723
899749559 928620862
790888293 878413635
232406214 928505321
529744969 672392293
375354073 376350342
214962025 247593117
430307289 726864473
540071113 669946822
269827089 381302534
692684135 921906744
944441583 989399499
559436248 878250160
18527993 588275262
63770465 710318123
528549769 965946089
110449067 412225277
238208580 552037463
327315467 520876326
530562660 969845414
604697316 911860694
283309513 496581129
142969334 684153080
49948011 898909602
749213554 833236663
694209734 777609843
575154393 920393105
622362575 736326176
333055474 852191800
668794669 846770446
283806526 578792231
890211173 971087279
892225042 904363356
941406924 972885171
73014194 623674882
921441200 980189400
814364806 877538010
15561510 243107106
758762434 869052136
206702979 758553147
767725825 993249474
112563699 678535008
970604276 973772919
754577168 794127423
246168704 944110611
739742251 989606291
585908261 759460968
610756991 936599799
96977298 769115231
932141276 965415165
171173925 248488052
15615409 559158837
552347084 926770053
930294584 994624762
491101472 728641739
947436115 981964505
868020547 931108692
613005070 982718579
387338499 738933455
987834420 996762737
171383582 468371516
644486740 694780580
569776524 707180525
776399621 860641108
934006275 978938176
405868481 554173491
72283282 377020019
617417033 996102037
973924658 983196590
810767793 870349073
968314821 980208222
121914529 169234273
93666383 925239273
835015376 845267147
943758051 959348377
715104884 911996972
557484404 875557518
600061329 659790806
682975358 880718172
385749436 717932907
274075529 327527893
213832949 929552928
401643503 896965020
429910306 928247745
547384353 769532326
191043061 896542423
390021296 985876183
276208234 571343597
488224210 774844673
142647734 470823029
230855621 575329308
186051707 240795765
426782991 512776909
821085839 822458777
890292548 901514837
396604085 849746973
686653809 835270988
518115522 659677786
609153618 856021351
224353906 242095722
386318378 870217740
868313763 879010930
561805860 930444613
574336151 903773384
4605030 311356397
866489625 870011247
382595556 409616635
178137922 327161294
611446990 932920904
688337065 939718518
857521999 936461977
405264541 411659435
91041775 447438801
758620332 997209891
628711509 984846501
325419247 824592748
935012689 962355099
447266352 723661407
388928626 806209673
340928065 898535155
203597644 920471614
432195845 572286123
414710107 583151170
796815756 961392070
802238247 895792428
142573117 566476632
40325213 195076065
966300980 984865190
792057014 973525179
536826754 930190005
524225475 870389430
355313238 359033109
593081952 642819500
595475762 646999713
880526964 987453896
234159786 478969287
608111363 768899842
688062970 964428543
394341543 929622621
661467020 769934030
16666291 472077004
541423054 948021122
299052227 610133362
751048436 885095809
565017853 652141248
729468718 841227761
100888231 427227353
486896655 671058879
210896363 694747691
111279763 995951504
152275728 825601669
122644328 241950363
771866910 937441445
709234277 942962425
144595189 609728975
652859258 694027327
672899036 829907499
742570430 925951675
181282097 984232888
808012295 853924433
360573328 572084821
22203725 872442470
342171902 476867384
876900506 961289227
892722770 980549079
558034650 785075350
16448690 991562287
571650024 589605580
233955512 696679697
36313136 619975781
733809672 951987065
11642609 102245055
648482863 918280208
361872612 643338089
697406078 795101866
636557648 663226931
383341929 541341302
399788633 677308310
422794376 943170647
61211641 224491506
50074013 602115827
74021292 838460223
827823074 881539229
762306791 995243158
45267949 136047463
987254592 995176496
396661094 947094362
377873177 581909712
908668931 976127364
448741401 785668681
389128925 521511478
364191824 818811503
15681714 141252474
654980751 914452341
730120779 764962246
545567331 791727254
784755110 971773689
181728324 595880595
257427131 905594970
241263638 241774347
207465243 714894802
325034641 929619321
65855589 336578640
753911153 972271477
254057777 466789002
246971874 790405807
29588947 841994844
951460911 986958144
747445915 934141968
297262706 317424227
179800377 579844447
148236910 248455356
893213346 958675258
777225140 870196614
109571674 130116566
700388785 750355072
989568801 993457966
81644287 581482606
430971713 561741393
506681149 873596620
50144706 772048791
86106917 500027109
911824766 944284411
767901717 892681886
232869276 449216242
429770348 939450905
780893756 934622768
325406488 397368443
184635228 236391569
342512051 886120970
780073926 869741536
875617478 921707933
636104115 913168027
932245410 993183390
520902947 990211077
26406397 520067718
156638029 656251282
978645335 978993627
402027447 565862708
150179361 738330014
33011055 638893880
253520469 563124080
954740135 972142954
878067723 995744641
79553219 953717463
280311513 545434887
748491725 831082041
695756214 992484822
914899271 987365969
503647475 899002451
315813950 579122379
637246204 766133538
590055321 963530926
184293380 867132708
420065236 556658701
821997086 834648314
787856614 964397049
355595583 615342002
596140448 957494273
349440430 899481076
226717773 590974444
885694783 892165641
787938537 819854924
591741719 693051335
880405146 954909058
311942292 369890372
733788595 831303658
299574902 542999000
463868377 824319389
556104548 862844296
945362445 998929118
719759921 971907508
721137174 758516841
917248467 932800746
538849307 951784131
262011137 956907482
804367077 914362233
667837657 720221429
961599237 967191463
80042409 679915381
603592085 748766665
968710295 987473626
9481932 180864662
795446420 827296770
261570845 624567810
380641979 618797856
894069174 910527015
616402039 919340088
395363288 451375353
350163759 755648635
365331982 903796575
896903648 955386782
31722794 294517288
639875623 836061572
103132429 705414296
723838975 802906719
395687430 642080165
452605959 512081450
471487134 928536844
801843261 860841658
750151380 972739957
159358232 346305174
350922791 598220191
312269530 716526679
828522230 936237326
943365562 999287086
829177058 892947983
5503954 170761160
433823581 844497354
442421614 567052542
199744808 649112716
804750724 936318669
304786678 611839625
912362139 913257820
39371681 231684509
478203648 598193237
104199883 109588506
408511474 493085584
411982320 544752184
89283507 242698412
657182521 940863113
458257104 619370596
440790633 717038552
979413594 999323346
337210602 926692630
443574095 814259283
354430041 424526019
896595170 987332929
286582702 531676789
23898983 802119428
802724231 923168403
311402413 715295210
128162798 207821202
982412170 994503115
6091955 24683336
75405342 565402115
223212297 470207042
647761886 790748284
354569708 365212033
195766132 238925707
799652044 848526734
473644770 730708938
207170409 279828198
821547719 893797112
494246501 580467839
736405890 993307989
770097170 812943633
846609773 932756994
776608471 845999095
516951501 698777501
335735344 898648189
752856619 974455062
231458534 818743034
996504957 999035909
995658638 998092497
382302625 672141359
937330645 977478397
466716048 885377921
607772803 968253084
115495808 585371921
85721925 852131801
969947821 983911669
560290882 625456054
260336493 354394587
203504363 417362560
936388409 974748673
246083087 278434727
399434283 665744145
834053591 967654649
315542469 653046588
432567264 549705316
264643671 475379048
551801418 924017984
464367441 932337990
401825640 963937432
250078928 594233455
440652216 472910841
263420807 562430640
798602150 875151102
631180560 665678401
574438001 954237542
733529636 766256381
795886899 925035913
784865597 834905788
809406344 977533131
778506694 971638784
245581478 637144531
268008711 865341060
544147300 789134198
183298396 983157641
84237092 217574564
430294117 889964320
402272894 660248980
10248328 845124716
621422633 661544524
110599231 708316837
604448006 804731067
12847981 337534327
871547117 891825127
135837982 528015523
701900314 847147232
176522878 485875814
347736872 936358439
327720433 347727520
864093582 926330891
773824370 850351473
336155570 338733587
266818472 986560973
724163985 796860197
230991466 981507661
314428362 630764586
204033850 425532221
942672403 953156166
270079905 824527413
959590334 995401575
656699367 741625750
597873322 681885668
452058394 931672466
768351734 947513251
976880938 980241434
477819417 977577477
561203738 753494986
209509503 477445180
223783314 935818265
574700576 617789074
826545968 876066902
441980538 568433626
14268211 753654347
779506978 925989040
348389431 956566769
929463153 932732052
651411275 843253641
477103348 750997637
839748466 890859214
343312010 507684338
166108096 921096358
954398099 966507310
667241947 768094815
44287011 178082683
323568999 334631636
792223253 846924415
618628727 979563534
796195956 821020356
229902235 574700637
396773152 586607810
50025439 463428923
557896565 568865950
668571107 929302293
317767450 528751739
587475914 906112665
624960785 695503053
521039963 912618255
907853081 972077947
857688720 882267310
692110832 694940355
145309058 745091415
366249198 508959582
600997354 826446056
109142552 193780582
152736353 840804374
151722533 767282084
852484092 974419256
863961648 877422243
979348983 995713774
203427480 663442662
831633144 925567199
392889595 477801652
616709449 839538945
812563388 868875867
174850476 583112853
439275231 538871151
910140239 955488497
861871112 936648189
373387646 427885875
776776607 784933811
984738137 993205489
22397938 681352435
453289757 876171431
888187149 924007333
12007034 105141202
616485567 911802428
82921052 974198351
388409085 747743411
775062739 955945005
465767124 764563004
470757346 507258350
657401833 699581040
322403415 780315228
624474575 649269372
685404037 984756168
273212826 848271730
47687946 176827115
44008078 191472889
23105454 869042745
987076778 988563140
977431695 984478801
611788135 686286490
924880389 981318754
459770550 833465207
648793475 740702904
413595573 917279087
47812603 340874133
400786880 497917081
227885808 379113217
21830541 776250273
37803833 859886633
512070865 576394313
817083573 921581433
89335313 887920071
408728289 417734849
99723086 479002001
375591 716366921
556464135 730855851
679226814 962241540
817133896 832285998
220046246 406137730
631583346 774590335
674566588 972171398
577692525 785419815
928488591 954630483
448430167 825115724
244402281 721085958
170329130 537743321
921357040 954667185
487427080 761702858
111004784 117791153
182939324 368002505
835094817 872970002
838782747 851760963
713827816 931018656
8615031 342075534
245758006 314255322
146184460 731265537
307876099 590536721
155240915 559408298
92719449 805137251
154688775 425566011
482428524 637020881
386085951 843738773
972455953 979514111
508548327 822328021
655026175 881909765
218897656 606410057
64765475 264704621
900467924 903502553
182631750 447134125
233711126 762528467
416603339 528421991
823097183 886349240
820167364 954691197
369055863 520830943
124817723 715795010
260882711 387612043
824652696 845288344
706594646 823487727
860426714 979777705
504360655 774666204
813756157 842584719
994528706 994961398
463859260 922452949
368446316 973020191
954957803 979825704
33782102 708912594
157118486 655305553
456833388 808914829
501425103 907591921
25956008 892646213
306846849 565520229
240732113 264998672
236113777 967527612
949152940 969896291
960924654 999941640
882527461 939430049
482667982 731251642
130392031 991511497
809281835 929968522
721267571 808778532
10446828 786454570
997164300 999932111
476854902 685229332
6559995 419451832
572099286 717447410
941309593 967685642
46659599 407358183
54090964 165335990
3755845 341850065
617972924 676924310
23629976 835167938
542651951 748839300
151505498 588283496
436064995 531038601
637063733 880110925
425695825 898717868
51869081 214714880
999481971 999691862
51751254 319797432
219237813 441904563
507570174 622774890
824748200 891939939
939554472 960698575
339632975 473319419
847136578 887958589
906478109 960307967
591554335 980681167
311308902 797806585
302917868 392218379
674612477 809522796
907299361 963526568
871981329 909589388
93975373 904975081
114779886 431886762
575884208 642756073
25489753 976197716
639573415 976409432
295276320 909138600
998715321 999919044
457849401 826052032
818051724 850727780
300669077 733540162
946039257 976015061
214779019 648055183
335075796 592104550
401194423 773166759
282093386 996777988
881386612 962800608
476870914 793961016
409150006 505180736
505067700 507948555
819665598 881766769
443146136 825846792
616876578 711211037
381172409 678962533
32488853 87253279
504516383 711805654
792351343 909238437
603421253 620563798
311535449 360412618
591821091 962118374
105073591 409337445
313973105 550188678
140933788 541610113
799910916 911470956
643754219 756499341
75974045 547861985
894520207 934422828
38243806 122853149
846141575 960532458
828990776 952831096
746083344 768254483
596774875 824621753
802040929 842787113
510206471 648421075
466869994 548309105
646637586 874240008
361586493 455925025
228106613 796287669
872105920 982311120
508271618 956093148
698427735 759881577
119473631 206415120
394077312 494260555
364343012 508134848
541947431 786548309
291719846 717558666
257890830 981600583
772436417 874147264
495731936 580013758
154891690 975253368
576272659 706345787
955004901 964137732
890275077 999862994
161118002 515308360
703765954 996056242
251095570 808363708
547030182 719529482
566390161 853969336
179520191 571913068
368307808 987663579
799884649 938765457
685524379 940428085
496935831 610789001
415704093 544977648
273407503 499914853
651646557 862292354
424254787 504341313
203230198 372669542
879403006 911061550
851266342 970735603
992818284 995240516
208832851 282965248
782659976 970664783
767788998 791249790
455384335 807141214
503681028 748462410
363013206 456768548
956193899 985932568
917172321 959019518
33289293 803279980
638858056 728776264
781387647 833373277
909458291 954683714
813637411 998349171
285172706 624005930
268046959 882346703
350045547 509812480
348407548 503628959
106659221 239551792
719227710 788494795
286673234 644258771
591584443 592938031
91280232 423466726
509754387 577608412
442625333 956462783
131388787 258315711
191511785 912412404
239306472 377094732
479046818 969781864
662415559 988972553
618111289 803906588
218135312 261075878
818376099 837539211
39083116 949698473
378843650 471910195
984661092 989404528
261528626 794488541
286919791 911099981
321174952 339882459
108407053 939019928
837132408 968334698
754502991 970618138
568293354 820138706
976187053 983630050
668319365 892286689
396018328 523139588
459653594 984775004
954434833 965134163
621564231 906924451
336883913 898157475
531936876 663821835
718180820 738979725
580312106 623895499
377128248 452105574
417747674 951331942
866453978 986052908
277077665 525599483
180303556 214557441
439355260 934599335
801621057 955598196
194286667 478628173
320189258 706979211
947907829 967370474
678950019 984595463
390921595 619605206
862859116 958831094
992942725 999188558
696668918 837801218
890875958 967318486
360497684 741149558
18577670 616319568
34798853 882338498
260817843 457568871
622116008 804516234
361081832 786892975
383082602 490564565
805540747 988693355
250720750 396593671
755758025 979372068
252421539 595190051
323147815 571744313
145165645 517425087
787422479 838303568
970907437 981025685
202263486 335599910
117194627 985655949
68126160 185690026
91026580 877552906
492153823 879048037
979322149 993160889
318620665 498953874
630733382 920587996
543625582 853606975
896907160 985279734
815312501 903532359
733781798 767928340
193606980 804570736
100253715 292376485
865304737 878687071
658632732 802637529
896739721 923347110
87555199 137257075
347781142 862829509
740929814 960400648
919897908 946444667
594817191 796598335
321488550 773759827
547937360 979114006
332231468 413498308
655643927 951525266
215744305 889455366
255822673 386491816
965450245 971315195
289169719 534210971
104452787 991041285
575203677 817758368
316939666 854781113
155510116 251874170
589718528 821564164
292208129 587579160
647229370 976935751
835698959 986611353
25029381 562543601
989192643 991538211
690813004 974992496
362040934 413640440
427951568 568423790
688620532 740401331
286759609 426974009
120887349 915656938
657451350 718460636
579658809 697593973
936739870 944893290
111638623 450228114
62633991 827431738
699115603 845807009
228591852 783606480
254477122 968934380
270822012 536570305
972051710 993742821
206802334 662585474
432297012 778831017
868761978 951975958
921845484 982989161
206334300 467653902
646350190 846982197
974412045 988742452
451354739 913292407
866370489 880397769
218965209 902064250
210250053 253315572
836494889 978261851
464837887 471979916
666584003 879799079
859423842 988822230
969784168 987275544
693336455 991387272
76153708 670875763
636063437 770735158
938351230 946057411
692634474 801147870
752609531 973793346
24429330 696277605
996167896 996711788
223899854 690736775
912465510 959385462
857629838 871481468
937477984 999158166
955956544 994989435
56513601 649684199
810050416 950259313
28366628 882074769
101846325 276954607
894706201 942280000
307713001 453967658
101475119 801433649
670696157 917767835
101248041 322955608
774200777 962191955
506745183 835950227
621882134 997142812
940143512 963119707
151505492 577353009
679805222 811930577
880917340 935125145
455792098 565898644
712242775 880114528
255443790 603149676
974270551 975079509
759058724 833000005
666728214 763798222
923936623 972735117
194081975 684791469
38194269 866875065
523165450 763492544
704810678 957268238
487387707 892113827
9823636 492211525
363517498 989587381
920657971 936148684
442145544 654828189
559904135 893396811
750925700 816707594
442516895 586649647
384523443 927132550
7478939 896451805
271941040 336905694
682503964 796677983
915002354 984722368
328263576 616006023
971949258 975072666
804877953 877868344
380535589 409384513
16100360 181518966
793107525 965499967
842325530 935661769
642430609 865952992
248029914 757570032
654127703 782154045
697695156 886930403
444646766 490000456
483408904 776541218
470003371 964834053
729994068 835901872
835987133 988545680
386569991 684735421
208821826 708369538
41677161 589773447
111744995 920124828
630581759 730013460
196065537 449931390
777446975 950075714
91898890 902835561
485191930 770975949
459635373 475334486
282881985 313479037
176817589 946726891
784005944 933994267
437708551 576552116
50511719 124981148
690318327 949365464
277928753 900455279
257345270 903550579
419546424 925832347
153437199 214725578
505189768 948648773
560060961 636302088
366000446 883037410
223355537 561205581
186510151 517689416
949037305 986664260
148604428 824911874
891235832 934672097
676434975 761046812
401211241 706368592
5229372 993571857
936924881 985594884
635818979 769882453
680493006 773937770
95753065 446407967
87184734 973931355
535140833 884780404
887558488 926500164
278768978 668898623
112013500 364661762
298530864 637064821
169394122 660084096
77055938 942397036
973608067 981165313
573514276 879607030
166860627 774470140
677120505 909356125
480665612 871293611
118801278 522597245
730548940 745885606
852972001 929754042
178615338 800828713
705708948 904605057
797408431 877301297
350292152 911744299
