1208
615 855
615 250
615 194
615 540
855 457
855 496
496 469
457 895
469 727
895 366
540 444
444 348
469 1139
1139 1094
250 282
194 261
469 1024
194 746
746 304
895 352
615 961
746 439
1094 542
348 1051
895 842
457 252
842 564
727 370
895 140
855 771
457 229
542 743
961 991
352 1188
855 1162
194 13
252 455
991 915
1162 427
140 106
250 504
252 1017
229 577
250 111
540 470
455 593
111 105
842 379
1139 104
140 800
457 912
540 160
1051 591
591 241
1188 697
540 535
111 711
1024 197
197 623
455 1099
439 973
194 1131
912 898
591 847
961 249
1094 380
535 292
855 642
469 962
496 1154
847 175
542 422
564 1088
104 94
540 328
593 942
104 617
842 931
282 37
771 471
1188 1071
380 572
249 997
457 739
160 322
623 549
542 161
623 589
542 690
727 885
261 233
912 271
261 309
328 256
444 234
175 1169
250 1049
1049 674
105 960
593 159
261 669
642 495
1024 1081
159 570
140 1041
549 550
847 176
912 740
542 565
427 1140
577 584
348 802
292 756
542 1130
282 880
1024 473
176 993
615 257
880 525
379 980
322 1079
457 893
931 865
973 296
540 281
885 1134
565 958
256 279
279 953
577 657
800 1087
249 1021
565 1181
915 1026
379 645
942 484
1130 902
1181 331
322 399
379 167
842 503
993 729
271 44
1088 146
1131 922
669 17
973 926
1026 769
105 440
690 8
1099 1198
146 1150
146 501
281 337
549 846
564 770
17 515
282 430
471 1048
104 1102
770 754
328 40
504 1093
40 819
865 794
495 255
997 32
146 204
501 816
1188 1113
973 1207
819 939
1021 248
591 507
727 844
570 404
160 999
589 76
893 345
931 1191
352 72
922 788
960 751
743 653
980 1197
1071 89
1197 1178
847 625
939 1204
657 344
1024 417
1139 189
846 773
816 184
746 141
1099 333
550 767
304 90
1162 1054
739 316
842 182
570 955
1088 500
89 1107
962 924
1102 442
141 1057
1093 162
802 169
739 222
645 665
292 719
771 39
958 431
1204 393
501 1183
229 602
72 357
76 539
895 428
357 1046
1021 978
296 946
176 2
961 835
72 815
931 1018
615 911
593 599
255 1025
32 214
1107 950
504 1196
565 718
788 668
222 341
1139 1159
754 57
942 326
427 691
819 1003
802 861
739 139
800 205
304 1068
241 406
754 4
503 128
470 119
141 883
309 244
1113 517
296 461
1071 426
57 763
357 288
697 984
214 1147
1051 385
1147 251
431 1032
1107 987
1026 621
1207 798
617 142
182 23
819 888
471 681
352 34
106 1006
257 871
997 631
955 245
926 1165
542 403
57 122
76 124
282 172
893 1128
197 656
422 574
865 1118
1094 28
404 185
1093 698
261 356
28 1144
57 998
842 941
1134 476
924 588
1107 1203
348 219
1188 319
1198 755
1150 1023
572 306
997 211
1150 1164
946 199
1087 1190
973 1037
500 395
911 555
176 707
978 692
1197 972
495 155
328 47
589 703
241 825
194 906
380 715
1204 10
427 845
162 562
1140 558
316 1055
888 688
403 58
697 552
1196 311
161 943
1196 1064
1118 531
703 1052
987 1112
341 22
674 303
476 889
39 563
326 29
602 737
1024 59
902 864
703 1070
1032 263
404 752
39 536
835 1022
233 1105
531 56
880 974
574 1117
718 949
219 1050
58 365
444 289
119 728
718 817
155 265
550 69
773 875
949 138
615 301
931 339
471 733
926 1184
751 381
1112 1097
104 1103
344 1160
250 479
698 1170
281 1177
1197 735
442 502
365 580
59 622
885 683
430 188
2 900
912 1067
737 187
798 101
185 793
1154 1034
249 198
898 758
303 546
198 335
953 1173
942 383
740 227
1041 387
623 62
727 414
756 302
140 183
589 392
819 814
998 16
602 613
303 86
1117 1200
252 402
252 1045
958 858
550 324
743 460
227 372
911 378
1055 1013
469 408
525 701
1032 310
303 585
214 641
316 659
539 670
550 581
29 650
615 1145
563 914
1139 45
162 338
1025 667
440 516
1032 1061
939 132
922 968
23 150
978 482
973 5
187 1185
1188 634
719 598
1178 896
345 394
288 647
1183 1148
743 897
185 55
204 18
5 277
1204 489
788 1149
101 102
939 651
718 612
668 334
1183 959
1094 853
331 375
338 116
303 178
316 832
1131 96
379 103
615 258
155 88
22 872
842 275
1188 856
968 125
40 1137
1190 687
111 217
265 1166
372 529
865 284
1087 605
769 917
4 518
197 637
471 396
383 354
502 1010
593 569
1022 31
45 384
430 859
634 327
1024 152
1170 52
94 1138
103 100
763 33
233 640
1067 1053
980 811
1006 963
584 1205
256 64
385 996
187 350
835 824
1185 1174
1068 177
197 84
155 1116
89 260
356 485
306 343
763 1119
402 1100
489 359
39 553
961 724
875 663
146 520
570 568
45 1152
802 976
540 804
301 985
1105 239
334 971
187 1110
794 1036
31 890
275 509
737 810
229 578
525 1127
1037 679
634 112
961 614
752 1062
69 693
18 833
339 42
692 1002
1152 1076
657 850
395 894
735 351
473 785
665 1005
1148 907
455 799
599 523
591 654
668 272
1207 956
1112 114
1148 386
856 424
76 881
184 313
217 916
520 510
392 1035
959 664
4 1193
1131 630
824 723
302 30
540 878
1061 483
529 273
642 760
23 1182
469 675
926 151
958 465
697 21
473 886
1204 203
430 466
138 434
396 554
1170 129
683 78
1149 866
614 493
1113 360
554 121
234 992
1035 909
550 364
217 210
898 620
485 63
319 371
974 684
62 1141
1131 443
44 749
1193 68
861 330
525 969
752 661
396 556
800 662
260 626
189 290
1150 689
288 135
431 1031
554 276
1062 730
255 1142
249 1028
1112 25
1071 498
112 320
1054 283
740 208
1127 1179
819 528
417 705
509 655
585 891
59 714
31 1195
832 937
187 849
754 600
1071 401
859 415
68 545
955 113
878 1073
351 725
691 109
698 840
641 215
620 764
10 966
338 267
898 136
898 1069
267 312
698 149
889 300
378 60
288 11
493 246
5 648
939 1192
898 609
109 179
330 1030
679 1042
303 944
650 1129
1117 685
246 459
1073 712
580 1158
849 458
754 908
1073 418
523 567
399 67
515 544
958 488
756 538
968 412
881 224
159 781
1087 1
1013 1098
956 1180
740 586
42 519
300 1038
688 389
893 633
121 323
665 738
900 807
84 1135
113 876
415 573
1054 1172
675 454
1028 166
1045 673
316 423
1087 1011
746 1004
738 910
396 192
241 349
104 464
719 110
614 869
756 1077
379 938
1031 808
724 1114
942 1020
289 862
752 494
11 336
891 597
657 373
323 619
1128 1199
924 1187
655 826
469 1059
39 877
129 762
739 806
1024 1189
535 221
496 97
310 583
57 19
151 839
203 492
584 291
1148 660
1107 376
288 429
664 918
78 812
282 79
60 676
100 1074
812 522
1107 868
241 671
97 7
625 1066
802 1146
139 618
1140 262
1130 238
1045 297
1057 20
885 369
132 627
371 592
1005 1123
850 936
538 170
57 1007
584 153
1200 472
591 71
249 1167
642 143
289 566
1061 202
572 929
326 1043
68 95
773 186
172 607
1187 154
814 200
1198 1001
802 682
739 1125
289 851
743 131
570 784
257 347
1022 759
319 243
279 595
143 1082
623 700
618 145
1102 704
528 1109
1004 965
714 41
1067 163
648 1121
94 557
39 1016
1170 903
888 514
617 452
186 513
200 156
562 548
18 834
162 195
707 547
589 873
502 15
676 803
380 541
496 196
504 1065
89 321
364 551
881 1012
520 710
214 165
598 491
562 133
1110 74
288 230
241 462
29 368
427 218
1200 274
929 713
1055 474
660 1072
472 468
200 107
847 995
514 407
129 193
155 948
262 240
279 12
29 1126
249 783
1105 134
86 1163
94 543
186 905
1204 1132
516 1089
7 624
221 828
516 957
562 1033
613 882
514 848
1038 748
418 805
1003 720
621 1155
1184 1122
785 629
376 305
385 732
688 1075
1103 61
88 1029
615 147
599 1120
523 65
145 253
659 285
42 87
152 382
580 757
338 73
170 512
484 1133
281 860
962 951
58 235
906 1084
1024 686
1038 967
737 616
327 505
257 920
327 38
953 478
896 988
634 561
334 117
150 887
693 1040
847 884
424 772
165 1161
1110 367
150 247
160 644
403 863
573 1092
1105 82
235 325
548 899
679 207
376 463
466 46
285 216
586 377
304 779
687 480
607 652
653 264
739 610
52 1058
659 295
369 628
415 945
660 818
444 1085
633 716
1196 467
235 901
550 511
1128 447
688 721
711 534
1042 1027
996 390
159 775
618 91
463 843
1154 874
682 506
1178 560
145 1157
47 695
427 137
1205 745
1084 677
208 747
412 168
303 358
531 778
727 982
926 308
931 48
1088 777
1066 118
973 346
711 892
748 453
760 537
1082 792
941 904
88 36
993 790
88 935
539 70
245 587
17 706
1131 53
730 481
351 750
1069 342
1165 497
38 1136
300 559
143 448
733 930
1062 456
25 280
412 266
456 93
156 353
772 726
36 294
146 521
169 363
542 437
47 579
38 658
771 269
835 678
114 317
5 1171
665 919
648 181
84 9
748 409
406 1101
802 400
336 741
1005 717
22 425
860 362
629 734
95 433
845 1206
68 954
234 575
59 636
240 1009
1132 450
7 768
703 776
442 499
116 236
628 606
427 780
1040 986
537 411
203 742
815 1202
305 123
104 1091
804 391
440 975
876 604
553 1047
429 933
362 736
676 158
843 820
1046 765
344 923
924 709
1042 213
334 66
423 1056
860 127
547 795
1130 666
820 446
1053 329
1197 841
671 1044
457 702
892 526
519 831
704 148
781 979
939 632
284 952
310 1194
263 921
659 672
621 441
53 731
55 355
778 576
485 419
82 852
168 649
521 867
1103 699
116 527
612 287
394 307
534 1008
663 212
4 120
758 786
1011 77
668 928
295 410
703 1143
44 180
592 774
540 857
1032 24
743 932
454 228
440 827
735 432
588 801
255 981
962 126
623 340
1161 1080
1053 1176
1023 268
159 1175
188 782
290 989
137 791
1190 766
372 1156
505 913
634 451
898 232
819 332
62 722
45 822
737 983
727 361
827 475
230 92
734 1186
885 278
1049 744
198 1015
1162 130
335 54
770 854
443 1060
1081 299
476 977
400 201
334 315
1193 259
987 242
960 85
549 608
362 1208
1004 420
255 438
834 449
1002 603
1129 81
993 821
504 237
539 925
1012 226
556 435
549 639
931 1168
1114 813
1143 164
791 49
1100 80
61 870
978 643
105 696
58 27
737 157
1025 3
1010 286
549 970
312 1104
48 1063
517 796
999 879
178 1095
943 486
606 838
502 582
740 231
1158 524
132 533
936 829
119 398
92 789
473 191
455 1106
882 1078
263 964
888 532
414 108
1162 413
1206 927
410 594
303 646
239 601
928 761
929 318
932 1111
518 83
880 171
548 635
83 797
625 1014
1008 14
639 490
54 99
799 830
72 1108
1032 1039
878 1000
707 487
117 1096
980 530
29 571
80 225
457 206
250 508
1110 397
952 836
664 98
1004 35
1004 837
308 144
227 220
791 1086
291 753
215 421
522 445
587 477
983 51
1185 596
810 638
111 1201
1058 787
108 254
240 209
167 809
713 947
634 1019
452 994
118 416
221 680
1119 388
477 298
1005 115
66 1090
793 436
815 934
1055 823
794 990
13 611
515 270
270 75
450 174
193 1151
681 173
1035 374
1053 708
105 223
845 694
14 1124
648 940
5 6
973 1153
625 590
265 293
332 314
259 50
874 1083
947 1115
253 26
714 405
916 190
157 43
