941
111 323
323 165
111 902
902 28
902 222
28 223
28 573
222 756
165 668
573 587
222 137
28 855
223 377
902 881
28 734
323 912
28 662
165 303
223 518
881 208
756 197
587 83
734 439
855 680
902 848
518 910
439 483
587 67
587 718
734 613
323 762
28 125
756 12
197 143
223 564
855 39
165 808
28 887
668 607
808 76
587 178
39 585
587 280
83 361
439 366
39 726
607 341
587 897
111 741
39 374
910 119
726 933
910 474
887 350
439 497
662 270
726 540
119 873
67 766
474 113
662 21
39 84
873 666
125 41
483 329
573 403
67 416
718 688
208 821
439 720
303 140
374 398
208 717
756 476
666 811
587 845
222 345
143 697
720 893
855 418
897 878
222 138
607 679
350 510
897 800
178 566
83 2
329 707
607 317
800 246
113 827
111 63
800 37
2 589
474 488
341 355
720 135
246 723
483 864
697 692
662 901
585 117
564 32
84 407
32 123
741 304
165 818
668 196
679 109
341 282
317 748
818 441
111 934
178 238
418 683
587 162
741 639
881 228
441 530
718 774
933 773
901 794
270 322
441 681
774 392
12 429
39 465
341 5
818 930
361 27
117 364
317 368
368 859
774 283
488 502
530 424
208 302
5 307
41 389
930 611
848 538
773 359
611 764
123 555
881 782
683 288
502 522
416 30
766 11
762 829
288 404
21 461
934 644
322 262
67 667
800 815
465 809
697 200
302 614
815 727
766 310
893 291
178 499
361 183
416 336
368 691
404 563
21 609
41 900
829 311
84 847
691 449
117 419
361 880
555 337
222 929
538 669
587 455
614 144
829 519
109 451
727 496
808 687
123 141
416 664
41 354
518 430
364 922
37 560
304 916
162 753
165 313
280 757
808 225
28 700
366 301
341 414
881 698
361 575
354 485
900 482
143 154
930 334
288 534
135 906
366 268
644 264
827 8
283 531
345 34
697 15
140 371
639 599
282 380
225 202
607 590
916 344
345 875
84 158
893 886
154 48
727 642
723 318
757 671
350 844
555 305
158 635
350 643
642 333
262 595
461 209
609 763
587 909
162 481
697 433
808 553
757 638
303 621
223 276
2 484
669 908
270 914
414 6
34 330
144 876
909 104
280 388
662 124
418 843
688 447
700 327
21 428
727 634
666 320
573 51
811 422
429 153
407 729
441 4
639 281
916 463
609 814
897 793
123 391
183 654
634 436
377 498
474 438
141 381
893 347
51 785
336 129
8 684
934 537
268 837
135 755
371 456
635 539
764 31
692 552
635 805
329 858
337 372
621 936
540 719
323 885
621 475
48 640
691 236
929 342
143 40
916 362
886 670
388 938
560 61
262 584
362 74
404 71
456 432
482 515
143 450
885 101
337 478
364 870
165 819
222 150
31 400
522 122
762 80
380 247
137 172
613 733
639 233
322 13
906 97
930 217
766 292
794 606
847 128
461 822
336 846
388 159
654 877
897 760
671 66
818 637
334 582
449 167
930 817
475 194
61 752
560 467
829 749
66 526
531 581
811 591
764 68
283 578
303 888
305 464
264 321
873 19
864 134
32 22
481 440
268 623
135 716
27 675
888 709
498 116
727 360
531 343
238 45
726 562
760 452
428 925
575 556
334 594
589 406
183 151
720 883
643 161
845 324
343 220
262 776
814 558
719 567
726 331
5 453
864 20
606 211
150 889
71 52
859 693
859 460
585 735
264 849
870 192
785 863
897 600
281 911
22 592
167 657
877 659
578 797
680 550
451 207
698 349
793 932
657 426
406 271
429 653
140 521
4 75
301 903
594 437
329 169
526 770
143 724
585 941
333 615
349 747
932 43
207 856
859 789
922 820
573 425
856 861
5 625
391 871
6 186
496 761
433 133
8 363
800 525
510 628
886 127
122 382
680 145
150 402
668 286
873 44
717 781
301 732
150 95
4 645
282 631
621 801
749 804
727 459
763 82
388 53
28 512
372 442
4 221
861 633
363 285
331 626
200 852
820 546
793 126
749 791
590 261
530 203
165 312
307 353
808 860
870 69
113 189
499 775
667 824
271 339
74 939
329 882
304 779
875 351
402 89
794 715
137 647
372 287
37 132
134 742
910 401
162 597
724 108
555 674
846 673
311 610
724 346
680 627
567 431
111 23
749 272
165 651
560 100
815 245
770 617
34 926
687 547
903 120
621 523
843 937
720 173
530 102
827 486
880 494
135 328
95 652
558 296
764 899
881 854
317 251
782 255
419 397
138 923
742 894
789 792
756 528
39 70
885 267
889 778
886 146
873 427
600 395
718 612
829 297
844 660
683 190
669 598
808 689
523 79
123 175
355 786
89 533
117 235
137 702
528 160
111 274
546 88
301 105
900 112
416 907
459 828
145 254
425 508
330 536
76 580
623 315
820 514
894 24
683 250
19 56
639 891
587 596
847 59
363 9
197 940
119 632
455 768
497 896
70 309
440 767
400 379
684 373
313 199
5 7
125 241
598 469
546 866
914 701
329 672
5 62
753 445
134 294
12 26
885 107
238 816
41 230
753 248
692 527
483 823
592 258
283 682
930 65
897 867
264 685
230 206
345 548
837 415
6 106
639 365
245 601
24 545
333 253
748 869
153 569
392 730
134 266
778 842
347 201
563 446
344 532
361 739
821 780
318 383
786 411
626 42
309 234
653 348
112 690
688 835
207 244
366 708
309 434
292 641
639 841
716 696
436 412
442 136
51 904
361 769
692 784
724 444
167 788
523 561
854 722
419 579
671 868
303 257
312 927
809 568
499 198
652 810
124 92
333 356
856 1
296 787
264 507
447 375
348 543
671 738
346 928
39 630
791 812
368 3
7 259
567 384
809 33
24 443
640 147
391 367
123 795
512 38
876 529
334 663
43 204
596 290
350 420
106 91
653 121
908 417
529 357
928 149
692 495
732 35
752 279
585 232
876 421
201 500
217 174
321 636
307 182
311 177
724 898
38 850
427 509
320 64
105 352
660 874
630 188
937 750
632 838
763 915
344 806
244 118
666 586
172 468
382 340
780 358
849 622
496 142
691 832
495 242
324 551
294 490
259 473
271 649
23 895
670 505
464 187
880 376
878 10
708 570
756 480
217 479
445 472
377 884
827 240
377 746
452 409
108 458
431 487
522 862
823 471
475 226
911 565
700 572
436 325
823 218
481 807
154 740
560 205
697 130
859 506
322 629
79 501
26 275
127 574
297 511
172 394
407 157
174 833
337 405
228 771
875 686
325 783
639 435
360 295
203 477
117 284
8 60
726 212
641 326
92 711
730 665
682 90
382 840
153 604
555 619
135 448
683 29
290 913
334 164
498 166
160 593
720 110
223 237
70 714
663 457
612 588
509 713
459 231
363 98
766 890
222 731
546 94
411 920
402 93
896 703
186 721
228 462
667 872
717 677
208 156
380 299
453 798
847 544
721 423
768 214
324 583
693 390
402 737
268 96
613 661
636 73
5 772
610 227
392 754
544 306
785 454
779 332
636 699
32 577
766 712
507 386
124 504
375 879
286 180
906 857
500 139
13 170
367 917
296 99
663 338
390 725
769 493
481 759
464 181
908 658
29 148
640 289
250 557
150 25
880 115
898 335
511 219
622 743
88 57
835 905
133 892
285 179
367 300
837 16
598 72
52 58
596 602
333 931
734 410
282 408
594 656
294 399
932 168
13 524
525 744
500 369
261 249
876 86
246 491
675 777
766 542
574 269
154 736
472 298
926 728
437 466
500 758
508 694
318 265
807 393
207 239
119 616
321 293
567 470
504 260
473 921
94 314
591 256
833 678
65 851
429 163
272 831
141 520
68 935
188 648
494 650
166 517
448 114
173 103
782 704
873 603
657 252
100 224
756 655
870 171
464 802
823 308
444 705
637 489
282 620
341 751
68 535
855 516
445 18
523 541
415 826
335 803
899 836
105 839
664 918
303 618
3 184
158 695
595 273
818 195
45 710
642 78
700 49
4 155
898 85
613 216
20 790
478 503
868 81
936 191
767 378
395 46
122 210
39 865
792 229
889 624
480 765
284 559
593 571
269 176
489 387
331 834
353 54
510 14
696 50
102 513
79 608
495 745
266 396
317 185
138 77
908 549
775 646
163 263
132 193
644 825
375 278
658 706
448 853
45 370
686 605
306 277
783 47
855 830
553 413
44 87
920 215
762 676
699 919
40 152
481 576
737 813
145 131
166 36
202 924
266 316
294 385
380 492
722 243
824 554
444 796
307 799
217 55
28 17
441 319
733 213
