6375
1631 1802
1802 1045
1631 4381
1631 2886
4381 3409
2886 4771
4381 636
1045 6127
6127 608
1631 4786
4786 5830
608 2256
4771 3655
6127 1064
2886 551
1631 1574
1631 976
551 6110
2886 1037
1631 6108
1037 746
551 5062
4381 740
6110 1223
6127 150
5062 2635
551 5133
746 5021
5021 1420
5830 5196
551 501
1045 5513
1631 1090
3409 4083
1090 6256
5062 5834
6127 4182
5513 2662
4771 618
5133 3836
501 2515
1223 2911
2515 6362
2515 1389
608 2951
1389 1455
3655 5537
2515 1835
6110 37
2662 4058
5537 3885
2951 1059
2662 1751
6127 1402
4381 6145
6145 5130
3655 3845
740 6219
5130 2301
501 1524
1751 4550
1059 444
1059 2724
1455 3694
5021 1952
2911 2892
4381 4279
636 5791
1059 4333
5834 6210
5513 6012
976 4090
4090 5455
4058 390
2301 4977
5021 2850
444 5341
1402 3736
6110 3436
4090 4115
2301 2828
6256 3985
1802 3163
501 553
5341 5077
1420 4257
3436 3629
3694 3007
1751 3386
618 5371
2892 2100
976 4552
1037 3361
2951 3389
3007 446
4182 5140
4115 5647
5077 4218
2100 353
5130 5566
3361 4201
2886 1673
1059 4158
3736 2526
3736 6306
1524 793
3845 1080
2724 1468
5371 5930
4333 1803
1835 1584
6108 30
5021 4373
3386 2533
1389 2056
5830 3752
2886 4711
1673 2838
1389 4764
4333 5285
1064 827
6127 1394
1574 2006
3655 19
4158 640
5834 5890
5196 3654
746 1028
5455 2725
3163 1886
2256 260
6306 3760
2951 1349
5196 5849
6145 3939
3736 5595
5021 3481
3939 5131
6306 2983
3885 4980
4333 4471
4552 1982
1952 2772
5791 717
4058 1536
4201 5576
1673 3376
2256 6232
3436 791
4786 3512
3481 1908
4058 3373
608 4831
5021 858
3361 5970
1908 4663
2301 1599
3373 1790
3736 900
6012 4176
2724 1367
353 1746
551 4938
2850 2699
4711 2408
6108 2262
3985 5367
3985 298
1455 1067
1982 5874
3760 5038
2838 2781
1394 5927
5455 3853
3409 4141
3694 4640
3389 5842
4471 4304
2828 521
390 3884
501 6045
793 1778
3939 2181
353 3371
2408 2147
4373 4156
4158 1979
2781 2292
4550 5386
1389 1680
1599 1391
4831 1038
4550 881
2772 5046
2662 276
3939 5902
2408 3451
5341 5178
2772 3740
4938 1285
3389 2576
5131 5450
1090 2128
1223 3843
1536 2751
4083 4777
4373 6088
5130 2374
3985 4691
2301 3291
640 4061
4141 4564
3451 3331
150 3849
3939 423
1064 1076
1952 1737
4158 4853
5791 2542
2911 1794
5133 6169
5140 760
1536 2366
2724 3199
4304 4433
2838 5375
4257 4281
746 4598
1794 6249
3694 4284
2662 1752
3694 77
4564 4357
4663 4808
1367 4402
2526 2786
4598 4116
1524 2519
5450 3679
3436 3955
2519 1526
5902 5637
4279 797
4201 5929
3654 5739
4691 2083
1367 619
1886 5037
5595 2936
1389 5623
4471 2517
446 1265
3291 1174
2006 3305
2526 5116
1631 3357
5178 1027
3679 1766
2576 419
2662 2640
2366 196
4058 2463
4831 1351
1037 2453
4090 1241
4090 3130
4279 6199
3163 5631
4550 3388
4853 2440
2533 3214
1067 813
5739 4414
2463 937
881 4679
3305 568
551 3095
2781 22
4471 4370
3481 4359
618 3287
4771 4898
1241 4824
4381 374
5131 1058
30 450
4808 4923
5046 546
3740 892
5970 3595
4663 2644
4058 5948
1394 3440
640 4500
5038 6060
4061 515
1673 714
2440 3397
1766 4152
881 1235
3884 3826
5037 5488
3679 4307
4691 6066
1174 1421
5791 2294
5595 4827
3397 91
619 3457
1027 126
3595 1356
881 5266
5830 261
3291 6341
6088 1097
5037 435
4923 2506
1067 1630
6127 5025
4663 1457
3440 400
2781 296
1351 1808
5902 4120
3440 2780
2640 3703
6060 6177
353 6134
1067 4861
4831 53
150 5299
5116 604
1389 5394
3287 3689
619 133
5394 1075
4370 5442
1174 3103
1468 5440
5455 1564
2374 1378
3752 801
3397 4069
4284 5109
1766 3850
4284 1261
3689 5190
1526 243
261 3143
1802 3259
4853 5080
3199 5458
4370 2472
5131 149
91 4198
353 3225
937 1386
1468 6178
1808 5655
19 4137
6306 4244
3451 4027
3853 5875
640 2579
196 5991
546 6002
4182 4776
1038 3089
1630 4474
3163 1268
1886 1399
1457 5165
5080 4783
4923 5738
4279 5474
1680 584
4370 5982
1378 5824
5038 492
2828 2087
1737 5654
133 4737
5890 398
2440 1244
892 2831
5394 3954
3752 1014
4244 5397
4357 3414
6169 5238
4771 209
1014 2055
5970 176
450 4559
2640 2624
353 1222
4831 965
4333 6139
1351 5121
5375 4849
5021 5591
5948 6370
618 736
150 528
4120 1801
133 268
4550 5353
4333 627
4152 2400
5353 267
1391 96
1808 927
4831 4588
435 1289
2100 3005
2662 2926
3481 3027
5440 4215
5341 5850
1421 4581
4588 5010
2256 1033
717 2525
4414 5324
5474 5155
3512 3234
4433 5782
6108 1103
6139 4906
4304 299
528 2354
1457 6118
3736 2605
4027 4565
299 1453
4764 2105
3740 445
4201 5964
1778 1229
4471 5124
5964 2676
2831 2249
6210 3098
4141 4372
299 5604
619 5057
4776 1653
2006 5032
2256 1322
4307 5447
5970 3618
374 992
6134 2554
3397 3819
5037 3206
3005 6054
546 5044
5010 1624
1244 3672
4373 2690
1778 5328
5353 4654
2055 333
374 1151
1653 1672
827 5114
1455 5283
3760 455
5791 447
1244 5683
296 2666
1289 4869
1037 4485
3954 162
1803 3657
4281 4644
1067 1134
390 2967
1453 2764
4027 4231
1059 2487
1386 4342
3414 109
6177 11
4853 677
5791 4874
1653 5230
30 2160
1058 6129
109 816
398 589
4869 6318
4433 4822
3206 1281
2262 1858
5131 1570
589 477
551 5206
4152 4865
1803 5826
3027 2264
5324 5717
5190 5446
1222 221
4874 4417
2440 475
1399 4932
2519 3750
176 1796
992 1297
4342 3337
5450 893
1803 2834
445 831
717 1259
447 4560
2725 1654
3098 978
1261 5774
2640 5411
5021 3334
2662 345
4176 4631
4058 592
445 1342
1421 409
2087 4046
5875 5236
4158 2001
760 6307
5116 5349
4824 1528
3451 2028
1356 4949
3440 1852
791 1017
1090 952
446 3255
133 1559
1322 323
927 758
4373 4344
4654 2888
1090 3730
4776 4407
5130 516
4777 4327
1808 875
3657 2541
978 1370
3287 3045
5057 6192
3409 3660
4069 2899
3199 1541
4372 2907
419 5260
5044 4206
6169 3468
6129 1208
1453 4415
5739 3478
2487 4104
4644 5719
149 2254
176 5544
2515 5218
4307 5673
1599 766
2666 5916
3376 6206
2006 1178
1014 2527
1261 6171
3629 491
2400 3883
2262 5058
1222 3892
1223 1299
4373 327
4141 4665
5826 2402
5341 2979
5488 3347
1391 2225
260 4957
3654 3354
2292 84
4027 3915
5450 572
261 3609
5238 4425
1174 808
766 1152
3512 2935
221 2549
477 4743
1351 5703
4827 4887
3955 97
4417 2314
445 5031
5544 2033
2374 1430
4588 2347
746 3425
5155 2367
3436 1814
5196 3995
1802 465
4115 2082
640 3431
4560 2844
5930 3091
2225 3120
4417 5771
4887 4018
5397 2455
435 5787
2772 2894
5109 2110
1064 660
5842 251
176 2953
3853 868
5930 3330
2506 5221
3752 3380
1654 5249
4158 2612
2366 4246
2033 73
5970 1160
1468 4049
450 1811
2487 4527
1672 1913
3389 1714
2527 3638
3103 1350
6169 478
5080 4596
5353 5571
3845 5659
2301 3945
1152 2880
528 1466
4402 5304
5930 5984
149 4436
546 3765
2899 4038
3287 3312
1281 2206
6206 5891
3431 2804
5927 1726
1796 3799
3089 2745
2542 794
5196 6197
423 6237
4474 1930
2347 5546
5165 3489
353 5568
3373 1026
4090 6297
91 5720
2028 5648
2725 5164
2541 3369
4407 5267
2082 171
450 3008
5447 5562
2828 1725
4373 590
551 2929
791 2570
4861 982
5267 2942
965 5171
5140 3846
1725 4285
3883 3205
4215 3076
1599 1204
2764 2518
3689 1288
501 3720
1223 3839
4957 4294
97 670
4120 2502
3945 5508
2110 2344
3481 1214
5850 3838
1536 500
3357 718
1223 3782
2083 1463
1229 3508
2518 3556
5647 2045
1152 4840
4565 2312
1453 4730
3259 2443
30 3125
3125 2109
1064 2845
2006 5911
5930 4884
5341 1049
3386 1145
1389 4507
2979 2852
572 505
718 5298
636 1397
6177 3286
3386 3719
209 3019
1281 250
5058 4071
1564 4561
1297 6100
505 2964
1214 897
4049 906
196 161
2463 1849
927 1970
1803 6040
2006 1231
982 3250
1790 5288
2374 379
6197 1307
5298 3912
5349 3108
2254 2499
3007 1635
465 795
1160 2657
4865 4377
2804 2652
2455 4079
5647 5439
740 1213
4373 1472
791 3282
2487 5425
3985 573
831 537
4550 244
3371 2488
4046 15
3008 1158
2472 4468
906 4400
5109 4319
3007 2686
6341 1535
2292 119
2686 1334
3095 913
1430 5273
5891 3189
1026 4271
5044 2681
1307 2405
2083 621
3206 3525
2028 661
353 2603
2690 4674
1752 2993
801 83
5032 4178
3489 5957
4874 3707
1076 4387
4425 4746
3657 6342
6232 1471
4861 2628
3760 4812
827 2120
4182 3237
4231 5757
4581 307
2294 3039
1673 1117
5774 3961
4198 5142
1028 3834
5397 2740
3440 5074
4588 4925
3250 2393
6134 6266
5703 2914
6342 582
1151 2998
2828 5967
2087 729
400 2744
5771 462
4824 5414
5425 5264
5648 4418
2455 5293
6054 5059
2914 3273
4743 3084
6045 3342
1466 3488
250 2310
4215 1167
5171 5614
952 6222
592 5705
4372 3338
1751 1093
2603 6173
5930 2841
4957 3368
528 2604
5299 1655
5038 4495
1017 931
2367 6207
379 5707
4560 4675
2780 38
5133 5098
2083 5332
276 5642
3368 6295
2786 5817
2402 865
5046 4265
3368 1446
3334 4860
3376 67
53 4052
3357 3651
1351 715
4598 3300
196 4568
4257 4890
1093 2282
3672 351
2056 5345
568 4170
4061 6190
6139 876
3286 391
670 4406
5571 585
6342 1070
1351 1137
1349 3032
1849 1246
353 5396
978 4125
4500 3142
5614 5656
4400 121
3108 1820
608 1061
1737 859
5902 3715
4743 3722
2055 6101
1058 2433
2128 3496
897 2321
1045 3329
5114 223
4319 1799
5164 5265
1653 3382
4152 4318
2605 6316
3488 4533
5791 1052
6040 1932
5439 3410
2518 6174
4201 3635
573 2803
4663 3000
589 689
2347 1713
2517 840
2082 5899
323 2026
2844 662
5324 2178
3689 4481
1059 4817
3371 1154
6197 4708
6206 3253
4861 815
3736 3557
1090 3980
1453 4044
2487 6286
2657 2832
4923 5898
1430 2079
868 3858
3347 1533
604 5
4319 2800
2374 2987
5386 3998
2518 5174
1564 4422
447 1099
5121 1260
3760 1838
5121 1144
4372 946
3457 5847
5930 5457
5791 4438
5218 3470
946 3131
1167 1747
2967 6283
4925 2010
1281 369
3143 3814
1285 6034
4125 6080
3912 5253
1059 1079
1838 6290
1725 2478
1794 2389
1158 5680
2635 1944
1167 4586
1463 6185
2010 545
5659 4411
4058 3480
2079 5524
3826 5691
276 407
5847 5258
4372 910
6370 3811
298 1034
3451 3238
4598 6064
1259 4105
3481 5559
3489 3054
1713 141
477 1380
5631 1896
4853 5388
2294 1622
5929 679
5739 5393
831 2569
4381 420
2800 3038
6206 5504
121 5451
5037 4537
931 2608
2541 3543
5738 1252
4588 1897
5537 4715
4581 35
5544 5047
797 58
5109 5805
740 1401
2225 4863
718 3133
4568 1540
4831 2966
6316 2585
6190 2567
4120 2075
3961 4487
3480 2930
1174 5961
333 3938
501 1010
2911 2017
327 5969
3660 2166
3638 3561
1134 961
53 4618
4586 6301
1090 5908
4158 3183
619 6164
3892 784
3007 2921
4105 5564
3286 1581
477 5167
865 4782
5077 1644
4079 2068
4158 4594
446 1549
4861 301
5367 2507
604 2411
1970 207
6171 1597
3098 674
4586 3003
1394 2004
3819 5959
1322 4268
1858 5543
3672 5256
3846 1763
3142 614
965 4591
2831 1740
3143 2324
746 2220
4560 3507
1763 4426
1897 3077
5719 2938
2886 3118
5984 5752
6080 4857
1152 4025
3008 4030
4485 2005
5739 1728
2487 3071
6342 5668
3305 1102
3715 193
4415 2963
4178 5097
5488 5784
2686 330
546 4024
2075 6154
640 3390
3425 5081
6210 1123
1268 3432
4527 3978
2354 1001
1574 3318
6101 3180
760 6291
3380 4799
5591 3777
2120 6125
6256 644
5655 3162
4923 981
475 4734
4977 1419
4170 4087
6100 543
6197 525
296 3809
4665 1825
3722 6090
221 4747
4812 311
608 706
2914 3780
3329 3596
35 3658
3337 3888
2914 5807
3689 5797
1223 3714
910 769
3488 3529
1630 832
3954 1566
5474 3517
400 4774
3291 2093
736 770
6066 2593
5010 1162
1549 4692
4679 6309
1049 470
3045 3036
3658 4967
3255 4053
784 1447
6134 2276
4418 3349
2676 6248
492 4282
2408 2329
133 1454
2953 1710
2068 4173
5656 431
6248 5905
2612 566
6108 2086
1726 2623
4178 1888
5984 6229
5691 593
5288 5586
400 4738
5961 2685
3629 1567
910 2123
5109 1588
3389 3572
5458 1994
3180 4966
5984 1769
2045 4810
4018 2553
398 1098
2604 5468
1259 666
760 2340
323 1573
5190 4536
3836 5617
435 3121
1454 5873
4422 332
1059 5085
4980 2909
4438 5926
4265 4819
2553 616
1093 3806
1033 2879
5568 538
420 5379
5562 2535
4596 2661
161 2335
4810 2373
2526 6201
3826 1041
3629 347
3255 1974
2026 3062
1064 5829
84 6319
4561 3252
4692 3625
1158 5497
2570 2908
2354 1503
4304 2211
2608 598
3707 1543
5396 454
5617 6075
5097 5980
717 4256
1419 3405
298 4258
3076 3463
5926 3925
2724 2789
3103 5220
5805 2171
5447 595
4414 2052
2570 4850
3752 5202
2579 4951
2921 2036
5898 1990
3214 3852
4027 703
1342 751
3354 3401
5131 1940
2105 3086
868 4916
1378 4009
3814 5287
5206 3784
5967 1757
3740 977
2472 1565
2028 2144
2967 3626
2026 2941
5637 1013
3525 5535
2292 3429
4663 3479
3780 1824
4400 6331
5010 2494
3529 2111
4474 1114
3038 300
3089 2798
77 5232
5614 6009
2301 3067
5439 548
2850 3450
2612 5146
6185 3193
1790 1321
431 3416
3005 6374
455 1759
3337 5740
525 5452
1154 5215
3287 2119
2075 4354
5293 1593
1940 4277
4156 51
1631 2426
706 6300
1076 64
1565 3099
5190 3033
477 3075
5074 4534
6045 4460
1644 1617
4898 2861
2921 5975
150 5960
6171 3283
37 2695
1391 4476
5047 721
5705 6057
2966 5697
1265 4136
6306 2205
1229 5461
4977 5547
6297 5463
2347 2562
351 3112
126 939
5991 792
906 5843
2453 1239
2282 2836
982 1316
1378 245
3939 154
703 5699
4827 3891
5218 3569
3572 552
4594 2258
5614 3931
299 1854
6286 914
3019 2336
1932 4301
1994 4797
1097 5769
1321 5579
515 6304
4173 3682
5720 49
4079 5837
5916 2610
2610 3014
1759 6262
1297 4974
5253 2043
5463 286
2579 3299
3689 731
5468 1007
2373 3325
5273 4705
4105 1011
1316 71
795 5819
5463 5297
893 6240
58 3239
553 5012
543 2259
4586 4910
4411 826
2579 6051
2666 2586
6057 3031
4618 785
3214 639
797 496
4824 710
2804 664
2402 3124
4354 5172
5304 984
347 3951
3331 5968
1058 6098
369 2060
3075 829
829 821
4644 4131
5059 184
627 5049
2502 2239
2553 6269
311 3847
4282 1826
1013 315
3938 5933
4980 4539
4665 4741
2453 4584
3978 5896
1299 1586
4537 2897
2585 5017
121 4724
573 3381
791 5728
6054 2946
196 2806
5642 293
2526 2968
3912 4664
6154 6078
4665 2244
2494 6153
1824 1461
19 4219
4083 6089
3000 3742
2056 2923
6154 5362
3409 175
5604 5366
64 1445
859 1780
2259 481
731 2204
2160 199
2936 2616
4279 1861
1737 1193
3836 2457
5571 5311
6295 1139
3529 2791
3891 1112
1932 3403
5890 5154
2828 676
3682 3229
1654 1053
4152 3056
4951 1957
379 1250
2204 2709
3062 1911
4327 1148
6192 3908
5961 2787
4027 2777
721 4378
3382 4633
3237 4223
5691 6112
3036 3215
2686 4094
5535 1743
4115 1704
1622 2386
1162 1106
4596 5149
1888 399
2686 3611
5654 4111
6177 3550
1239 3519
2845 1164
2576 5755
1778 318
5349 3258
797 4477
2264 466
981 6373
2408 3981
5905 1387
4923 1748
2087 2793
2507 5796
4256 4914
4485 6109
6232 4147
2935 1497
4414 5507
1027 4248
2109 3128
3679 1695
3609 2192
91 69
5299 329
3382 3461
4411 4892
769 1668
3517 2410
1064 5481
3618 3774
3031 2508
6300 4028
5705 3881
913 3272
5017 6115
149 4314
592 4109
3163 6217
2553 3270
3342 4595
3722 6071
1026 3641
3626 4312
2929 854
2043 1226
710 1870
2623 3552
4539 3171
4747 3983
3331 1390
2685 5228
1160 4864
353 4019
268 2191
5507 3680
3000 5558
4764 463
4152 3534
5455 807
2068 4511
5508 3728
2772 3562
5961 335
1037 3697
1940 2277
2262 5657
4079 2771
2628 1569
2478 2715
1586 498
5975 4778
1573 6094
5899 5952
5559 467
676 2990
2993 3521
4764 3897
1052 1660
286 3844
2968 194
3330 5506
327 1663
6373 2151
5513 2371
2314 6124
5164 2882
84 1986
299 294
6269 3632
6240 2429
5980 1476
5837 3433
4550 4108
3760 2164
6066 5765
5114 6095
3657 654
2312 3217
6134 14
5458 6245
858 5400
1541 908
4178 198
5440 1417
2192 279
4178 1332
6229 1779
4977 3161
244 4801
1461 3575
3596 4113
5849 5134
3239 4821
6145 2434
2225 2816
1796 3842
4840 1525
1307 4891
2886 103
91 3394
1654 634
4827 2448
614 4836
2086 4207
3091 3807
5683 4209
6066 3904
831 2627
3143 5669
3032 4276
5655 2442
4370 1529
3632 4538
3381 6050
391 6017
3183 6350
6051 1890
3361 2641
1908 956
5807 4627
598 1649
2938 5658
1631 5107
327 5189
5899 3453
4219 1197
1826 1547
5849 5039
6153 80
4314 1413
2640 4054
5155 4512
53 1874
6192 4911
3229 1857
4715 5575
2515 82
2455 6111
1838 625
2105 2783
3826 3805
2405 1784
946 3053
5755 2839
1540 5954
589 3328
4565 4315
103 1677
2244 40
3130 4567
3679 3570
4477 1921
982 368
1417 1614
296 844
1747 5261
4853 433
5288 5444
2440 5762
298 5854
2517 3509
5571 4904
2914 5788
2506 348
1342 2680
1401 4902
5031 3185
1503 1665
1790 191
4049 2670
793 5795
3027 2272
4025 2840
3479 1798
5982 4872
345 129
35 1396
1259 5577
6269 6020
5265 1249
2087 2582
5637 3615
3925 2648
2276 4200
1152 5329
1897 3336
3130 5792
5202 1451
946 1721
196 6149
2160 3950
2541 1382
3108 3363
1908 3865
1940 5119
3995 4635
4567 3786
4136 4480
5537 4157
3053 3571
1524 4249
4125 764
3282 4491
5980 1022
5031 2491
4024 5910
2463 4180
5642 4368
3019 410
1297 2778
6060 1709
2443 4181
1041 2601
1564 5478
4046 3132
4406 3721
2834 5844
2979 6023
2028 629
5980 4802
4109 4839
4406 4754
2502 4509
590 4290
1672 2422
423 87
1799 5347
3730 4669
2676 559
4595 1651
1970 3608
2429 4168
1573 5226
2082 4833
1503 2611
5341 757
900 903
1673 1988
2191 343
2831 1198
1988 3155
662 3976
6174 3675
4664 2421
3238 3123
5478 5268
718 331
4265 2916
4301 2363
6064 5241
3806 5603
1451 5148
4044 6369
4869 4984
1041 5163
2921 1805
2892 1875
3517 6176
4433 4356
573 5122
2277 6322
398 648
4984 1493
5341 1817
3865 4389
5288 2757
5910 3078
826 1317
2433 5337
1098 5467
5769 4725
5202 1984
4966 2742
5905 5781
4312 66
3529 4273
2239 4636
2929 1727
2742 1703
5902 2423
1053 233
3389 3548
4474 2931
4738 6102
6300 5175
1617 2009
3951 960
4536 688
409 6074
910 4748
2533 4167
5085 472
1076 5569
3679 3072
261 4401
961 3605
3680 3796
5854 3264
1114 4007
3625 4424
2744 3702
826 2197
83 2691
2244 487
2850 2679
552 953
1103 3396
4046 2473
2256 4208
3839 2646
4198 1873
2798 123
1655 5523
4860 3399
4024 6062
4090 4456
625 730
1597 5845
3305 4736
1525 6220
6307 1658
4911 3097
3273 5123
5948 474
435 3854
3199 895
5337 4606
729 1432
4743 5089
1463 3018
3765 1407
927 2954
199 1712
4635 1781
6373 1035
1874 5160
1052 448
3075 2924
4468 3001
2861 6279
14 1950
826 3614
829 5886
3954 4934
2569 3825
5980 1701
3703 6136
4038 3662
2787 4233
5642 4097
2605 2265
4071 2669
5366 1242
621 1477
5902 1738
3143 79
2526 4780
4215 6234
956 6
2542 4332
903 362
5444 2073
1740 1171
1145 2558
1249 2703
807 6320
3489 3012
3225 2799
2558 3663
2786 4897
2336 945
2838 4765
1835 3693
5367 5563
1261 5245
3468 3102
5304 2903
2998 3781
5039 1347
3846 3493
1285 1906
171 3909
2570 1905
1289 3749
2831 4254
5817 812
1117 1187
3493 2342
5507 5634
243 3731
5146 580
5535 4540
2924 4445
1052 357
4715 6328
1677 4558
4802 6162
1798 5594
487 5346
1013 3535
2777 189
4218 594
5140 2432
6185 5356
1921 2490
335 1405
4425 1366
3618 3692
3836 667
2946 2091
2340 2140
1658 3754
5657 1578
454 457
4307 3152
2831 2561
2457 6311
3811 3009
3118 3245
584 234
3954 1792
3183 2925
4977 5409
2567 4227
431 9
5575 642
5575 6246
3722 3348
4406 2094
2094 5711
66 2820
5506 124
3654 3263
1402 5420
2804 4758
1994 2002
5728 371
3054 220
801 3107
3039 518
3305 1361
2840 2991
4898 5953
4817 3151
4500 1055
1076 1831
4633 542
4910 179
2110 3982
2783 912
1387 557
1055 2889
1397 4305
4861 737
1164 4847
1075 5925
251 3775
6304 1335
1748 146
450 2479
5220 93
618 72
6162 3942
1820 4473
409 1758
5890 3236
3780 2647
1394 2328
2411 2161
2033 5983
2191 4986
4736 5216
1803 4326
2641 883
3985 901
3142 5820
6220 2459
3985 1272
2791 5082
4560 2189
4986 2795
2916 979
1239 312
3596 1783
1543 787
3124 1756
209 921
1321 2587
2518 5234
6020 2041
462 2711
6050 4320
6311 725
477 1062
953 1469
5890 5219
5579 2230
4734 1283
3777 4060
3054 3266
6220 3670
4378 1113
4902 933
2703 565
3692 5284
6066 5003
3403 3917
3270 3565
3512 967
2249 4243
2916 5157
6125 752
2336 4467
4480 113
4636 5465
2140 3936
2725 5377
1721 177
4254 5768
1079 5618
2405 1596
3397 5679
840 4455
2507 4124
6311 2308
1796 396
4254 3551
3728 3267
1281 54
2968 4988
6316 891
1703 4653
2160 5259
3373 3317
5658 2237
3760 256
4653 1185
1908 395
4137 4629
5524 1632
515 3940
6153 1615
1174 1679
2628 3671
5711 1953
5961 2202
2262 2901
91 1539
4061 2600
1533 4682
4305 3616
4644 3855
1151 2978
73 652
5285 3624
5148 3209
5341 6015
2202 322
5784 3623
2009 834
4836 5827
87 1245
2605 3048
66 1278
5114 3137
2119 6224
4207 5997
1405 5136
5465 231
4911 2917
4233 5091
6153 5251
557 3877
5425 4945
2690 4600
660 4576
6229 919
5843 2377
323 2829
1349 6336
1378 713
3205 4992
2968 1019
1586 1291
5844 2512
4377 461
2347 617
5458 2629
6112 4999
176 4299
38 31
1079 1221
454 5151
4984 3203
5062 3779
1565 3856
1079 1604
721 4667
1317 116
1223 1791
2262 842
1014 5551
3162 195
3381 3929
2911 1003
4281 5490
1680 2815
3836 2802
4821 763
3185 2046
3255 936
1245 3916
585 1959
1791 5856
2549 5494
3855 2361
6176 2227
3077 2315
3657 4449
5328 5670
2816 4000
6246 5868
3509 3699
448 4419
1027 2531
3371 6024
6074 3647
3931 5428
1524 1881
1252 2112
463 3355
2324 3044
3039 4634
3478 1195
3381 3541
3825 4403
636 2982
1231 5800
2315 5582
176 355
1783 6375
6054 4102
51 1496
3409 727
1334 3827
2448 4818
5328 4962
3626 3924
2780 4795
3381 809
3282 4138
1911 1941
5740 574
3614 5900
1472 1314
5868 2486
2916 4968
4265 5583
3337 4217
1584 2492
5604 5760
3436 5484
5332 3374
1461 5751
189 1590
1139 2509
3618 4164
1075 3303
3318 1153
3095 3756
1857 1205
2408 2893
5234 132
5604 3261
1148 65
2402 5663
2308 5814
4231 2296
4456 3578
4945 1848
2479 4750
3998 3025
298 6182
6190 2578
2028 5580
2966 2521
1941 4683
4318 3378
5719 2238
3331 911
2803 3020
2111 5302
5167 3583
1451 1074
3388 5034
4445 5177
119 3549
3410 5033
3805 5985
3354 4239
3777 5633
979 3887
179 6113
6125 4978
2377 4972
1322 2209
1953 4035
2531 918
2408 986
5845 4409
5800 581
4381 723
5172 2590
2803 3170
1994 5436
80 2379
5484 1576
815 532
3765 5560
4180 3600
2109 5274
5580 5793
1624 2297
4679 42
1407 3136
2925 6147
234 3812
5547 4174
4978 2947
4401 2153
4025 4639
4951 2868
2661 12
5896 705
2507 76
1783 4064
4389 1287
477 1508
6113 2805
2793 2823
2771 894
5982 3803
3550 1233
409 2708
1152 5629
5788 5772
5768 1119
1053 4855
2374 1375
1668 6014
6320 5208
977 951
2488 5714
648 3645
76 1562
5122 1262
4370 866
1665 3465
4180 5936
5490 5514
4627 6363
4417 3513
1390 230
1038 134
3507 4976
5409 3181
5371 5878
1525 550
146 3243
2832 147
4537 2274
1349 3343
351 3743
5728 5950
3844 4374
1493 4335
3121 632
6024 4997
3799 4729
11 1479
2603 6069
6174 2584
5954 3956
5208 3643
3263 1483
3003 3024
64 3149
2459 6255
4049 1910
5631 5641
5189 5872
5663 264
900 6166
1114 4788
134 888
3005 4447
3429 1176
2486 3160
881 1771
5850 2837
3382 2849
3031 3204
1067 4723
5774 1511
2111 5321
2094 3717
1952 4557
1019 2796
6234 6313
3048 3114
792 2134
4934 2098
2662 1418
3376 1232
6224 5914
64 2275
1896 837
2264 1467
6090 3134
3107 5318
834 3029
1796 493
528 3966
3143 1147
6080 4917
4874 680
4115 3783
6166 693
3461 5240
4977 845
2899 5949
3571 283
2570 3667
1342 2234
6283 2822
883 3159
666 535
5267 1761
298 971
770 5522
5288 1965
1569 310
5219 4088
5911 1661
5098 2961
664 4652
1090 3761
574 5935
5 3824
2400 285
3229 3079
5124 48
2171 671
1349 822
3079 5214
4449 600
4799 4688
2123 1165
4167 402
2004 2247
5796 4462
5854 6218
1380 5846
294 4987
5576 1485
347 3666
353 5475
3663 5539
4200 1834
1185 4589
2151 4703
487 781
2554 3889
1781 1295
11 5912
3980 2475
3961 3545
6147 4851
2679 2716
590 2633
3120 5186
2629 5279
6304 5810
2457 4001
3136 5071
4976 1885
5950 4826
4898 3776
3151 1172
3799 2077
3519 779
3097 4699
1476 5209
3699 5295
5249 2232
1932 211
1905 5536
2234 2769
5740 2766
4776 2388
1566 275
6012 5598
5845 810
6199 5534
1541 2257
875 6036
2703 5988
2691 5120
4304 341
6373 3734
3858 1116
1511 4352
5970 1077
5371 5708
4377 5423
1727 3083
1003 6346
1849 2704
5089 1258
634 3599
2340 2133
6283 2173
1390 5390
4030 326
1386 2476
6139 2566
5791 4255
2344 3840
1984 5619
6362 6325
3045 5724
3136 5783
3782 1936
3215 1504
939 3642
5347 531
2009 2667
4750 5939
592 26
3840 1270
967 819
2265 3059
4568 588
3033 4096
4406 2933
6342 5592
1076 534
5467 2223
496 5252
4327 4756
5241 5662
1835 1973
3382 4264
5968 852
3736 2072
4158 1922
5458 5678
4438 2705
1672 3619
1249 2972
3008 3563
5085 1257
3143 2428
6219 1882
2191 3991
2315 5635
4462 2919
4636 2456
516 1517
6331 5269
2987 157
2227 1132
4480 878
5165 163
518 489
1289 3487
5547 5516
791 4095
2769 2138
6245 2568
1356 4448
5142 6104
1231 5572
5298 6348
4978 1730
4774 2279
5875 2654
3161 4575
5875 828
3102 118
5047 1126
4786 4867
4422 5915
4415 3636
4282 2303
831 4430
6201 993
837 5567
294 1939
1540 5040
5452 726
1401 3972
908 6170
2205 6011
3826 5650
5130 4731
4872 5811
1658 494
2410 1303
588 5860
1019 4562
5085 2293
2924 3146
1289 92
2652 1856
2026 2018
4891 4755
2223 1159
3608 2865
149 5194
2967 3002
5388 4620
4018 6310
760 4501
5868 2896
5957 3366
3054 6135
6306 755
5194 5306
2086 5087
2820 692
1826 94
3077 2343
6147 2976
5151 4398
6164 5129
1599 2994
2144 1096
396 3652
2517 1190
3615 3882
2041 3246
6301 3127
1825 2415
3854 6254
1936 5479
6062 3810
1536 1409
865 658
6192 3687
5930 3584
6182 4478
3742 1600
4007 4126
4244 269
6017 3735
1303 1459
329 6010
2553 686
2942 4803
2771 2678
3008 4929
3599 1827
4035 5750
3112 5624
918 4845
467 3427
5827 838
5347 2438
1342 934
5820 1742
3655 2759
2769 2810
5964 1929
5098 1200
4246 1179
1617 3554
2793 3674
854 366
2633 2351
721 5313
4564 1149
6162 2957
1990 4530
1119 1612
557 719
2608 4242
2086 3894
6110 2743
3513 5205
4795 5726
4849 3359
5 5823
5657 2867
5362 4442
5284 1958
15 1711
3038 2530
5637 5840
565 3962
1710 3628
472 4582
1222 1846
6088 197
736 2270
5080 6308
713 5862
2361 5666
4582 4955
4406 4757
5488 728
116 1489
2931 2337
3118 1568
2428 1872
1370 926
1950 4203
3478 5168
661 5072
233 6364
3478 4760
1897 1800
3270 1642
3405 1523
3662 2857
2549 3542
2094 404
1070 3531
2052 5466
1757 4671
5617 4710
4715 673
1874 5625
906 2260
4849 1105
4741 3116
4978 5092
4500 3822
5157 1304
4507 5460
5215 4286
3838 586
4938 305
595 1081
1748 3778
6170 2756
3908 3274
3799 5480
2844 5920
3765 3527
936 4187
787 2557
2901 2461
4491 3499
5666 4050
793 5517
2648 4139
550 1068
1743 4603
5367 2583
2373 2245
2740 3311
1496 556
3796 4907
2947 3745
3282 5775
6095 5147
1642 6039
445 899
4326 2412
2852 5128
4096 3501
5136 288
3881 3649
5134 4784
5209 3265
2206 4981
4561 3262
4997 5965
3845 1201
5098 5101
3525 1238
5782 6151
368 5272
4974 3228
5762 4056
1455 4909
1457 5276
1098 1619
3781 2064
5697 2152
1321 5207
4710 5384
1896 2858
5371 949
4028 2965
4167 4793
5097 5139
3887 5239
2611 2552
2549 6073
4403 804
4765 5143
1704 4649
3915 3459
5624 1972
6256 1431
5450 4599
6115 6277
671 4303
5232 1904
2865 709
2010 3704
5085 5336
752 4807
5823 1379
5762 5294
6036 3411
3347 2383
5172 800
2562 3182
899 3293
6011 2190
4318 5485
1549 1840
312 2862
2740 1754
15 749
5662 1309
5800 3406
5450 337
6139 4199
801 4952
5717 303
1714 3969
2751 3790
35 2080
3834 5848
3775 1404
1882 5166
3980 2163
2862 558
5236 4020
501 5360
2486 3601
1528 5108
3243 4706
4170 1072
3450 4720
5960 5169
4938 1893
2947 3800
51 3295
3810 6142
4654 2728
3048 1809
5209 6355
1944 1056
2227 973
1617 2674
3295 2912
636 5066
899 1156
2805 5413
2315 526
1503 388
5171 5700
5559 1329
5142 350
1347 1608
5267 4742
489 4234
1461 3233
2666 3177
894 4531
171 1424
4315 5612
4001 5322
3183 5319
927 3695
3329 3621
5516 3944
3730 2689
478 2719
4344 536
369 277
4038 1626
4147 424
3881 2495
2552 1110
2553 3466
3108 6033
2699 6097
3951 681
1245 5224
4125 3277
4138 3484
2535 4267
4987 4578
1013 6103
4491 3607
4485 1069
1375 4288
4737 1613
639 3454
6060 4338
1672 1999
3171 5511
1588 468
5167 4787
965 4935
4935 2555
1565 1516
4833 5798
1134 2910
4156 16
1803 3186
1910 4842
4771 1083
5547 324
5568 4970
2935 1211
5120 117
5074 4928
285 2425
899 2165
746 4732
3012 3759
3596 4876
3635 2973
644 2639
5891 5002
260 1770
5506 319
2128 2326
1526 1040
4898 975
1164 1589
3118 3559
3121 5437
3657 5150
1792 2922
792 3540
5912 169
5797 4321
4867 5942
4056 3990
5800 5056
3411 2403
2549 4499
1809 1460
5988 3510
5740 5660
1794 1491
4478 5941
1840 1376
4839 5365
5824 2913
5214 1705
1211 2760
3266 2723
2993 1341
2666 802
3682 5364
5151 342
5787 509
1112 363
5226 1572
5875 2357
5347 4135
621 4722
2202 3733
5873 2483
6322 4463
1052 1545
409 2145
2400 1708
4777 3914
4473 5387
3877 3770
3114 1177
5057 5355
3551 3475
1386 2218
559 1650
6277 1216
163 4086
3459 508
1612 3208
666 3313
1026 2226
6036 6059
4720 3764
854 2856
35 1985
3397 217
859 950
2931 3346
2868 2551
950 1236
2903 3392
632 2877
5128 3486
5805 2556
709 306
5463 5923
3925 135
4234 3727
307 615
3146 4626
6002 4193
3760 2243
301 4525
779 156
5580 1163
4415 3164
2507 4983
3799 4297
3654 192
4934 850
5724 2534
1467 544
4406 6196
2568 2000
4649 3222
1803 167
2569 180
6369 5532
2218 4792
5967 1286
878 4549
3509 799
3961 920
5304 2332
822 160
4389 5231
3790 2575
3632 2493
4552 5289
3810 3523
4876 773
1503 2039
3759 4922
2373 2088
844 3105
2828 266
5375 6072
4321 6131
2680 5441
2279 159
815 2658
2405 2846
797 907
6320 1384
5568 5244
5566 3768
1965 3211
2386 2194
3416 4143
2488 1046
5148 4226
3099 4434
5056 917
4691 1931
4200 6130
819 5373
1409 783
5680 2210
1242 4689
4288 6268
1973 2859
4929 2727
1093 2216
3300 857
450 4816
5393 1687
1160 4237
1244 5418
6102 3242
3008 1697
6149 3219
4174 2102
572 360
4869 2358
4249 1595
688 5799
3551 860
3489 4042
2795 4759
3205 6116
6039 5643
4373 3154
536 6189
2930 4805
2674 2154
4720 2905
3796 24
2488 5628
4786 5938
260 4623
5875 2452
4674 991
4626 6347
1746 4624
6336 6058
159 2439
2152 3090
1394 3147
4086 890
315 3859
141 4416
953 1934
4910 188
714 2609
2079 4571
3072 5009
3980 4809
5375 577
2951 5401
3619 282
1200 3528
4180 4517
4254 4702
5798 2214
1190 2229
1737 849
1701 5528
1535 4441
5436 2883
3745 1961
4422 5871
2408 1345
4387 1745
307 5831
4598 5651
1014 5395
4481 5399
3845 1458
2429 290
6207 4454
1672 1698
1668 4148
2073 4794
2933 3837
5268 2974
2587 4709
1725 4039
3273 4518
4418 2663
3293 4542
758 2537
5388 68
2086 3922
2197 2505
5793 148
4301 1284
5194 1844
2657 2458
3095 6029
5466 2497
53 700
4986 2021
6145 4235
409 6000
3904 4834
3889 2484
5705 3792
3682 851
324 4322
1471 5363
2810 4112
5950 5526
5942 415
4692 1128
1236 2023
3844 3622
4799 1669
6262 1621
4447 482
4649 690
634 2971
1064 3709
6145 3080
3084 1519
3846 1095
2225 517
3695 2266
1508 130
466 5561
4618 5250
2041 5735
2492 3218
1631 237
5221 4605
4812 5745
2567 6092
1404 2619
4359 4905
4027 1492
677 1175
2439 1891
2310 2309
2806 3060
159 817
4478 5778
4370 2376
1910 6175
2704 88
1599 4470
2627 1428
2163 1610
981 4362
4327 5518
1390 2139
2725 1452
1650 2887
4455 968
2473 1444
4018 5257
1824 6327
5740 5502
2018 246
2967 4714
1493 2564
2112 3049
419 4790
3991 2126
72 5173
3616 4292
4018 334
3218 6016
3143 3975
4653 2148
3493 5407
4633 5549
310 2103
1838 4188
5091 4259
2909 3345
5295 2902
3623 3271
2924 3301
5826 1310
5568 4057
5080 803
4720 3223
303 2819
5719 6260
5817 1277
3545 2807
72 4547
3329 21
4810 2261
162 5443
1252 5159
4305 2156
763 5417
721 1368
1740 2233
1672 1884
5875 3815
40 2318
3991 2241
1077 2129
6197 1605
1814 4051
2100 1724
3245 4541
3160 4103
2393 5541
419 5152
5089 570
180 5198
548 2061
4812 3634
2780 4048
3427 5887
5705 6296
3858 4385
2759 6159
3680 2960
3825 3462
556 50
509 564
6078 4895
1590 4718
5591 4353
4776 2940
4576 5963
5031 3748
1229 762
3024 6212
5933 4032
3715 2418
5166 6152
5423 1374
3225 3435
2276 972
2658 904
4203 4
250 1254
246 1438
666 1101
2491 5088
3386 3835
1072 3419
4417 2360
3001 6353
4284 3129
4759 2588
3856 2378
4664 5894
634 4291
4097 4099
3811 3502
1986 5222
6220 4614
3048 4590
5717 3141
404 2790
4359 181
4418 1344
21 843
4667 4680
4845 291
53 4642
4086 5946
2360 3630
4139 3960
3112 5709
266 4878
585 3065
4499 4859
1162 1671
960 4918
5388 958
6178 308
4267 4427
1496 4082
5508 861
5167 6038
2415 4432
4784 5552
2456 2722
6000 3547
5592 5816
5397 3996
4242 464
5650 4942
4125 4838
4258 4597
3291 583
5580 4585
4048 4075
3419 1411
1418 2235
1747 1296
2145 4770
5842 2114
4560 165
2438 1480
3369 754
730 3874
894 4503
6154 5727
5669 1282
3796 3841
5526 255
5502 5449
123 5836
2475 2988
4218 5491
6151 1184
3638 5644
1064 5924
1974 3446
3105 2387
585 3555
2790 4573
4732 1427
5969 5303
2585 5913
15 2671
878 1320
2153 4205
986 3739
1503 1592
1123 25
1834 3898
4997 5415
1982 3426
1958 4410
1158 2814
5150 5305
2165 340
3768 3532
4547 4751
5558 5754
3629 1774
4683 3994
3463 5692
457 1583
3128 6344
3743 4016
900 732
5634 4428
5968 1693
3635 6119
574 2174
5953 1992
1610 3047
725 2782
2832 4171
5792 3017
4824 4908
5752 4659
5654 1333
3731 2372
1817 4504
310 23
2452 5715
2389 3294
4171 3148
3674 2847
3513 4184
5221 6343
2751 1385
5699 4225
926 4328
4075 4293
3845 2985
2075 5855
937 309
5796 122
2276 1696
3411 4830
4436 5520
3950 1975
3651 5254
1112 4862
1612 4570
3271 4670
4235 2396
5960 3290
3029 2047
3484 6031
1116 1470
3053 273
5261 6099
3132 2320
5021 696
491 3593
2422 4317
3550 5051
3841 4360
1254 3544
1984 4350
4737 2353
5795 5076
3842 1256
801 5773
4326 4676
4233 2016
6024 5743
3822 922
2831 4856
2366 5664
3995 5722
2128 1684
3502 4274
686 1514
4541 486
3406 3281
4872 1943
4061 4395
4109 5940
4430 4569
3374 4607
1231 4014
6088 6181
5798 5350
5129 3710
5279 4958
1467 4546
2204 4129
1774 3022
866 3613
5173 3332
4914 1358
2357 1552
1552 3443
6031 2200
802 4505
283 5064
3782 2069
4783 2106
1374 4443
6151 2350
5081 3498
2926 2201
5399 3356
5679 5358
3679 905
3501 916
1621 2177
3233 3520
357 5385
1547 1683
791 4329
91 2040
3924 3197
842 155
6024 1561
4618 768
3938 2637
1471 853
5663 4252
6248 4269
3892 2352
2657 5404
4857 708
4874 5858
2126 6055
3611 1224
4540 2391
1208 4752
4633 2097
2627 1839
4456 2864
1569 5430
2558 5584
38 6121
4787 5808
6119 4142
1794 4404
3826 4154
4277 5352
837 6144
910 174
3454 620
6207 4637
3498 338
5908 3518
3095 1293
979 6086
5253 5495
124 835
4257 5296
1167 2712
4109 880
3062 1822
5148 1611
3218 3580
908 1700
1820 2775
2367 373
334 5277
3443 3420
420 4871
3291 3896
4315 5638
4248 3013
1858 5162
3499 6028
1022 1336
3728 4084
4344 2447
461 473
4025 2702
917 1020
2566 2012
5136 940
4344 6079
1432 6330
2841 4800
1126 1859
4702 2284
6254 1895
3164 5685
1838 738
907 2592
4433 6204
5516 5978
4542 219
5625 3284
4692 4900
4887 2721
1052 356
727 5127
4654 6191
5437 1294
3752 1609
444 4996
5293 120
2531 6081
3029 5307
4972 4073
6023 1773
2610 3113
5576 3469
1401 1537
4389 4469
4267 3963
3479 426
5983 5280
787 3539
3521 3190
2648 6252
1796 3732
2593 2113
2699 1903
551 414
2144 1652
5623 2362
1380 4959
4562 5144
6020 4144
5900 2615
5830 6203
5418 3965
2312 4298
3521 4658
2190 5427
4980 3015
4293 6137
3850 4196
4056 3627
958 2733
3936 2462
1167 704
1649 3688
1497 5627
2641 4832
5711 720
1885 4045
5751 4159
4856 4364
4338 2013
4867 5024
881 4376
4834 5320
1725 1488
163 5570
3161 3829
312 224
4304 4210
3197 1348
5463 316
5642 5515
6185 3421
3161 716
3468 5606
4218 456
538 3292
5089 4779
585 5609
6088 2630
6031 3711
3451 1789
11 970
5345 242
3294 317
2262 5590
1144 2199
1922 1301
2889 2538
5551 6258
4079 722
1751 6003
3570 495
4869 777
1696 3738
538 4498
961 3900
3924 1403
4819 6230
4731 3967
5302 57
1708 3111
2965 3383
2627 3585
3636 2504
1811 5424
4032 6335
4827 3176
1728 2572
192 2375
3520 4241
595 6226
1074 1946
2206 2543
4778 5498
1683 2731
1174 2675
1886 6233
3728 3087
1458 183
2775 3516
4455 4946
6121 1722
5708 519
4389 3138
5446 4544
1904 3384
3233 989
6328 4993
4562 3934
5259 5333
5032 5801
4729 104
2487 3198
1320 278
4942 3168
410 5602
4126 1819
1361 1787
3152 5686
1452 5271
2421 172
2908 1795
4042 5527
1604 1182
5226 2248
3805 694
5644 5706
6375 4085
1852 2228
2517 5613
4905 5626
4108 3873
3180 3558
844 2571
1936 488
6217 6358
4565 3285
2858 5392
65 818
37 587
2685 2835
3660 5901
3214 591
2669 3870
1910 2855
2028 5881
4755 1082
6153 4796
2173 3862
1922 4641
1644 4089
2358 4238
4241 560
2933 6068
2181 289
3154 5620
1476 4828
3199 111
1205 5557
1132 607
1397 2302
6110 1085
2867 1057
3479 1360
4378 1170
3049 3530
4831 5334
5517 2811
461 4592
2883 4961
2428 1866
4618 2066
1158 5951
4094 2598
2897 2319
1222 5141
5513 4421
4816 1434
5894 6018
1565 6052
5415 4117
2894 4466
2004 5730
5703 4493
5951 5402
977 3553
918 1443
1489 4915
883 3677
1903 836
4623 5794
508 4775
4505 4240
1811 3992
2877 401
2923 166
6102 5897
278 5422
3286 5095
2177 1089
1102 4444
4249 2076
1285 1776
1046 1400
5400 1292
2018 2176
2239 4619
2440 5111
5846 994
5076 4697
3347 2024
842 4553
2066 2331
4237 3070
5393 869
2336 4943
5232 5138
1292 5421
751 6106
4362 3093
6375 41
4857 6292
3827 1481
3124 1645
2479 4486
2211 601
5440 321
910 1636
2921 3235
4088 2997
2056 2853
3835 63
3555 4858
3523 3767
487 2070
857 5693
500 3280
3062 3058
3731 1338
4755 4367
4876 2469
1397 4662
3177 5833
2106 4684
6116 1243
3411 5005
1710 4145
4090 1363
1990 3034
4590 3010
3142 4841
5329 2726
5002 1487
4372 2146
2726 136
6204 5471
2012 131
5474 4899
2422 3412
2043 772
3236 4989
4624 5803
617 5759
4592 6288
155 1978
5138 4650
3233 1359
2675 2565
5002 4003
5908 2754
4796 2934
652 5069
4584 5343
2229 5531
4736 3533
3556 1442
751 6264
1769 4130
2633 5667
5234 3857
2919 4494
3812 241
829 4873
3209 1558
5265 2385
311 5853
5252 6361
2036 18
5236 1560
2846 2945
5591 2053
4633 143
6320 2969
4416 485
5655 173
4264 902
1873 1437
6015 1563
5422 5601
5552 964
1800 3664
156 2150
3287 3659
6060 3988
1097 4815
1743 1166
4600 3309
5228 987
2235 3398
6330 2417
5038 4982
755 1876
5363 1135
1402 2253
23 3178
4061 2085
6115 4593
2475 6312
30 1207
1950 2095
303 2876
3235 4920
1375 6070
4536 4924
572 932
4312 4036
4952 5589
2335 253
3682 712
5003 5026
4203 5542
5651 4330
2509 1634
2052 5573
2790 1587
2165 110
5953 2848
4138 701
4387 5348
6147 1638
1481 3597
3283 646
950 3603
3002 1450
1049 380
1413 2384
979 2734
2615 2090
3203 3500
5849 5956
4832 5308
3053 4621
1825 3179
4415 1923
3293 4712
317 3794
3397 3633
1134 1331
5791 1691
465 5094
1211 187
3015 4954
4352 2481
3717 569
4847 5342
233 5859
908 3069
5941 4686
2140 4519
2783 1868
6164 2989
1589 2717
1504 3804
143 3959
3945 1325
495 2650
5428 2606
2006 4870
22 1828
4294 1300
1154 6035
5709 4933
3103 1607
3012 4222
2947 3247
6145 3327
5214 469
4233 1018
4207 6208
3596 314
4307 1804
3105 3166
5222 6259
760 1271
2012 4844
3710 3464
4075 657
5154 4026
3493 2051
4381 4306
83 2797
4471 3568
2942 1646
285 4868
3603 2520
1827 1298
5172 734
3138 81
3462 3191
2351 1557
423 313
5174 2468
4718 3970
5576 4646
5399 2779
2530 4921
4471 4524
141 436
1011 4971
4415 5073
5855 5195
1001 1755
751 3676
4350 3724
2530 5004
3152 5698
419 1218
956 1843
1457 5410
5295 6251
1635 1815
4620 5242
2520 3030
5935 2597
4493 56
5038 5962
6151 1456
4641 4508
1613 5193
468 6019
111 5054
3087 2236
1418 6157
465 5445
858 1963
1252 5835
3715 1807
4682 2653
180 5489
5740 2413
4455 1180
4570 4630
5627 2688
989 5777
2072 5023
53 4660
3882 5426
1281 1845
2909 4913
3146 3495
4519 3592
525 4062
5097 2169
797 4894
5618 1440
3136 1898
926 877
3550 1186
3283 2885
3550 1598
5891 3302
967 4420
5401 811
11 1047
3520 3869
4954 1602
388 576
19 2986
2452 5947
3181 4577
6079 3430
169 5530
4509 1900
5768 2651
6240 106
2100 4522
5902 4768
716 1618
3468 2634
3761 5061
2114 2271
5700 5378
646 3646
3531 4814
1223 1343
500 4250
1402 1520
2270 6247
5392 887
807 2401
3399 3172
3280 4811
3775 6321
2109 1648
2505 2117
134 5821
1033 3370
5461 1694
813 3306
4863 5731
2715 3878
3328 1889
6092 1733
3827 287
3252 3984
5759 484
4816 4396
4226 4251
2829 1138
5373 6280
809 2449
3123 5070
5056 284
1769 1577
5760 1308
5122 4882
4588 2672
3960 4005
3087 2466
5968 6063
6369 4337
6246 6047
861 265
1564 756
6060 4903
3874 1354
1835 3395
4058 5764
5466 5695
5777 2219
2402 5934
5840 1718
2336 1478
4082 3444
3429 3911
4342 1871
5528 1191
3938 4363
1246 6273
6364 20
1172 855
5764 5867
617 2392
4815 430
6144 4437
2727 4446
1611 3240
327 5550
5590 3589
1176 841
2530 2870
4111 4656
4126 4727
2006 4678
2726 2168
4200 6123
298 3901
3030 4382
4592 3375
3262 1436
5460 78
146 611
3652 1879
315 397
1748 1462
1479 520
4525 5432
4589 2399
2279 1732
4233 1571
498 1643
1634 4496
5840 5529
4209 759
5860 4638
2616 5992
1466 5191
1245 2313
2012 1199
3607 236
3811 3100
2603 5477
4683 2884
2375 5671
3635 2730
2839 4885
1218 6293
2601 263
3732 3269
423 2345
6363 5126
2448 3612
4258 2207
3578 2869
5143 3576
5654 3035
4765 6216
2942 3212
2396 1518
6040 743
891 5483
1070 201
3695 3364
740 1312
6034 3460
2676 3268
4748 2898
2569 4647
1535 5113
5642 2179
2134 2346
4314 2242
900 5687
802 304
569 3989
4731 6004
6201 4763
3313 4739
5109 4211
1354 4197
1929 4006
5583 5045
380 271
2396 3422
3345 2327
904 3307
5850 3326
436 1124
143 3935
850 4998
2120 4339
4684 6225
4113 5243
291 3442
6313 4632
1258 4261
5356 2660
4544 3367
293 5041
3692 3928
4590 2975
3159 1887
5618 2871
5430 1964
593 947
5791 4015
5982 790
335 4944
1026 3653
5765 1949
2917 4391
423 3700
3720 5237
4248 3260
3743 4643
528 5200
4404 2471
4865 4694
3988 5096
6374 1551
660 2065
3250 3196
5536 5932
1953 1702
834 5376
2993 5309
1540 2121
2272 6065
1175 643
1419 5354
264 571
1794 4927
436 4888
1673 252
2783 1786
3970 4151
2179 3485
3584 2937
4968 6193
2894 4263
470 5125
4547 476
5926 2464
5390 5883
1020 6027
716 3820
3281 2706
2781 896
5420 4110
5477 297
2117 824
5528 2958
5059 4101
1607 1836
773 6284
519 2359
5392 4128
2134 5790
1617 153
5890 1869
3647 4247
4977 4021
2987 460
4914 1502
2663 4610
1561 4287
3015 6156
534 4580
4110 4155
3121 202
2320 5434
2039 3188
143 2768
2804 5652
615 5718
5641 3393
3236 3316
5155 6356
3530 3872
2609 5408
2232 6213
1090 1383
3462 4622
1260 2003
769 5106
5 429
4064 6315
1389 711
4470 5104
5946 2369
5017 4272
5685 882
1704 5185
3714 2813
1270 1768
5860 5398
5620 2904
3143 5225
2892 3979
2706 997
4676 3864
2392 6105
3236 1739
6147 4700
6024 847
4496 2127
4697 5607
4828 3637
6192 5235
1572 2032
2201 2477
391 5183
4517 2809
2378 3526
5240 2749
5920 1120
5855 1464
3263 1311
1834 2952
2783 4556
4272 4513
1930 1196
4419 1441
732 5170
1593 2595
3525 4761
2312 990
4710 3656
2974 2122
4466 5275
4847 4022
3614 839
1052 4310
3014 3379
715 1676
5541 2621
2822 61
642 4077
2075 3737
4913 2737
4182 2062
106 4379
2026 1867
5667 2267
2886 2348
6028 2895
4752 3135
588 3913
1081 2501
4205 3408
1101 1066
2768 6360
804 107
464 6168
318 1372
2706 1877
994 1823
298 4687
207 125
1697 479
4669 5756
5613 3927
5878 5770
3756 2980
4700 358
244 663
1483 3902
1361 4514
236 6261
3956 5630
5582 4068
4610 2830
3259 5315
816 3298
3334 99
5980 5310
5299 2632
1300 1192
1578 5505
3177 5100
4537 798
4321 6289
4793 4091
1583 3602
5592 2137
2075 5050
2373 1534
5735 3867
601 3387
681 4883
3908 1749
1663 2436
3840 3537
3778 4280
334 449
2688 3522
640 3037
4783 2631
6123 2416
4505 3763
1584 458
3440 4464
4048 5776
1638 3117
4888 4681
2061 3467
3136 3696
3578 4535
5269 1024
841 5099
4344 1865
1208 778
3689 1912
5829 4358
4263 613
2886 2513
1112 2655
298 830
1698 5086
2901 5519
2585 2118
1134 200
2590 3524
1163 441
374 5863
5012 672
148 2890
1338 6184
4184 4393
5113 3200
1528 4166
1386 3244
3914 2762
2782 1157
1271 775
5939 3758
5637 1087
1827 5470
1573 2755
3704 1406
3763 5015
4332 1935
5265 3050
3285 4939
5288 2729
5057 1998
3053 3818
1658 1150
5801 3413
3258 707
441 2273
5415 6299
5827 2431
4291 786
5738 3669
1356 5416
2938 5716
3693 6263
3623 3122
5514 1369
790 270
2076 2446
324 3288
1791 522
266 5804
2326 483
926 5212
6176 2451
1602 1031
487 2074
5140 5597
1452 5747
6023 6195
2087 3712
4864 923
4750 3581
3488 3046
743 5068
5046 2187
2145 375
5531 2874
2778 5132
131 1346
5687 5585
2699 281
3944 767
1994 1194
5271 5753
2314 5370
1856 44
642 6077
3270 3880
2267 5574
4640 2739
2990 3064
1441 3344
5120 765
4599 5838
5149 3701
4784 506
2233 2035
3281 2638
2551 2333
978 2029
5788 2311
5366 4879
827 5766
4710 3106
5959 3323
2905 2503
5191 6368
2631 1234
2912 1353
4857 178
569 5998
4540 1667
3024 1355
3630 4889
5058 5314
4522 2042
3636 6345
184 3256
2768 4657
5490 6165
5268 1719
6108 3483
5420 1104
5413 747
1746 1976
548 3324
4646 4685
4831 3788
441 3085
3542 3230
3486 5828
705 5013
5342 996
1380 3504
1643 3304
2106 5019
1177 6043
5810 3587
1973 3011
5259 1945
397 3851
4581 1044
2191 1327
5686 1215
2579 3254
4249 5565
2823 1328
1792 5412
3558 5042
841 2707
4353 3339
1848 249
3261 4804
3386 4930
5819 2713
2236 3973
4786 2437
1158 1473
303 863
1277 1161
4831 105
3120 4161
2965 4031
2595 2307
4105 4179
6024 438
6077 4843
2831 272
1893 3297
118 1422
1854 2289
552 5732
2241 4278
2541 750
340 5503
764 1088
1477 5433
5954 1785
2960 4820
1696 1414
786 4936
2717 6281
5953 1937
4803 4059
1028 943
767 1760
2603 5060
1300 6272
5379 1681
1780 4482
1489 2038
4524 3119
4647 2394
3869 365
1126 47
4779 2788
5502 5737
5534 1603
1537 4583
5308 1505
1186 2355
2093 3088
1258 2626
174 6241
5727 6133
2197 789
2595 1248
1268 4118
2399 218
4006 4791
4315 867
3164 3802
2689 645
3528 5944
1187 2368
3955 1947
1857 3708
590 4919
5418 2767
314 2694
4865 682
1990 4316
3621 2620
4627 647
5985 1319
5708 2547
1875 4351
1370 957
3366 5300
2519 1130
3188 2618
5151 205
268 5330
5154 6267
1643 2288
4902 5118
545 5317
149 1956
4234 5966
1834 3210
2374 74
1186 437
1385 3150
756 930
3170 5596
4337 3055
2074 5917
438 5117
6051 2602
3646 3353
701 5610
5953 5712
701 2746
1174 5736
4498 2928
5222 2696
4731 3716
2797 2454
4438 641
5526 3057
141 5696
4938 1862
1725 2370
3305 4253
2069 239
5579 5456
3532 4172
4657 4191
25 2949
1343 3808
701 980
5319 3407
728 2300
6071 1275
1884 3400
4670 2710
6159 6271
3013 1777
1672 4719
5911 6126
1419 653
1679 5761
1712 6187
2790 5866
6092 4399
58 4220
396 1851
2332 3477
3935 6067
4207 691
5576 597
1727 1699
4280 1924
1679 4169
553 4965
3585 2480
654 1412
4971 393
4871 2124
5670 5192
793 2559
49 3275
4477 4216
3005 2817
975 377
3951 6371
291 3977
3440 6032
4530 3831
4671 1324
201 3755
2097 6352
4869 6138
3537 2843
5044 524
5594 1850
1701 3678
3100 2995
4670 2101
4508 2589
4682 6365
5513 5052
5163 3747
3600 4740
5288 1656
4867 3350
6225 4439
5021 3066
2629 376
3618 685
2477 3665
5293 6140
3343 4033
441 602
5617 2833
4993 1209
4588 4555
726 3823
4193 5270
762 1364
2861 5316
5629 624
2608 856
2676 2992
1342 384
3752 2398
2151 4608
4898 4941
371 2785
3765 5383
6289 2594
4917 889
4141 2693
3215 5053
5791 2932
6212 240
4035 6332
1931 4392
3784 2577
5439 4394
5488 5907
4907 6275
4674 702
1093 2649
2327 13
1826 4602
3857 3447
3106 1129
3161 2107
1516 3241
335 3668
2650 5115
3965 4106
5295 6188
1569 1917
5287 2738
6127 2851
2300 2498
4104 4960
3836 6274
838 5525
1984 5282
3697 561
1702 4133
1702 5639
3776 5895
4430 5036
1791 6026
4256 352
38 5974
5712 5918
72 983
1375 3220
184 3402
4681 4236
4685 5733
50 1202
5395 1601
5718 108
5577 2078
4729 2548
3450 168
4466 4134
119 5578
3429 1927
3191 459
2223 1585
5883 6235
2226 1878
3035 3590
5305 4423
6345 5839
3510 2170
6248 4331
180 2842
4621 3591
2429 3144
3000 2827
268 3567
2986 3476
2392 5903
646 928
5100 5368
506 637
6136 3907
3431 4655
4737 5869
2164 3320
5522 434
24 3377
693 3004
760 2981
2274 5682
1518 36
4653 2684
850 5492
177 2132
2571 5694
2366 4431
4209 1675
3426 6298
2150 1960
167 2474
2675 5084
1903 257
1402 3296
5167 2573
3464 3848
1321 4334
1603 5325
919 5201
5164 4528
2671 3041
839 5779
3633 443
1156 3195
3078 649
3847 4452
2810 4183
1694 4937
3364 6357
4463 408
6252 212
5915 128
5526 1753
5021 5632
3730 1907
3484 5758
1153 3216
3189 724
4370 2213
5916 2735
4102 4728
5965 683
1730 5327
1990 3472
1257 2020
4183 2645
5666 503
5169 186
2201 5661
5527 4964
1859 6076
2775 3068
4863 5359
298 2285
5317 4492
3929 2407
5273 6253
4090 6160
4500 1620
4381 4645
3324 6114
1052 1439
4108 2529
4437 4098
4319 3437
653 2607
456 5312
1859 2330
1605 3785
2225 1143
4714 3187
4618 1264
2314 5065
4164 1716
1599 6143
6247 1969
6224 1996
987 70
1370 206
4889 2596
2690 4100
3814 5035
2177 5043
1192 4875
4396 4384
5772 606
3409 1707
6071 1219
688 2240
5664 4707
536 3606
5375 39
288 2291
3877 2034
5662 2736
542 3456
3195 2920
5916 848
244 5990
1090 2341
4166 1426
2597 1004
4167 4289
5920 2104
4793 1914
4621 2792
212 3352
5933 416
1839 1183
4439 439
1644 5110
4871 262
1170 502
6081 3987
5035 3751
4377 5587
3603 2025
443 3876
2321 52
2376 4785
5127 4726
6138 4146
2457 1092
419 2252
5495 5870
1769 4661
4997 2860
5383 1025
2814 4004
6290 2854
2735 1251
4724 5380
5056 5646
3992 5611
1284 4313
233 1395
357 115
3545 2299
1870 6025
491 2397
2202 6326
4316 6333
5534 4574
1525 3016
5034 4295
2684 1806
3331 4854
2062 935
2501 328
2689 4189
2152 3289
4115 5608
2804 2295
3717 5802
3664 1269
5623 1628
4524 5729
4659 3207
3641 5545
6288 1977
2690 999
3260 6359
5481 6179
4144 4122
5084 4029
2717 5893
790 687
2218 3173
5679 5247
1972 1279
2674 3455
2210 1490
1852 6334
6230 3574
3093 4716
5479 3933
1562 4165
3995 3333
1776 2687
3897 140
166 4023
4619 4994
2276 5048
5537 1550
4859 1899
2605 3511
4722 6351
5172 1433
2980 6303
5308 3949
4193 60
3994 4769
6267 2149
2104 5210
5288 1510
4434 4529
3590 5459
1881 4343
5387 1255
5736 5996
916 2269
4303 2280
3379 3594
1378 527
1348 1115
2001 1210
4929 6083
5570 6082
4026 2794
3187 367
2828 6186
2010 5852
4819 5540
2387 6056
5036 5943
2715 1392
2531 190
2010 1966
3238 1919
3847 2007
4363 4484
4905 2409
4060 1111
2451 3639
3343 1951
770 1306
5923 5486
2355 5323
1737 4613
2086 3074
1651 4043
5559 1688
627 6338
2777 1036
5287 1486
2332 814
634 4266
524 655
1541 1005
4357 2063
3205 2524
2645 238
2856 3691
5390 5882
798 4034
3083 1690
914 656
847 2511
3255 5255
4351 3723
2051 1853
5347 6287
853 6214
4780 3073
5962 6337
430 5187
2645 4435
812 1136
2133 3514
2000 5493
5852 6257
4909 3115
4007 4604
1753 1029
4590 1131
3765 4701
3544 554
5934 788
4376 2290
2112 1393
1778 2212
3135 3564
5390 1122
5495 4798
5005 4926
1722 1833
4574 6158
3670 1290
2586 871
4796 1155
1420 3494
5799 214
2667 599
4864 872
752 5018
4014 5622
4191 5721
6108 4212
91 2622
4639 5723
2021 4459
3382 2339
2447 2574
3044 2184
2730 1579
2751 3385
5425 364
2122 4040
289 254
2480 3391
4534 1313
6149 1008
3332 3449
5442 2999
2894 1968
1397 5022
4712 3640
5413 5977
3328 6048
2672 5339
1665 1521
4653 4837
1126 948
184 1816
4430 394
3197 4283
4966 3866
3990 603
4316 1094
5578 4245
5270 3439
5095 3251
2588 5055
4216 222
2672 4127
5192 6282
677 4896
713 6317
4691 1305
316 1920
5912 5028
2630 4852
595 6202
2327 2380
1787 1023
5772 3753
1820 2460
705 959
3608 4072
1870 2701
5171 733
2678 4969
6076 5921
2095 2668
6139 1121
409 1591
5883 5713
3561 6148
19 2316
2618 1073
5540 2614
6280 4429
1878 4194
3569 3428
290 5281
1356 1971
5043 5555
852 3319
3391 5500
5846 3910
1452 3042
5629 5213
3044 3021
103 4107
5018 5102
2819 29
2328 2092
2123 228
2503 4063
4003 1362
4239 4153
4227 885
2101 5180
2035 3110
3517 3890
4775 4502
5590 4521
3083 4275
1906 2467
3822 1685
5917 5971
5322 4162
4097 2185
78 1706
189 2580
5827 2155
4621 2186
2734 5851
2035 1750
5957 1091
5894 2528
1907 2286
4970 349
4659 6163
717 3224
2258 2011
3150 4545
3291 4483
2631 5487
3027 2720
2088 735
2328 3404
4423 274
318 1323
3406 2008
3188 6329
2626 2167
68 2215
3581 4753
1994 4554
2693 2322
2434 2450
3072 1365
5913 2263
705 2959
5390 2977
2277 2581
4577 5884
5172 389
4726 5742
6035 4228
990 2444
5950 1060
3366 2563
1740 417
5712 6042
1049 2217
1590 3092
3050 3482
506 6366
1022 886
3812 425
3511 4345
2630 2054
6187 6085
79 6037
5612 3684
1289 3932
1824 1544
1898 2970
4573 626
5485 1625
2422 2203
4966 2158
2123 2465
255 1962
585 3515
5272 6107
5627 2048
2734 1337
5949 385
1570 4506
2864 3358
1096 635
2676 5301
469 4515
4239 1546
2772 659
3121 1071
395 5382
2122 3946
5354 5335
3072 33
808 2027
115 4733
2855 3140
3002 1494
4663 4488
3451 511
5895 3445
5941 1926
1114 3937
4632 5672
3740 3175
2594 3787
1195 5389
3288 5453
3397 6120
5295 5381
4514 6167
1992 1775
5034 5987
3337 3104
5848 5812
6114 4625
1417 1575
4593 381
860 2427
1679 5103
2731 699
5068 3101
3280 3434
2168 5090
2755 5744
1456 5006
4748 440
5332 5406
5301 5204
2440 1594
3959 4213
1598 2939
4212 5999
433 2022
5870 1983
4743 3772
894 4973
4456 4397
1353 1842
603 5675
3411 1657
317 1425
2555 6265
207 955
5090 1942
2629 3582
1850 4229
4373 2664
1760 6221
857 4012
4188 4704
4459 3997
1910 5145
3733 4080
2379 4990
2797 523
4377 744
26 6209
1856 1247
2924 412
5025 6150
889 4672
3825 4002
4740 782
1546 2514
1867 5861
4471 2157
1430 753
5814 112
1600 4953
4029 102
4639 2812
5770 1682
2913 2776
6373 995
5601 4221
2326 1326
1307 5889
3477 540
2041 2196
3303 2643
3432 4340
2699 3503
6077 95
949 2058
3457 4013
2932 4388
5277 4132
1382 5725
4525 4076
5698 862
1365 3184
5963 5885
732 5286
2766 1772
4050 4744
2487 4190
1492 1915
4906 4408
3430 5857
3641 3505
5775 5640
1493 6091
2911 7
2447 942
5769 2765
4652 1670
508 1012
4652 4296
6000 780
5321 5246
5503 678
5633 5701
6000 5533
5300 2381
693 1381
4139 4617
4217 2037
981 2900
2266 1863
487 2445
4342 5438
3053 5681
1343 5499
3176 5093
5458 6227
4710 1989
5590 512
1289 3257
2534 3351
6156 2984
4620 5469
2417 3683
5527 3868
1208 3941
3133 3905
3510 2550
1569 5955
1798 4008
1358 1006
5572 1512
2226 4766
3465 5958
2399 4092
4180 3698
1328 3227
959 6367
5110 151
1529 1499
5119 3194
5119 4526
4943 5137
4845 4465
1585 745
5358 2175
611 5223
3669 1448
6000 6205
190 2918
620 2522
3011 90
4574 452
4766 1902
1598 344
5756 4551
1907 4548
87 4302
2887 5482
2806 442
6151 4270
2584 1892
2552 5278
2952 4413
4550 874
6293 2943
5146 1357
1236 4479
4753 6146
5071 5340
4043 5248
6149 5702
3805 4371
3677 530
897 2617
4719 5553
3975 3741
5313 2825
1011 3340
6050 6044
6004 5211
2887 3598
1939 411
5982 4214
316 1141
401 2130
1471 2287
3777 5880
6160 6236
5144 2906
1083 2420
5940 1065
3057 295
4627 596
1663 3202
6098 5233
4479 4693
6271 2382
3998 5906
1653 4347
3235 2591
1913 2741
2292 698
5059 2172
3093 6006
4247 2044
3288 1997
3233 2540
1219 870
1545 697
4447 4386
2737 6250
2061 6049
1397 4931
3465 4202
2664 6198
1840 4673
542 4262
804 3061
4414 1991
4966 43
2343 3861
1657 823
2232 1371
4606 232
787 4192
5655 1928
2155 5581
809 609
4201 4163
3742 5008
505 1717
3787 3828
3062 4523
99 2761
676 5919
3625 4846
4828 4348
1796 3
20 3040
3553 2642
2145 2950
2571 4010
2734 5001
4884 4140
6102 3801
6375 4912
2216 3052
542 3685
3820 4948
1191 213
904 2891
5348 4457
2629 741
4416 5372
6256 6354
5111 4611
3075 5748
1512 1841
845 1933
4592 3968
5905 5554
1620 6183
5354 4232
4869 909
967 1475
3962 1925
2348 1864
724 3791
3479 2801
3061 382
3241 4451
6168 127
303 739
1876 3746
3294 6087
951 2523
6290 3335
5722 1373
3371 3153
2702 3471
4131 2753
2598 1764
5707 1240
2426 966
5708 4848
1615 1084
3984 529
5266 1765
4709 2866
893 4325
2988 5710
1148 1664
1928 3497
4663 3903
867 3773
2541 1212
3950 3832
4294 2489
4459 2255
5771 4037
621 5292
6344 3126
3024 144
1193 1109
978 6324
1510 1987
2241 2944
2493 6155
3967 2221
6193 1267
2310 3452
576 2821
2985 3930
5115 2441
84 915
6184 610
2102 1736
4968 4300
486 5786
813 2317
5086 1692
16 5512
692 1507
1114 563
1892 3165
477 4412
1005 3919
585 5645
4059 575
2798 5976
2420 3321
3465 1276
869 259
4998 6243
4161 1637
523 796
4869 4979
5800 1465
4213 3372
6140 4721
3734 3573
5294 6223
4049 1515
5488 2692
3786 2962
2584 27
1789 2143
4228 2881
1902 3315
2688 1995
1712 5405
4841 547
2214 3797
6179 988
1751 1627
3858 302
4776 3588
1690 3109
2731 3798
5572 5182
5824 3448
939 4375
4024 4405
2457 1641
1638 3604
4292 2536
5664 6001
3136 539
1857 1993
38 4067
5149 3706
847 3043
2216 2826
2001 3094
6051 1039
455 361
1017 5016
1950 2544
4821 1580
2165 2031
3783 5556
5124 3360
4325 185
5597 6285
2145 4123
3770 5462
2588 969
1364 5909
4131 4713
3704 2281
3929 3953
2984 5135
4686 3365
1852 2818
5260 28
5289 1168
1872 3028
5898 490
92 1666
2437 5904
443 833
6235 1767
3125 480
534 2306
2908 2784
1374 4461
1928 2067
1172 5501
5180 5892
1976 4450
4929 1555
3326 2697
922 873
5657 2131
5459 2700
827 5767
543 1189
2870 3341
5288 4341
1956 5789
5048 101
3630 1553
702 100
4990 4789
3478 5473
577 1639
282 247
1572 5000
3398 3757
1553 3610
3658 2545
5300 5677
3433 3491
313 418
6261 4346
6168 1880
6287 2516
1586 2872
2129 1678
1338 650
2611 5007
5456 4175
4790 1810
2439 684
3640 170
2680 3952
3518 2546
144 5020
1950 2
1533 4696
6109 3279
4392 4349
4193 339
5518 4149
357 6228
5903 4119
1177 2195
2836 422
1241 5993
4128 771
809 138
4591 6323
2537 1032
992 6340
4908 4041
4373 1788
5662 1813
5893 5615
5116 204
5944 6161
4680 1009
4428 4355
2048 5746
4315 1227
4450 3762
444 3793
1649 1818
5243 2334
528 1901
3101 5431
4979 4947
775 4677
5775 4572
2671 2948
734 4440
6209 1108
3504 846
5679 6117
537 2304
973 2323
2342 4866
636 924
657 514
2839 2278
3214 578
3721 1955
2552 2656
2382 4886
5839 2089
5060 2081
4277 3441
5917 4490
4708 3174
418 6270
2792 3418
946 4365
644 6372
747 4489
5077 1554
2952 6128
6040 1689
5956 1522
6059 3169
3580 1793
2086 5818
2309 623
5459 1107
1422 3232
1657 85
4313 6096
1785 2183
3629 3648
250 562
1596 6061
575 383
41 45
4554 1744
1378 4806
2819 3923
684 1100
3478 5688
553 2198
5328 1408
5180 4995
4344 3918
4804 6021
913 2873
1990 5027
3414 5464
1521 4078
6011 4390
1229 34
5647 325
1772 2539
271 4975
3476 497
572 4880
6050 1048
3746 5981
4961 4369
909 2560
5001 2115
5292 938
2529 3538
45 2015
3455 1302
4694 4963
816 5429
4882 4767
2832 2014
2963 1782
3161 5521
4421 216
4685 2019
6300 6041
220 6053
3181 1909
184 5676
5052 2099
5292 2682
6322 89
103 2683
5463 944
2196 695
2838 2748
4134 805
193 2142
1358 2268
4796 5689
3680 2732
2883 1797
4482 6005
1742 1623
1343 1429
5964 2349
4044 3560
2157 1830
5310 3474
5084 1330
5214 507
6042 3423
4435 1125
2472 1538
2854 4615
654 3278
546 974
2411 62
3877 1674
4810 1482
5948 1340
39 2747
5340 806
4577 5780
2519 5338
939 1967
3353 4901
3706 5986
2568 3999
4529 898
351 158
3240 5995
6137 2365
3890 227
4269 5749
5561 2482
1677 6349
2368 2430
5479 651
2914 6305
2631 5361
2995 2390
5569 2927
2028 3276
2073 320
525 4070
1136 1812
5851 3893
241 2763
1987 3006
6336 941
4428 5690
5449 5476
1205 5227
952 2750
5108 5649
2443 2136
1932 3438
2370 1938
4635 6007
4926 1821
1515 1916
3777 4065
1748 2125
1510 1042
3334 2193
3663 5931
4756 1203
3724 4230
2191 2599
3461 4093
4622 2141
1802 510
2044 929
3354 3821
2527 4510
2189 3681
1309 5785
3595 998
6225 3082
4054 1188
5587 32
1581 1435
5437 5684
5132 4185
1547 3833
3700 182
1613 3899
1972 1606
5929 4066
4002 4309
2610 1078
5628 2698
249 605
4536 1002
1386 962
2514 2222
1781 5435
2054 5067
3487 203
174 5928
202 1894
1779 5197
5410 6008
5819 954
5425 372
5800 820
5939 2208
2987 630
2694 2419
6032 421
2975 2414
1983 4224
1406 1169
2945 5156
1806 1731
808 5063
5409 4453
4960 2470
4231 504
2879 3795
6216 3424
3987 451
3820 229
5001 17
5237 5181
3483 549
355 963
2764 1509
4492 4121
3246 5199
1690 5813
1759 1860
2899 6244
5128 3158
1302 3201
376 1237
2573 3713
2290 1315
954 5877
2444 1273
5883 1228
228 1495
1037 5815
522 1556
1300 748
2431 4651
1285 1498
1598 1050
3289 4260
4069 2659
5387 6215
3404 4195
1849 2532
1202 4695
4737 4749
4179 1
3141 1855
2821 1377
2896 226
1909 1832
3629 6046
4370 5763
2185 1633
5110 1133
388 5331
3513 6294
1573 6022
4012 5454
4428 405
3448 2636
6168 2878
3889 3586
2079 5229
4531 6238
2920 4177
2890 6013
2212 387
721 2714
1592 5922
6151 471
704 4383
3069 4745
3469 3362
571 5937
4315 5665
1298 5188
4143 1532
662 2231
3264 5674
6285 1230
2105 567
1537 6242
2477 3506
5131 5734
5482 1423
3227 4323
5613 3308
2471 2677
479 1015
1361 427
5000 6276
2402 1000
5493 3971
3229 3920
1495 3536
1189 5741
3559 3492
4707 1449
2539 1629
729 3473
1434 235
6360 1883
5129 1173
1135 5599
35 4366
1629 1318
180 1266
4125 86
4400 5864
4710 5105
5105 4893
4359 5809
2973 864
2413 5653
2189 5841
587 5538
3951 3943
5407 4336
2422 359
3004 1686
4481 3718
5978 3579
4111 1352
1872 5357
4617 4628
4887 3871
1190 1734
1559 6211
4864 1531
4903 3231
5198 4475
5686 2338
197 2773
2491 4940
115 2162
1941 6194
1494 432
659 3895
1681 2135
4369 825
2061 280
3683 3860
1443 3322
5013 3744
5607 4497
3151 3769
5348 1146
2905 1980
781 4380
1935 3213
335 1542
3097 4648
733 541
3222 4186
1168 4516
6260 1127
3504 3771
6092 1086
824 3310
996 152
1828 2875
1363 3620
1235 3879
74 3417
2794 5391
1975 3221
3198 6122
4165 3167
4426 2049
3436 2496
877 4835
4801 6231
2893 2325
6089 1640
3862 1548
5373 6093
2837 3964
1565 5979
1704 4017
623 6180
1859 4160
6093 579
747 1021
2632 774
2934 5605
831 5291
3291 3063
3623 3081
1734 5403
3586 2863
570 3023
4845 5262
2550 499
4861 884
3621 1715
5835 4668
6214 1030
1154 1225
4961 4698
2491 4781
1359 1735
3340 292
3778 1829
4148 6314
1608 665
4262 3729
2016 3789
5026 1948
6114 1506
1149 3577
1128 137
6252 5176
5696 3314
4987 3661
4942 669
751 5616
6242 1054
2872 210
5787 631
1965 5509
4206 4532
933 4081
2185 164
522 1118
4942 5079
1022 5496
1205 5989
3652 1720
1072 1501
4677 1659
5280 3192
5411 3248
1190 3726
2060 2096
916 1582
2429 4055
3025 3813
838 4472
788 208
5031 1530
1438 555
2275 5994
1968 2050
1834 3921
1399 5290
2332 5083
1867 3817
5124 3993
714 2030
2291 3249
1382 4047
5430 742
3913 2404
2599 628
900 3226
1701 392
5863 3686
1054 4825
2112 3650
475 4735
2415 3051
5864 3863
3675 4956
1412 2500
2037 6200
3153 5374
2552 5344
3063 2808
3301 5600
6045 5806
2904 406
2970 114
3848 633
3241 2251
6023 1410
3681 2625
3413 2996
1604 5112
5086 513
300 3875
6232 3415
842 2084
5008 5161
1392 5448
2379 1415
1714 139
736 2673
801 5636
3257 4985
3412 4950
5800 533
6318 5972
2609 2758
2067 1339
2672 2770
1806 4520
5233 3705
528 8
2347 2182
2827 3906
1849 1484
7 925
3888 5011
2567 1837
948 5621
976 3974
921 386
691 4616
5226 5548
6154 5588
530 46
4572 2665
2044 1206
504 4114
2027 55
130 5217
1765 4666
2450 4074
4935 2246
1750 6302
1432 2071
5320 4690
5580 346
4501 4773
506 1647
4502 145
5736 5158
1654 5030
2071 3725
3403 1729
4184 5014
4405 4881
4690 370
5546 5184
15 336
5128 1741
6082 1527
928 4762
2878 248
2656 4543
6102 3157
5094 1662
4805 2955
1288 4877
436 2915
5461 5825
4664 4579
6063 5419
1960 1181
6070 2059
5476 1954
28 776
887 4204
5670 3546
3897 3566
471 3948
2260 1513
1396 4150
3667 3026
1058 5075
6063 1280
2710 98
1485 3644
4187 4011
4783 3631
4415 4991
4888 3816
3122 3958
581 1220
1027 1388
491 453
582 3886
4419 5945
3557 2057
886 4458
3707 6030
6067 1063
425 4324
3373 2395
5220 622
6372 1474
644 1253
4893 5510
6263 5179
113 3830
5293 3986
6341 2424
1139 1416
3698 2108
5082 985
1975 354
6343 2356
3184 638
4921 215
665 761
4424 1263
5711 2435
5825 2824
2175 4311
5808 1847
5793 3458
1219 5593
5146 5263
4325 2364
1288 5973
5290 2159
6160 5876
6195 3673
6025 4609
4272 5351
2811 5153
4991 4612
2357 675
4320 2250
2833 4361
3413 5029
2655 142
6064 1142
5390 4829
956 378
1704 258
2446 4587
2567 1051
1625 6339
2547 668
1511 5704
999 1140
4746 1616
6357 2305
118 6084
2507 3957
237 403
4557 2116
205 2774
761 3096
5490 1981
2426 2718
6312 1016
4557 2188
3151 2180
2858 3766
1796 4601
5893 3490
3180 225
6369 879
2222 2752
4404 3617
1837 413
5432 2485
525 1398
2849 3690
4705 6132
4695 4813
3823 2956
4499 1918
6016 3156
1704 2283
2413 1723
778 2613
3982 3139
5788 1500
3891 4823
747 5879
4530 2406
574 3145
5790 4772
3546 6239
4790 428
4853 1762
2793 59
2554 5865
4676 1043
3863 5832
3373 3926
2218 612
3406 1217
361 5888
1393 2224
2465 75
6103 10
5982 4717
4903 6278
5909 4563
1581 1274
73 6172
1954 5326
4510 5822
957 4566
1413 3947
6113 5203
6036 6141
4859 2510
1588 5369
927 4308
4980 5078
3486 5472
132 2298
