9031
1710 3893
1710 8393
1710 4320
8393 1810
8393 1423
8393 6968
1423 6804
1810 3738
6804 8163
8163 4838
4320 8077
4838 3834
4838 8833
8393 2717
6968 8354
4320 4060
2717 392
8163 7833
7833 6834
8833 43
1423 1044
8393 5348
3834 7585
6968 8229
1423 7856
2717 4913
7833 5701
1710 4482
4482 9028
7856 7578
8077 2074
3893 8425
6968 421
4060 5213
4320 7217
3834 7959
8077 3573
4320 2334
2074 3197
8229 7924
8354 4698
4320 13
5348 555
13 8455
392 7192
1423 7224
8077 2423
555 5292
3834 3285
5292 6211
3738 1711
7585 4695
2717 5807
7924 1846
3834 1062
6211 6109
1423 4007
1423 537
1810 1059
2334 4587
1810 6676
8425 6296
4060 9
421 350
6834 3720
7924 1370
5348 6353
350 5021
8163 3760
4060 5289
4695 605
3893 8291
1846 1177
5348 8582
3834 4663
6968 1363
1423 1706
392 1779
7585 4589
4913 7917
2074 505
3893 2415
555 1780
1363 7229
7229 7061
2415 3993
7585 1679
6109 8794
1780 6633
8833 6607
1780 5994
5021 2172
43 5136
1044 2804
2074 8893
3285 8142
8455 4717
7217 3081
2717 2996
4482 3230
3285 4198
1679 2053
3573 4218
6804 8562
8077 1219
7917 2408
7192 4364
7833 7012
1779 6444
8425 5310
2415 7750
6109 2502
8163 2194
5136 60
7061 2577
2577 369
4218 5465
5021 3439
7192 6837
7229 8677
4218 2
4663 4284
555 2931
4218 8710
8455 395
9 1853
1679 3397
9 3377
7750 5838
3397 221
1780 4008
8354 2144
6109 179
3893 2701
8163 4565
1059 499
5807 1649
3760 5318
7061 6299
1710 5047
2804 3740
4008 5625
6837 9027
2804 5380
9027 2238
2238 5812
3285 2180
3720 7687
4587 7298
5310 3456
8794 2993
8833 1684
1423 7746
8077 8305
8425 256
5701 4151
537 4356
2996 996
6109 7467
8305 4552
1370 7380
9 1566
2423 7850
1711 4934
6633 4045
8710 8428
7061 7792
9027 6920
1710 8566
5348 3852
3230 5591
5318 2439
8455 4124
2993 8459
5625 842
4364 7889
2931 5730
9028 1793
7917 8421
555 8571
4008 4620
1566 1106
8229 6765
1711 6487
1649 8172
1793 8479
6920 4898
4589 5661
8393 7540
4045 2353
1219 4456
6968 4152
7750 6718
5730 6575
1711 8811
8291 2788
4151 666
6211 1345
1711 5826
7746 734
7856 3116
6834 5165
9 1242
666 7950
421 3545
5994 8343
8077 5266
6804 4596
4364 3157
1846 7853
5165 237
3377 5820
5021 5256
4695 5373
2238 6389
4124 7316
8343 2196
8421 1668
237 6835
43 4101
1566 5299
6575 780
2053 819
2180 113
3834 1505
5820 408
6299 7825
1706 8685
1106 6981
2931 4072
4589 8238
1423 355
1345 4685
5256 1061
1242 8809
5730 3994
4596 8389
5730 6755
605 1276
237 6287
1061 5354
4007 293
1062 535
8229 11
8305 7
2993 4983
4124 7803
4124 7449
5812 4395
1780 1691
8794 7616
4060 2141
7959 6654
7 8499
8389 2065
1363 5109
4934 5279
2 3184
6109 389
7803 5805
3285 6624
6920 6148
1566 1013
7856 1776
3081 6645
1370 6986
1684 7494
9027 4842
8305 102
408 3571
8291 5186
7803 3071
8582 1202
7217 7798
1776 409
7578 3093
8343 3432
3377 7034
8389 3347
8459 3340
5289 5070
5070 2286
7853 1190
8238 1440
2194 5211
4587 2101
5465 3769
4284 7818
2101 2571
7889 8330
5807 5728
4060 5205
355 5309
8229 7697
3197 397
7449 6672
8566 445
7578 2241
4008 4633
7467 726
5730 4090
7750 8508
1242 2811
3071 4657
13 4224
1219 5467
3377 3391
43 3426
7467 638
8566 4048
3071 4293
1846 7531
8172 7265
4620 4638
6645 4137
4842 1971
8330 5265
3081 8723
5136 6823
6645 5280
5047 2516
4596 7412
4620 2401
3340 3659
7803 4474
5728 5078
4124 8468
8343 7310
842 5085
7853 8010
2931 4760
5994 8574
4760 4690
8010 4629
4698 3311
8343 2142
5078 2986
5807 6962
5465 5083
421 3938
1242 3416
7298 7391
8455 4616
4364 3339
5266 240
5310 8467
4620 613
5380 2786
7229 226
7924 6184
6109 4954
734 3079
5085 3662
2172 7558
5318 1932
8582 317
8499 5774
7558 4083
2408 8601
5838 4333
5078 3162
1711 5345
421 7058
409 8162
7391 7410
4333 2258
60 5605
421 7254
4954 4544
1776 3875
4638 1493
3426 4997
3659 8621
6444 3845
7616 4248
5265 7142
1044 7427
1242 659
4395 6949
3432 7139
4090 6584
5256 4839
7254 8054
2788 1437
5318 8093
1013 711
3571 7550
4898 3931
1810 3407
1062 6722
2986 5943
3662 1721
4048 21
43 4466
8571 2328
5289 5642
1679 1045
2415 512
1668 6082
535 6115
4060 2234
7750 6274
5211 6528
5085 446
3407 1433
3834 5219
7856 414
5701 3469
7265 1685
4842 6905
4685 8504
3426 6399
996 4227
537 4298
446 1034
7265 7343
7310 2118
666 5122
4137 8175
7427 2006
1190 7965
2258 678
5994 5025
780 5474
3340 3996
4072 8302
8291 5847
659 1410
726 3214
5820 3199
3184 3270
6837 324
7856 8586
7310 7396
7467 2601
3340 5383
2258 6616
7850 2576
4839 8513
7494 157
7229 8156
2576 1961
3407 6263
4838 14
4101 1554
1780 4190
6082 6704
3285 2345
3285 7930
7380 773
6263 1573
2811 8319
5625 7613
3720 5372
7930 4567
3285 5009
605 6380
1219 3291
2353 4622
3834 6024
7058 8138
7061 4627
8428 6400
3162 6259
4090 2879
2601 5648
5847 6412
1721 6489
4544 32
5279 4541
4954 8974
2006 742
5310 3511
113 5854
4657 3832
1971 4977
4839 4866
7531 121
21 8716
6968 8186
555 6684
7856 5968
3740 3728
842 4095
6211 90
8428 5059
2238 4107
4638 4271
4954 7951
2811 2636
638 7288
4320 7110
5205 1950
395 6019
389 1399
8389 3136
3432 3558
7380 384
7380 6732
6082 7956
1190 2269
7924 2494
1433 27
996 4436
4934 2127
678 8923
3845 3602
4045 7161
4107 1064
3184 6257
8468 5235
4218 644
6389 6038
8794 4430
355 6756
3285 5392
3432 8611
5279 7357
2401 8769
7950 1375
2804 4433
4072 8251
5009 1212
3199 5870
1971 1908
6263 2898
1190 4772
5136 6074
1375 4563
3571 362
1853 8713
6905 7499
3875 5949
3511 8415
6528 6178
5467 864
7578 339
3116 251
996 6993
445 6937
2353 2698
6920 6989
1190 8687
8459 7430
605 2889
6823 4236
780 4140
4839 6639
6905 5607
226 1535
317 5242
4151 3771
4224 23
5625 1597
4657 6912
5009 1290
6654 3368
2636 8075
3136 2761
4198 8381
4333 8347
3407 6817
4236 4213
4638 4334
3439 5984
60 6480
2172 847
7396 2911
6639 5162
1370 2459
7217 8725
4045 6078
4137 2002
678 8129
5289 8158
2118 8496
32 5967
5345 4222
5122 4896
251 436
1437 3420
6178 2679
2118 229
4898 8957
2911 6004
4552 7618
4474 3502
3420 3183
4334 974
4587 2267
3116 5254
726 8502
3720 5171
5309 8617
4298 2397
5292 3761
7494 736
8468 1739
2577 1701
2577 1334
369 2155
1106 7845
1573 3601
3184 1386
6722 848
847 2268
7427 7350
6019 4171
742 6682
6765 7498
3416 5695
3769 5843
2679 1658
3852 8870
4151 7111
2701 2249
3761 5487
6115 1476
3391 820
742 5671
2636 2162
3340 8983
8172 2018
6949 8363
7531 890
7058 440
8415 6889
409 1815
8769 2641
2258 5674
5009 6168
4552 332
8319 5619
7956 5921
1691 1294
2180 3150
4433 7040
2241 7135
395 2469
1064 7763
3093 6625
3162 3531
4101 5974
4083 6321
3214 6952
996 248
248 140
2141 3179
2576 2163
974 8500
7217 4540
1793 3034
5870 7253
7111 7368
6444 5958
9027 6312
2180 7095
5838 2905
4633 5509
408 3362
3893 952
7956 2206
6489 7008
8677 5880
6287 6799
3368 3280
4620 1884
7265 6083
3285 6580
6607 1877
3150 4135
2717 5297
2258 1576
2415 3525
1779 5799
1059 1977
5254 7485
7540 3318
8957 1289
1062 3126
4997 6918
8677 3274
7850 5708
5280 6541
3728 3814
9 4916
8574 7852
2345 1904
8363 2626
5280 2859
6765 4815
5774 577
9028 5050
395 8013
4045 7659
3931 6826
8870 4887
6178 3204
3469 5199
8425 8199
23 2226
3893 2078
1877 8063
7427 4094
8330 8877
8305 3565
5309 4924
5854 7022
1711 735
4334 3826
2328 6963
2804 4745
5674 4781
5047 8518
4977 3715
7833 839
2234 8933
7040 127
7265 6269
2269 3304
3511 8402
8833 2838
5648 2657
7254 199
6312 2947
5921 7597
7798 5885
3996 263
3391 4849
1062 2332
6269 7473
6489 5455
5380 8471
384 6433
5854 5439
4171 1655
5310 1700
8518 5429
5968 929
8811 8358
6541 3678
2241 3108
2018 682
2101 7857
6905 6103
3230 8722
6078 341
613 5585
1977 2133
7253 6047
23 2361
3407 4561
6004 7865
8723 1736
7254 333
5807 8486
5309 5868
7 8345
605 1277
4552 7460
8063 4023
1700 3364
293 2434
7254 6724
7380 4108
5256 8737
7494 2178
5372 2250
499 268
5509 4182
4108 4697
2905 3844
1655 2680
7 7884
5619 2979
5607 6431
5235 6277
6274 1331
996 3180
317 7045
8229 5907
4638 4956
1476 5377
3565 5332
8381 1851
4839 574
5122 6966
1566 6712
2074 88
362 6779
5021 4835
8566 5638
780 6887
1290 2205
3875 8531
4466 1474
4334 163
7410 488
4090 1924
4284 5716
5372 8509
7467 6155
5279 2604
6487 7089
996 800
409 500
4430 4940
2127 6775
7310 5811
4135 3652
5345 7756
414 3889
7889 2540
384 5459
2345 7262
5235 8588
4690 8015
6963 1141
5297 4529
8713 5830
5984 6791
1476 7764
8974 4178
1212 6232
8716 2107
4248 1169
555 4592
7917 5721
8345 8867
1573 6946
6756 8096
4772 7512
3397 42
2439 3650
5728 694
711 6671
3274 3047
5078 6242
3659 7165
7391 1366
1597 7800
1169 7347
8302 2599
1242 8764
2979 6882
9028 4784
7229 1461
819 4043
6074 7098
8345 5272
7288 2904
7853 8832
7856 8845
2205 5222
5265 7569
7430 4448
1059 1689
8199 8383
2905 3991
678 4634
1691 6853
8075 3786
6676 47
6962 3172
8415 8734
8229 177
5162 3355
8737 8086
2241 2092
2516 547
6148 2041
3994 2593
8764 8409
3715 832
2469 6130
8974 8871
7540 6933
2540 178
2904 6100
3760 8422
4997 689
7061 1436
2516 4821
6184 5116
4023 4547
5843 822
6989 7862
7265 1773
8010 4134
2439 8763
3199 1626
2571 4741
5811 6864
5279 4979
2804 1273
3311 6563
4547 5679
6083 4064
27 705
1950 1161
350 7232
3761 6029
3545 2240
7095 7332
2078 4668
4563 4221
2889 9012
4482 107
6047 2820
7803 5095
3416 3113
4627 5824
5811 4796
1440 9002
5824 3305
8586 3370
5487 9000
499 7491
6100 4834
4633 8932
7430 1154
5811 668
8163 209
8687 5780
6259 5584
2053 1602
7853 2846
5083 7464
6074 3061
5949 7796
2859 7711
8499 8236
3662 8692
8093 8697
2 8552
4008 8728
5721 198
4008 7424
2820 441
1242 7971
1334 3794
4934 5409
7310 6309
4887 5311
3993 6208
7856 7692
6887 7220
2439 1637
1474 8027
6242 7913
8468 4471
5122 5724
5265 7779
4784 3028
7357 1303
8425 8346
1493 534
5050 2646
5584 3745
5078 6172
3370 311
6580 1915
268 4360
5695 5628
3197 3021
819 7576
7061 8516
3347 7011
446 275
3093 4763
1461 7545
1689 4631
140 5301
7410 788
7618 8900
1706 1647
2947 3010
5409 38
5671 7392
4364 5548
7165 1391
6584 6384
1366 7863
5332 6973
8389 8482
6989 175
8175 8528
8722 326
6920 6365
2911 7972
7224 8466
3162 7356
2141 6248
7332 7129
5199 8628
8425 5434
6115 5103
9002 4594
11 4869
7464 4002
6989 269
8086 6774
8486 6604
3573 2907
4913 3837
107 3165
2604 8598
5708 2455
8933 1112
4547 7476
7558 6235
3071 3095
421 8991
5708 4599
711 6426
6973 6513
3678 2648
780 6904
5820 971
47 1327
5619 2692
5301 884
7139 2472
2636 7429
547 707
311 478
6989 8606
6232 5262
332 6463
7853 752
1399 2686
8628 8532
5165 3376
6989 3818
199 2370
7618 5457
5289 4397
8199 7541
3525 8743
6993 1864
4436 4728
7756 3068
4599 204
179 8820
414 8738
3311 2757
3416 1027
7756 8684
7089 8248
1815 2654
2654 2848
5730 3574
4772 1632
2041 543
6004 939
4182 3693
355 6060
822 5284
3420 3001
6937 8457
4685 2795
478 3647
2141 1464
4842 3796
3571 6280
6384 3579
240 1264
2180 3046
8738 857
7845 7546
4137 2280
6889 3785
14 2565
2118 4040
8129 2928
3180 7919
1059 7571
939 1783
5047 1789
4284 5188
5638 6207
7862 1179
8158 3835
4629 7567
4567 6450
6672 1669
7833 4035
3285 8592
3996 2088
6148 93
1366 2356
13 6352
1290 4666
102 7286
7845 5402
9027 152
6365 7002
2947 602
7541 6117
4913 6139
7357 2012
3786 1082
3199 2365
547 4230
1366 5566
1810 2510
5116 7062
5235 538
7262 2965
8743 8605
5642 4667
5695 111
6029 2203
1851 5432
6433 2083
1669 7172
4667 8876
4334 3680
752 3866
8605 4441
7332 4473
1721 4073
6274 2216
4997 7831
7763 4326
3814 207
9028 2876
8428 8342
6973 6058
3305 7004
711 629
7224 2832
4448 5691
2905 8891
5868 3957
1059 5251
3150 8216
8586 44
6645 5964
3230 1907
4436 4428
8933 6305
4592 1298
5826 2675
3875 8858
7845 1111
819 816
3061 5565
6444 4519
8528 4507
1303 1653
5310 8338
5402 6317
6083 1805
4663 6827
2571 7609
5429 8602
7040 3117
7356 2966
4094 4458
7494 4053
8893 325
8156 2119
8628 5074
7499 6975
6966 2068
5826 8934
8832 1152
4474 8570
5820 289
8343 1536
4997 368
6975 581
1440 5275
6779 2016
7597 3637
6296 3530
8163 6165
8291 4539
8236 5514
3715 1418
5509 7489
3180 885
3061 61
8685 1054
1493 2007
3693 4036
9000 4337
5812 6990
5136 5717
8402 837
4924 5049
613 944
5565 2284
8138 8589
9002 3975
8833 6665
324 4475
4633 3498
2041 6052
6389 7483
4101 6707
8723 2090
6287 473
7139 2998
574 2625
7286 257
4842 7633
6887 5860
107 6809
7095 8519
6904 1735
8422 1087
6827 2512
2238 8416
1276 7067
890 3455
163 6961
3426 8265
939 1733
6155 8378
1264 7167
1391 5388
6889 794
6986 3412
6074 3956
4108 1308
3659 2933
4529 6507
2226 4524
8684 3630
1437 7964
8867 3871
1212 4681
5455 5207
4178 4706
3715 6628
7310 3359
2356 7505
8601 4906
2577 4889
1152 1204
5958 8664
3662 6069
7546 6177
4284 2732
5584 7339
6835 8151
5380 6856
4681 7301
6853 6506
7578 276
5514 1859
333 6518
8589 5238
1668 3225
885 2619
44 713
5708 664
3760 5712
4433 7898
5708 1957
2876 7544
2002 6402
5949 7593
8832 5456
2998 6927
2250 7974
2268 3372
1418 4341
9012 4738
1721 429
4596 4800
8077 8124
1169 8439
7924 164
820 8095
2966 6092
5083 1501
832 7019
2838 6727
3416 618
3652 1445
2565 6481
6309 5938
6489 131
7818 764
5701 8862
5619 3321
1276 8359
6966 8829
6779 2746
6864 4637
3760 8176
7347 693
3835 3536
8457 6614
7750 1854
2641 1322
4979 8626
4002 6798
5332 2525
5943 5752
332 6175
5566 1189
6834 6999
6352 6322
5279 5011
4889 1383
5811 7747
90 6517
362 1031
1391 6464
5967 4623
2401 3541
3359 2169
1706 4669
6431 5488
2516 2036
8723 4494
1027 5378
4198 4966
5459 1435
1685 7213
4428 117
7792 7821
8626 26
8871 6686
2965 5302
4043 4492
7062 7725
1087 7510
8677 119
6986 7968
268 7723
3339 2719
3010 5335
4494 4891
7571 544
5968 3353
7857 8397
7392 6366
8877 402
820 2946
8439 5933
5605 8065
6024 5836
7531 4686
535 4600
2820 5476
2646 7766
7460 4841
7618 2296
4587 3134
4124 259
140 5829
1436 3258
5807 250
6208 36
7467 3713
2101 921
7489 8714
4436 6323
3956 7678
689 8401
1924 41
4072 2302
2577 6311
4519 1619
3001 7381
4073 5851
5974 427
1971 6880
3183 2714
4083 4671
4815 8458
8832 6985
4466 6709
3558 4076
4171 6072
4140 1694
2732 9022
429 7806
8845 404
6074 5288
5860 2777
5457 3982
3565 7903
2746 7650
3996 7227
2876 5993
9022 2097
5642 3191
8238 8560
4834 7445
764 8540
4298 2428
6963 28
788 6581
4841 5856
3172 1508
2619 2278
2016 8599
6426 571
4634 2950
4083 3196
6047 831
1059 851
8531 5477
117 4808
5083 3042
4638 697
780 2684
6639 778
1383 762
848 809
3994 2110
4913 3263
4685 3763
1423 3129
1031 4521
44 7508
8502 1084
2993 2702
2353 4425
2966 3616
3021 258
4896 2086
694 4816
1044 3739
1435 2475
4954 8795
1189 195
4816 7497
5242 8146
971 1083
6168 2424
884 183
6100 7479
2472 4263
4924 184
2657 4
7380 3526
5708 2764
5402 7932
5262 4512
820 4872
6280 1432
445 518
2832 6000
4 2350
5824 7897
5514 8436
404 4093
4073 8945
816 5124
5009 6304
3047 7176
9002 8854
3093 8084
3368 6332
5958 1359
6933 8822
3042 6249
6274 1494
4913 3062
4 1172
1154 7977
4891 8235
256 4722
6052 7312
3214 3812
8010 7132
8574 2359
3956 4921
5477 1163
2859 6794
6682 2938
2494 6497
6541 1469
7863 661
4706 4252
7863 7844
6990 1102
6835 4970
7692 3427
8728 2934
2353 6895
7135 423
8560 352
6165 1032
3420 8879
5984 5314
5974 5966
8459 3041
7286 4434
6444 6414
5380 2343
8677 3667
2911 7527
178 5033
4567 8212
237 5778
8684 607
5799 1821
1032 7691
3502 2581
4706 4543
6148 8771
2788 635
7034 300
5638 6535
4966 7937
2302 8412
1626 7892
8425 1537
3469 6797
4552 8153
499 5535
2428 5125
5566 2526
4997 2179
3982 874
9002 5973
5251 428
3179 7099
1637 2909
14 5020
2226 3840
4108 8161
6707 3709
1102 4720
4298 8317
4796 6572
2565 3418
1298 6810
5968 5147
1780 7949
8586 5340
7139 1107
1141 7170
7550 1151
1653 1813
3034 4481
4441 6812
1721 8341
3794 4061
311 7014
8486 3878
276 8501
6624 5471
4772 7901
5125 810
3812 5934
3840 4578
3526 4117
7512 3486
8845 4148
8811 724
8084 4383
4007 108
2986 7529
8459 5748
473 7832
3108 3411
1501 4189
7529 5093
11 6033
4178 3725
4395 8657
7172 1820
8212 5161
8436 8681
5432 806
4284 7662
6797 7820
3837 7958
4064 7551
2576 6900
3162 3825
8341 751
7368 6585
7192 3921
5238 8200
6999 6983
5488 7295
3526 5688
666 5640
6518 2882
2434 7587
38 4316
4043 4508
2455 1387
6177 5247
7585 1416
3630 3326
5020 6537
2571 3564
8338 3684
4685 4625
5548 83
6103 7125
5938 4614
6707 8307
1064 2243
1276 600
4738 5749
5984 7795
131 658
7609 3658
2581 5914
2641 5953
1773 1357
2714 347
3321 5576
644 7171
4471 2935
8531 7064
9027 6735
8516 5801
4171 8384
8528 840
5474 6947
5721 4449
7512 2995
1821 7620
5109 4581
668 2597
8738 2165
2966 3338
8161 5452
275 7093
6414 7409
4090 9026
3230 5364
7558 8492
8900 4694
8877 4739
5311 1270
5380 1838
819 1699
4507 4831
8176 681
7460 825
7892 7092
4671 1758
6082 6742
6332 2134
3412 6039
7725 6848
778 3011
1087 2340
5964 435
7792 7914
6887 2061
4263 4391
2172 2288
2846 1372
5642 7802
5207 6459
4717 8394
4148 2521
256 621
4623 7448
6918 496
8409 6284
4190 7514
8383 2009
1735 2987
2165 8451
7213 883
8457 3959
5749 122
2345 8148
4561 3874
3993 5916
3258 7665
7964 7408
1685 1574
2134 4941
325 3461
7192 7671
6887 6719
1904 4572
6535 4479
2646 1263
4449 769
1758 557
6208 3971
131 2770
3785 4591
3011 3768
4083 2285
368 2839
3134 243
5242 6886
5535 7363
8628 7032
4690 4827
5103 5741
847 8411
5289 8145
8302 7024
3931 6308
5585 3847
1270 5204
1289 8144
6074 6238
3359 419
5059 5424
1884 7053
7301 7888
384 2723
939 6760
4763 6048
5938 6662
4638 2337
5824 8584
8409 391
4623 7340
8330 4692
864 3014
2933 2663
711 3459
4563 364
8957 7502
3630 672
4706 3691
5938 8988
5843 4439
4383 401
362 6085
7913 2212
27 2546
8229 1712
7576 1519
4614 3279
1712 4266
6774 524
2401 6190
2626 5534
2905 912
1331 1231
3878 1958
6287 5928
8714 2159
4148 7441
1102 3100
7357 5541
1464 598
5838 3824
883 4384
226 4237
2006 101
4076 1209
4508 9025
4425 4793
2839 7077
8867 1995
5272 9010
2746 6295
4563 1291
3370 3988
108 5285
1270 3442
996 2584
1032 4557
3786 4988
4940 7523
7161 7777
7529 3386
1375 265
435 6988
1322 8339
1469 2603
6983 4901
3113 2790
7697 8819
613 180
1111 650
9026 4220
7763 6836
2090 7016
6904 5464
6975 4858
1294 3222
555 4721
4218 947
6052 3428
2904 8369
2732 4899
2996 5762
352 6279
3172 5522
1372 1250
7723 91
7523 1030
1276 8577
409 7382
3564 4082
6999 3319
4320 8868
1758 2726
3996 1724
2334 981
3355 5608
2006 6357
1204 5951
1322 3208
839 455
263 1858
3938 7366
2686 4987
8212 4828
140 1557
6633 238
2101 6588
944 3464
8794 6318
5854 3267
5584 4579
5364 6801
2599 7900
5674 861
6317 8735
6311 3551
7964 7562
4540 4180
8697 2578
8307 1886
4784 1287
5262 5506
5640 2967
6249 8204
2397 6441
7265 6951
93 2652
809 2465
4800 1747
4858 5698
3001 2156
4475 4628
4151 8332
7968 8256
3725 3142
3304 1055
2601 1875
820 2873
3230 4700
7725 5846
2133 1595
6507 4917
7593 616
543 1823
3845 7044
7529 1100
3180 2656
4866 4387
8795 9003
3412 6123
1331 1811
7479 624
7650 2389
6905 2573
8531 4813
8879 4322
2097 7033
7429 4865
7161 6200
8617 1874
341 2298
7540 8926
6038 2866
3486 5196
6083 7103
2646 6013
7900 4059
4666 6706
326 8433
8248 6547
2250 2138
2439 7398
2250 7676
6684 8579
1242 1271
3093 466
6541 6449
7924 5840
5812 3272
8602 3255
5070 6201
890 4369
8235 627
8486 6531
5964 5226
8877 4576
1298 2399
3359 4374
268 6714
4436 8847
3129 504
4563 973
7567 98
3616 8070
2061 5560
1250 691
4827 235
3761 5094
2946 6893
6886 7686
5638 2924
6322 3163
2719 1611
3079 147
8084 8255
6848 7784
5033 1123
8584 4498
3971 710
7286 5842
7832 4462
8415 2418
1780 2843
7093 7470
4221 6902
971 1952
441 7929
8015 988
7723 3733
974 2815
5749 892
7616 8880
5607 2008
1359 7696
8519 1942
7884 3302
5640 7710
2285 4186
2144 1770
8199 3611
952 3329
6732 7639
2604 6587
6513 1782
395 6105
3100 467
3840 4580
5467 8064
3921 7664
1853 2003
6963 1007
3071 8045
8238 5449
229 3444
3432 6067
7483 7219
6946 3312
5856 1324
981 7628
1273 2787
3318 252
6211 2014
512 1462
666 5072
1177 6512
831 3968
668 1716
1290 1079
4101 225
672 3636
2905 6031
4572 5410
5373 5612
2692 4487
1735 1645
577 8237
3826 8613
5280 2429
752 3415
5780 2739
368 2292
6259 8827
4391 3178
5541 4905
1445 815
2144 8353
7678 4615
6426 6780
2692 3212
5265 1888
7977 6647
8621 8937
5691 2824
2646 5215
5661 2031
5021 2778
7792 6460
7818 8802
3071 4609
6497 7235
8974 3443
4474 6923
4198 1972
5467 3664
7044 4919
6547 8646
8592 6223
5522 4945
2434 5936
7356 8777
7067 648
4849 7830
543 2474
5455 8024
5289 3373
488 4715
7964 5755
9010 1670
1846 5154
243 8033
4849 8695
8945 763
4316 4726
2815 6901
2578 6612
7343 5163
6384 7799
4966 1091
8499 8711
2625 2962
7802 3099
8858 2261
2933 7403
6804 1451
5846 4655
2787 348
5059 646
6575 4011
2141 4766
1445 7942
7220 4349
1270 2653
7265 7565
3183 8321
5226 3554
6537 3087
8531 6657
884 3460
1440 1128
2824 8423
4284 510
3095 5735
7593 1929
8341 7561
5870 3731
3771 7160
4482 7624
8509 8662
2846 3663
5078 4116
7019 2587
726 6641
4101 3422
8471 8100
2359 4837
6441 4370
3068 8575
5165 6182
4036 6602
6019 4206
4316 7506
8827 5991
117 8269
1653 5360
1082 3717
1031 858
3768 7070
5477 75
7008 6805
8496 5832
2654 264
4370 1885
8681 110
4838 5143
2811 2659
1212 7781
4839 7811
108 4025
8692 2888
2088 6511
5439 3090
1770 5729
499 1510
3991 3017
2680 413
8338 6772
391 3050
3136 7400
4629 8698
5188 2467
7161 6715
6168 5480
5402 8922
4053 8400
1152 6447
7803 2242
5868 6548
1854 3229
7571 3910
3163 5571
5432 5322
3664 5941
2967 6420
4061 2281
5619 4577
3199 3066
8176 5699
1670 6350
2206 3870
8457 6845
1942 6065
3270 6398
3530 739
6139 4085
4220 6268
1758 2890
6963 8733
6602 5183
616 7291
1141 3723
2962 4461
2866 7648
1554 3053
4576 4537
7332 2071
5933 7928
4360 1850
3129 3247
1264 5200
2092 7189
2337 790
1172 7226
2838 3374
5186 4344
2578 8350
4064 1492
1783 7837
7756 902
1508 3434
4456 4688
8486 4233
6444 5393
6801 297
6284 5168
7845 8431
4237 8386
389 7981
2002 1325
5477 1495
3136 5478
7295 5946
5679 2769
2888 3473
8486 4602
8657 4013
6013 479
119 8194
4293 460
5648 6468
4107 200
5778 2448
2832 700
6628 5010
3113 7535
7011 4880
5122 4659
4637 2105
3650 4297
4356 5048
8151 5450
4891 4613
7527 8009
7802 3533
5938 821
2459 7768
3502 1544
8153 2836
4666 7072
3411 5174
325 6251
3771 7374
3428 7936
6184 6656
311 2561
713 5750
1163 7348
5464 1488
4222 7602
2090 6693
6580 5758
8235 399
3693 8082
1418 1390
7831 2446
4436 3625
1783 2026
2071 8818
6184 7302
3921 6256
6235 2209
6309 1489
5247 2697
5967 774
2337 1394
6604 3332
2240 5234
1716 4359
4572 6245
7479 8655
3304 7329
2838 4817
2966 1311
5716 4516
6585 652
8216 1342
5449 3905
7576 8542
1209 1559
2053 2569
7491 6860
5136 4191
6547 5366
2156 3052
6175 8537
5695 1600
7687 6351
4082 6943
8358 2676
7799 6442
577 6388
5215 1332
4117 2485
1083 6289
8084 7655
1505 6763
764 3978
7671 1522
6616 7868
4425 5300
820 5684
5265 372
1311 8276
6004 1800
3874 2617
8586 7675
3659 1606
7913 7568
1495 5068
5280 6393
4221 3457
1062 7656
4695 5985
2866 8072
3204 7874
3874 2490
6295 4510
435 7985
1823 2200
7964 768
8161 4289
4384 3020
8063 6157
7950 1369
3279 5913
5265 8770
7226 7672
7505 3083
1554 3190
2163 1371
2597 4705
5708 3193
7862 1199
7965 4125
3179 2753
4715 2005
4456 2204
3172 8475
7483 6181
5774 3989
6810 2918
1971 8844
7176 1481
401 4260
1820 2752
311 1244
8818 5693
3825 6956
4519 8921
183 5617
505 5756
4816 781
8737 6778
2692 2977
4781 7797
1289 5180
8871 2738
5762 865
326 2932
4831 4272
2212 330
7368 1232
8256 5802
2701 4676
8212 5844
7343 8564
2467 4115
3225 4749
7593 2609
1091 5197
6760 7461
7508 1923
6654 717
5735 6306
3340 6470
6893 3792
2996 1142
5143 4216
4349 8647
8832 1026
5207 4908
3684 5611
7380 3393
2359 4754
2593 2027
6798 6967
3616 8313
8415 6615
6287 991
2439 2538
788 1990
3068 5320
3988 130
7312 7236
6845 4214
3844 1771
3376 2103
8144 2013
4669 2492
3347 3109
8010 3509
4541 2589
3014 1499
4326 6267
6588 649
1820 5664
6393 3539
5340 6316
839 1025
5838 2592
996 3567
43 2921
7833 3158
1141 2435
7024 6747
5476 523
5984 1236
2589 50
1716 8732
2296 6344
1390 898
4579 2722
1298 7720
8657 6744
195 2330
1303 6045
5701 1641
848 8721
2278 1427
4721 2248
892 2024
7172 7776
395 5427
1416 5420
8475 7373
4622 3909
1091 4401
3197 7737
883 937
3740 3572
5143 1524
6459 4406
2159 2091
5838 1840
1311 5547
2243 3552
2014 17
8129 8120
5506 517
2717 5666
8575 7185
7602 6650
4589 447
1007 730
2879 3097
5083 4022
293 5963
1907 2293
4623 7815
409 3051
3178 7708
3391 5362
3785 4725
1557 5277
1815 8909
7429 2483
6447 1251
6223 4586
616 2651
7089 2270
2578 271
8531 5990
2907 3085
5907 274
5072 1556
3010 2579
8341 8134
8957 2855
3574 1798
7950 5115
6245 4531
806 5839
8358 228
4524 6276
5285 5194
402 2910
2587 7632
2904 8432
4085 3515
2510 1455
9027 5040
543 4454
8358 1279
5124 6077
1427 6156
2474 3002
5571 7823
602 3292
4374 1043
7628 7761
3165 7308
4216 1677
5934 3797
3826 7849
2889 247
534 3488
4008 6759
3459 4682
23 6601
5748 6814
1632 1368
5377 4679
6823 863
973 5206
2947 2456
5548 181
2587 2482
1202 7169
7672 1197
8647 7402
6208 3750
27 6170
7139 7511
505 5013
710 80
8764 5887
5478 5564
6943 7462
2293 6830
4657 6349
5180 396
2626 1762
7033 641
204 3887
4906 6914
225 903
2490 1905
4266 2547
1859 3223
6812 7364
3994 3527
8822 3783
1810 1787
847 8730
8621 8036
3318 6618
3887 3327
7461 931
5973 6035
2401 5237
2889 8121
4221 8522
352 8020
4356 4731
4623 3575
6615 8616
8531 5418
4839 7679
4125 8250
3709 6471
1990 3194
6471 7195
7662 1081
4579 1973
1494 1218
4600 8348
3061 6018
6035 6847
635 3692
7567 8326
252 4618
1619 2552
264 45
7708 1198
7671 8619
3087 3756
1535 8875
8186 8304
2962 521
8100 852
5801 8215
8657 5573
1492 1616
2397 4885
7686 4165
8606 1351
441 957
8743 7887
2483 411
7072 2894
672 7248
7565 6593
3551 8388
1821 1002
88 6273
152 314
605 5508
4117 2952
5488 1578
6988 2885
6316 1922
778 926
8229 4968
7473 7627
2205 4664
7845 7375
3011 4658
409 2037
8416 859
7981 5662
3792 3535
6033 1614
711 1933
5755 7075
5238 6866
7756 7471
4580 1661
3994 5595
402 1237
4600 6405
5459 5000
4738 1723
4076 5321
988 6995
6165 634
2156 7305
3659 5876
8348 5948
6511 7564
3318 4550
7571 124
2947 5374
1179 7757
5717 322
5393 2519
8492 8948
6541 5714
2203 484
198 4074
571 5977
8393 2390
1853 103
7298 596
6033 1530
6332 7206
8991 5878
4692 6634
4913 2937
4638 5579
5235 2444
820 2591
2296 8719
6067 7212
7799 2095
3427 3964
11 1230
5729 6929
4705 4751
198 3454
4615 2992
3443 1742
3212 5527
6449 3277
8471 8103
177 176
2652 1384
8871 2396
7544 6731
124 1882
5171 6820
1739 4850
4289 5389
8063 1358
7874 6970
5095 8443
8628 5992
6541 3379
7229 594
4090 5442
7062 439
2761 2108
5009 5337
4763 5864
7445 7538
1649 1528
4359 8654
7008 7998
2485 3524
7593 4984
825 5127
4625 215
6267 2157
5913 482
4512 2562
6245 4379
2909 8754
5842 2499
7236 4752
3554 2794
6535 1775
5299 6453
8764 2239
8486 7362
892 4768
8138 334
8161 3758
7494 5656
4692 8912
8305 2771
5337 2371
7578 4743
5756 6892
9027 12
3473 3965
2839 5899
7675 4070
2890 1448
9028 1122
6704 7415
8389 6416
4519 4976
8710 406
4045 3848
3372 7574
5595 2620
7291 2252
2337 761
1152 568
5856 6600
8880 472
259 8022
8532 5753
4224 8641
3663 4246
3602 6224
3359 8967
6914 8996
6380 5224
2769 1937
7445 1629
5289 515
6672 3032
4725 3024
4487 5813
5595 8511
3713 8244
6052 6161
2546 6466
7391 7573
6507 6250
348 3695
837 2602
7235 5201
691 7809
1793 3168
8397 2339
2107 2040
6820 212
1100 4427
8175 8989
5612 5365
5318 2443
3393 8483
8401 663
8256 1310
4587 4443
7747 2598
4124 5871
7479 3762
7135 1766
4537 6386
2396 6338
5288 6355
3247 5155
6257 3775
2156 8980
8416 7902
5288 4515
6350 8351
1209 8766
2444 3173
5040 516
7402 69
8381 2055
6823 8593
8957 5137
5864 7858
2565 3496
7697 5250
4984 2727
3326 6945
8621 643
4688 1988
752 640
4726 3857
26 33
392 7688
5207 2501
4663 6221
8400 8550
8238 8958
5755 3681
6837 620
4036 3556
3165 3299
4869 5800
4919 4830
682 3088
2684 8523
3909 8147
8496 1807
5168 1105
6357 5461
5741 3886
2932 1591
1474 1761
3312 1682
2365 2283
4178 1797
1357 8978
2648 6583
4901 748
7494 5962
6109 2312
6082 4925
2443 1349
5756 8174
6060 3033
8978 3926
1573 7944
3134 3599
2625 3378
3530 2650
1800 6554
1907 4404
6901 2861
1237 3651
6780 2743
3637 5079
2018 3521
7381 4789
8877 2404
3684 1316
8162 6363
3733 2073
3255 4740
6232 887
7919 5119
2134 4843
2651 845
6190 474
6715 5111
6986 2449
1508 7090
574 2185
5196 3908
5365 5618
473 8966
3093 2830
3326 7773
4178 5169
3386 7894
1322 6418
1025 5668
3163 5926
5973 7307
4667 5227
7161 128
8540 5793
6105 5700
2248 5271
1701 6538
2258 951
5070 3801
8063 828
2519 8038
620 8905
6999 5129
832 6701
6624 6740
6856 4057
1907 2721
5402 8846
3061 5113
652 1365
5993 3867
5612 5559
1345 3617
8423 2263
3630 1004
8537 632
3420 5897
8103 3254
713 6785
6845 8476
809 6677
4896 1245
4613 1009
195 8603
5968 3139
3377 2045
8411 5604
2998 8279
8698 1110
446 65
38 683
3158 4219
3204 4677
1736 6392
1359 5766
6414 2147
3163 6264
8027 6872
1455 1795
726 6482
3033 4935
8868 6233
4997 6717
152 8752
2239 612
3521 3430
6468 1824
1423 278
7573 514
7930 2059
7415 8690
6593 7718
8603 5978
2905 696
7901 338
3567 3120
1027 2066
7172 7871
130 6040
1977 5
682 8420
5311 3345
7796 7599
2795 7031
5584 1730
2091 8594
2680 6034
7461 1818
2172 8055
5571 8006
7220 6710
845 3727
1536 3581
7448 3737
1416 687
404 3585
4248 5339
7857 3130
4401 1532
3893 4450
678 2160
6856 1991
7567 254
333 7149
7375 358
3978 2213
8868 4382
4272 5290
1030 4086
1368 7637
2003 6315
2873 5406
2738 3284
7093 4047
8900 1547
3047 3655
8922 1414
3530 6846
8933 1235
3526 572
2933 5425
3034 432
6893 2265
1905 6113
7868 3856
5360 4311
5916 4377
8302 7705
8519 6368
4830 6059
5774 6252
6717 4098
5094 1438
3347 19
1532 7341
2830 2539
887 3314
648 3363
8256 1900
7929 5982
2820 2324
334 7120
3179 2779
8531 4431
2053 4209
8250 3324
6040 1293
6584 8113
1316 5278
5129 222
6707 1802
3847 5398
821 7272
730 4407
2510 3281
5548 5737
8147 8665
4316 2149
3581 8963
5941 2942
8730 8615
8134 284
6200 6042
7844 5734
2651 1517
2855 8430
1937 4888
406 7326
2519 6326
996 4554
1204 2674
1277 6095
5115 2588
6927 6106
3272 1029
2332 3773
7227 4570
8084 7904
8475 4290
3681 7446
1151 4031
1081 8222
3533 5387
1655 1168
3709 2496
8163 5657
5277 5650
395 802
6665 457
6724 3555
4272 7216
794 962
113 4300
7887 2773
6835 7231
7014 7057
2396 3206
6441 463
6541 2614
397 7870
1990 1678
1324 1794
3042 2471
6593 866
7489 3000
2243 2897
369 5193
3272 2524
8084 7101
6168 5255
6463 2669
5535 4530
5079 3722
8677 1943
274 1490
8967 833
7008 8659
3071 8107
1345 2638
7229 8254
8684 1482
3088 5828
4815 8444
7711 2129
5698 8258
6453 5863
7697 6209
6731 2585
7032 2607
2428 4949
7632 7351
7624 5349
3818 2368
7301 3894
821 1099
4554 5857
8763 5677
7676 5057
5926 1056
14 7145
1027 8520
5514 6519
2339 2668
3347 2466
1958 8166
265 3618
8710 6750
2399 6076
2962 1186
1045 8961
2469 1987
4751 3152
1907 2315
2979 6055
276 8895
5025 3858
3100 5606
2091 2228
2609 525
8754 8699
7972 2542
8647 166
5605 6891
1199 731
4515 6896
7098 1116
8386 5225
447 1944
4721 5015
5982 245
2659 4870
3469 6743
2578 40
2746 7087
122 3831
1416 4163
8363 7997
8436 1138
4781 8635
1152 7860
1474 5458
4891 1257
1566 4323
2686 7979
694 123
1079 5795
446 3055
3095 5249
4949 192
5227 1615
482 2295
6024 387
8571 2768
5899 188
6804 6919
6487 8223
851 3603
4578 8640
2938 7436
3214 4549
8158 1170
8156 2729
6349 2963
8725 6348
1273 3239
694 8805
396 2527
7460 6764
7545 7198
5973 1075
4749 4730
7655 3777
8065 2188
2525 6674
5921 3853
2723 4893
6157 3331
5207 3491
3180 6567
4586 1605
2295 6192
3270 4302
8697 3986
3539 3568
1905 5090
8540 7223
6200 835
8721 3570
7192 3508
1554 5091
3812 4054
4906 6097
2888 2611
6662 5891
8151 5312
2579 4225
8359 7740
3129 2783
7665 5821
6893 4112
6177 7604
5288 4876
3150 3334
7326 2329
4983 4184
820 6194
5508 8372
93 8390
2169 7309
4537 5665
3655 8530
8827 4393
1111 5491
3046 8181
6175 2664
4473 1413
7884 8490
5628 5769
851 8815
7479 6702
130 8634
3081 7367
885 3156
707 1052
5188 6910
2679 6609
1922 5283
2142 8947
8433 3186
2444 2294
1163 8953
5321 5182
5168 5026
840 3101
8589 5867
4838 3392
1522 7134
2073 4819
2213 4875
8490 2643
8921 7744
2213 4825
2448 8385
1600 1379
4725 8272
1043 6928
2552 5499
6633 4942
3460 2183
2007 7526
4896 6898
6323 4546
6245 796
2490 7164
5471 756
1782 6286
5648 1639
6115 6746
1510 901
2795 6183
3535 7222
2249 4672
892 1434
3353 6916
6412 8986
3093 6879
8958 5537
8528 4704
7227 8177
921 1883
2163 3485
3183 1799
6418 8702
1056 5190
181 8426
5752 5955
3194 2186
7951 3995
1177 375
5199 1842
3158 5064
8953 6458
5196 8810
5724 3973
8254 4674
8659 5687
4561 2631
3136 6435
2312 6081
3831 5416
7874 8581
6895 5931
1958 6417
6157 3437
7135 7322
8200 1248
2092 357
4629 3244
3184 6997
2815 1278
1952 1925
2091 4275
605 8916
1007 3673
3756 4253
6123 4795
6326 4636
4631 230
3443 2251
1244 5996
6277 5710
3837 5783
2415 4469
1244 1319
2653 2438
2157 1909
937 579
8615 3963
7964 1222
3053 7866
4594 5694
5255 4785
8420 8965
4669 220
8723 2856
6765 1092
4694 8548
1263 2865
5938 5031
7597 7537
7142 2034
3100 7060
3180 6188
8350 541
3028 415
6209 4758
2732 6903
3602 4675
2263 3309
1427 2307
5289 4005
7564 9029
7305 4689
7366 5481
8562 1086
1859 1188
4209 9030
1163 7317
5564 4490
7763 1868
107 5530
2546 7715
2157 6187
3554 2955
5617 2303
6004 7025
5345 776
32 5324
4942 5869
581 548
644 4647
6891 7434
7446 3043
4191 8849
2165 8211
5993 2813
1971 6324
3053 6546
6085 1456
5251 5733
1242 8290
2 1439
7705 5760
6704 6270
2356 6144
4631 4923
2757 3161
8347 3802
4706 7114
1988 8785
8161 1949
687 4174
317 9024
4450 7276
4546 2606
1798 4087
4796 603
2524 4249
6357 3704
6563 5597
4359 8184
6058 2153
2074 4402
8121 2517
2188 1058
5642 2080
4263 5121
2581 6342
2607 3699
3680 224
2811 6610
5762 5561
4085 109
7511 3419
8833 966
7489 1757
8215 7203
108 721
3852 2191
8184 2231
26 6369
6999 1568
4740 5313
2119 1261
5109 8336
7574 6984
6665 6884
7479 6430
1771 7907
863 4699
1062 4255
5668 2442
4040 6271
8162 6173
3193 754
6983 2038
7402 3788
3444 3067
4255 1526
1971 6942
8455 2864
3745 3586
284 6529
5324 4389
8603 5570
5362 4748
209 4226
821 6694
4025 520
5121 549
3455 2174
6194 4598
4443 2355
1820 7426
1271 8131
1905 4024
2449 2913
2517 9021
2003 5451
1528 8130
3511 5486
4620 4409
5199 3967
6963 5469
6615 7556
4163 5849
661 8992
6273 3039
163 6666
726 6407
1138 302
7602 907
4377 4464
152 1618
8603 2225
2591 9023
2587 8377
7060 6091
7070 759
6743 1740
6040 4420
8626 7405
8378 8902
6384 3
6798 2817
2496 8474
4587 6626
2429 6881
6735 390
2203 5704
6380 3612
200 1754
1802 6803
1853 2535
5450 6653
6933 3883
4036 7117
3318 8115
3693 7428
517 6
3511 1889
5266 3677
6207 6670
8372 379
4379 4055
8100 7995
3760 1918
8537 7037
409 1015
7231 8123
5180 7920
8338 3505
5844 5652
396 2802
5870 7001
8571 5101
8641 5806
8719 313
8771 6180
6538 5039
598 6475
1977 4029
2832 614
2280 8292
7161 5513
6420 8554
122 1389
69 591
3321 3063
8432 6936
931 8682
5693 7996
2014 2081
3001 3654
5891 1692
3564 6976
1242 7649
1740 8180
4124 6576
7546 114
7597 4021
8304 8919
4487 8726
3579 7370
8054 6883
627 4848
7436 5709
1771 6053
5967 4871
4431 5927
847 8406
6081 4732
8153 997
1434 3753
6304 8954
997 6611
5734 8760
1363 5792
3355 4812
2921 4750
8847 2708
8258 7162
5193 938
314 2903
5514 4611
6447 677
5838 8969
4945 8886
8577 6371
7093 1392
5476 8706
6442 2703
6650 2789
6113 4696
1874 2655
3000 6234
1757 3484
6513 738
5628 206
7776 8049
8989 46
3391 7509
5760 1227
3373 8109
2646 1265
5119 7631
3905 301
1923 740
235 615
4543 8941
621 6821
2913 8286
6268 7762
1775 718
7286 1913
4547 4990
8177 4975
2651 1259
6519 7899
17 8689
7809 2784
2303 1483
3062 6890
6507 3644
8439 5940
4448 3283
9028 5038
3599 995
5812 214
7403 4447
5964 329
1710 674
4549 1306
8992 1899
6058 1098
7099 451
7903 7293
3419 3245
5795 5400
5605 5308
6139 73
788 6012
180 7590
2018 1301
3709 5900
4561 7486
616 7153
6798 400
4557 6383
6190 6006
3126 2087
6656 2420
8626 6014
2932 7522
3740 5157
209 6395
6233 8132
423 5268
8302 8105
5560 4582
1481 3202
8603 3077
1106 6202
2636 4670
2607 456
2160 7023
1098 5221
7408 989
8702 2645
6835 78
4979 5583
178 6428
2281 6638
6175 4177
4675 4390
3362 71
6019 4256
3363 4957
2169 5494
5936 3548
3284 3119
2938 4386
8819 1155
5714 2975
1773 5135
991 8454
330 4006
5728 3712
4148 7557
4005 3006
6441 6169
4668 5649
229 6210
7858 2541
6676 2647
4690 7108
3041 5862
5996 5112
6295 8034
4036 8233
3319 7154
4431 8837
4427 7879
666 5259
8837 6586
3469 3694
5570 784
2663 3514
3993 7492
754 154
4083 872
2359 1959
7904 8959
5093 2724
8063 6875
6274 637
6173 4363
7613 5356
3572 6495
1958 6129
2591 3317
7428 4786
4323 7882
5656 3027
2281 6301
7562 7267
6489 8694
3773 1561
6686 3252
1349 2613
5733 6897
8235 3074
5867 2128
8412 8382
5021 3388
1566 3451
4587 7533
4686 5759
1556 8005
2268 249
2726 239
7154 7570
2654 5960
4053 1890
5021 3927
819 5317
7889 24
7232 4470
5943 8470
4695 6869
2777 1108
5349 3297
7965 6762
6884 1467
2975 7175
3324 5218
5362 8569
3574 3406
1427 870
13 8139
8036 2797
3658 1292
4768 4067
5400 7273
3531 3759
3695 6532
2614 7406
2562 4075
997 5422
4781 1051
1102 7623
1987 7207
1988 4862
8763 1175
1030 4972
8272 5350
2650 7941
6006 1586
7756 8583
3618 5658
6312 1642
3531 775
5 4208
4075 5631
7497 8450
8713 5223
1345 7421
4732 3855
2817 5330
659 1750
4297 2407
6139 4483
8471 8826
5477 3811
1390 8749
4516 476
1668 3409
6348 5580
1900 998
2361 8946
971 4097
7019 4840
8905 6802
6892 8046
226 6773
2016 1534
2597 4714
2680 993
5366 8497
3334 2386
5339 5703
8875 8440
1783 2557
8634 6770
6638 793
2415 6938
7170 3747
5631 3147
6357 4860
7746 1148
5927 1274
3811 315
5992 8790
4827 1755
1505 2874
7571 1695
1357 2114
8932 7835
5605 698
7070 1072
1842 7334
2638 2306
5913 8990
6949 4536
6937 3534
4664 6396
1439 4939
6893 4881
4598 3929
8706 1078
4956 3089
2165 7727
4745 3328
88 3105
4698 3523
8657 4372
3292 3561
5671 3549
6506 5132
5812 8776
7008 2374
6999 5007
769 136
2209 1206
7914 5357
5860 6911
8204 4522
2007 3512
3074 8352
4592 7345
6780 2751
6475 8529
7965 2737
4983 2017
8584 468
3523 4933
3052 1690
5704 1956
8946 3075
7757 942
4097 4033
5679 6401
8144 3983
4901 8567
1142 4193
3530 4373
3971 4231
40 1713
2068 7048
7248 7413
6830 1664
3983 5939
2401 4993
8583 3698
8564 143
4625 6598
2061 6197
5365 7647
220 4734
1290 5032
3426 6127
2065 8799
4115 7335
8120 732
5400 1726
5013 8595
4108 7397
4434 3187
1695 1587
3142 5516
3432 3132
6129 405
3616 62
5642 1144
5147 5911
3989 5979
1004 6275
971 5895
3099 4504
5985 3942
8983 7906
6719 8480
8893 2780
2250 4357
4450 1921
7430 3707
2329 1183
769 706
5631 5058
5631 2983
7093 5502
2053 2102
6834 4301
8390 4042
4471 1347
1464 85
8204 5414
1245 2960
4871 1867
7585 1393
7025 6579
2071 5815
4543 261
8212 8729
1078 8314
38 8289
4541 8126
3047 4569
2092 3885
8289 7922
5992 7490
3601 2100
2234 3275
2502 2279
4406 4680
3027 3705
4323 1583
4885 4041
6656 1966
8732 8572
3758 2135
5374 3823
4816 3828
1918 5610
793 2567
3889 8396
4117 120
1723 8283
7687 3546
4800 8848
912 4986
6065 87
6180 1686
7763 6504
6074 5845
4108 3798
7920 610
8640 5980
268 4527
1771 7401
6395 7118
1439 3951
2408 3517
1583 8320
8045 1897
4667 6382
819 6964
5040 2920
4135 765
2169 6508
8086 2093
5373 9015
581 6136
2697 1881
7410 3215
8304 4981
3129 5901
7602 805
6881 533
4290 7158
8388 6568
3206 282
4975 5681
5820 3736
6567 8193
594 2372
4940 2537
4666 8949
6538 3344
8486 2245
6072 3643
4382 5568
1679 8920
863 6828
8616 6231
5895 5384
6779 7952
7639 6490
2540 1808
890 6673
3738 8225
2160 1329
4983 8261
4221 5507
7688 4707
1138 8517
6013 373
4370 3288
5800 2821
2698 3597
3956 6678
8443 1833
3010 6526
3437 6934
5513 6991
6801 7769
2147 2740
8504 2463
3077 8197
650 3122
5310 7388
6393 639
5735 4960
8871 2130
5271 1426
3814 7838
3197 3504
5642 7275
2328 567
6393 5772
1736 6142
1390 3569
6780 4762
6207 8780
7697 3879
7486 8361
7725 7306
5658 1697
4284 5818
5795 7027
414 6685
8359 1470
2587 7925
4872 526
350 3924
7565 5367
3647 8803
1602 8375
496 6120
8574 5641
3430 588
8055 7622
4174 7701
4725 880
2031 2489
5729 5810
981 1196
413 145
6045 7969
2138 5536
4433 4641
7879 7242
3100 1718
4696 4928
2873 2254
8369 2640
3427 497
4689 6419
5619 2972
113 6346
2743 6649
8780 854
7031 7741
2905 8556
128 8315
8013 2336
4658 6859
8265 4130
7889 4296
4519 6486
857 4894
3364 1425
5527 4499
4013 798
4924 1453
790 1104
4916 7621
4182 4104
5317 5932
1899 3702
5275 667
4260 3906
8265 3431
2239 1673
5748 6436
8893 7775
995 8940
3894 6885
258 6159
3957 3494
734 8807
6898 1320
8394 6691
594 8069
4641 1581
1874 590
2676 5925
6947 6767
8439 5511
239 4877
2265 1281
7968 6561
2027 8323
6600 6960
3931 2699
769 2052
4821 2309
4557 6689
2073 2688
5384 1228
2356 7993
2399 3396
4275 7184
944 8324
2752 7208
4893 4967
4036 2710
2225 4500
2459 5853
7332 2410
1303 4794
2960 6652
2817 9004
2005 3289
1410 2079
2399 4649
5085 4678
2824 6523
3318 4584
8564 7646
7775 8058
5564 570
3788 8927
4248 4392
3225 3976
4045 3945
1482 1203
7408 3620
2656 2450
1712 3876
8880 2202
4040 5370
8063 8273
8319 7625
6506 4856
4738 8964
8069 1466
1924 6294
4007 3250
3644 1996
8174 8828
7737 8461
7172 1968
131 2255
2074 8538
4875 7484
8283 7433
4431 4096
5380 3424
902 2366
8381 4247
1802 3868
3197 5445
225 1267
5799 7817
7253 3483
8358 5069
7164 6361
952 5651
3534 8541
4945 2276
7142 6560
4227 112
3761 3990
8451 670
7609 8210
4140 5521
4834 3992
7809 2477
2249 9018
4848 5531
8826 4215
264 2608
3042 7151
6250 1441
6419 5019
8876 3631
6672 1286
6673 8753
1614 3048
1242 4946
6846 7200
8665 1751
8725 1475
3905 452
7737 4742
1821 6313
91 4792
5456 5004
3197 599
3750 6146
8893 5490
1105 1982
5226 1449
2118 5744
2838 3784
4094 8157
6905 191
5570 7371
1293 3076
3311 3470
460 2310
1351 814
1874 234
6353 420
8276 1707
8497 4980
788 5307
6770 1014
1882 6098
7060 7094
1469 3342
6453 7447
4529 1321
1449 8152
4322 1201
395 2190
2386 8050
6727 7324
1840 2745
5949 8111
2938 660
1064 8707
5078 6292
1890 7245
397 8693
6846 7458
852 5725
1713 6262
4402 5263
8499 1822
7784 4243
3681 1796
3994 1741
3602 2109
7708 3999
2561 4194
4750 4273
3982 7264
421 2621
6178 5959
8766 1516
4547 8731
1679 8344
4794 5542
3163 1247
3636 5472
3680 3833
7914 8135
3620 5736
1270 7712
6780 6054
3508 836
6724 486
4647 511
7219 2868
8381 1457
1973 1911
4218 8874
3558 8939
6223 1040
473 1785
3469 6867
7471 5096
3252 3205
500 1200
7650 4985
7922 416
6799 2695
2489 3776
4499 3013
8161 2364
4885 3188
1414 53
5994 2706
8222 983
6593 955
1833 8028
5183 1621
8401 770
8111 193
4983 8898
455 340
6727 7586
3597 6061
7154 5326
6740 3817
9004 4566
2589 2927
6805 6282
1494 450
6148 628
4341 4963
8726 8469
209 1579
6095 3822
535 8798
5830 1181
7227 5567
111 3185
618 3595
8699 5269
6480 6592
5370 3175
1271 1871
768 4523
3740 6842
759 7948
2144 7006
8305 4358
2026 495
1470 3547
5345 5358
3055 4435
3552 4361
7511 6427
7769 1717
6442 6621
2134 7475
4512 8997
8810 4626
6301 3757
4636 5176
2034 8663
6436 4826
8965 850
1779 3746
289 3462
4659 5788
5547 3932
7631 5827
7777 4438
4023 3301
7647 1333
627 5602
1007 6222
8986 5789
3654 7285
2692 1017
8130 6811
7160 7107
250 1580
6947 5855
2496 6493
8714 241
4934 3767
4956 4183
6773 6425
7593 8288
7831 8445
4057 7311
7170 3642
4356 2825
1228 377
4249 3917
7235 3632
2080 1577
3327 2748
7058 6080
8065 7608
1079 3146
2640 3594
8319 2837
854 4478
1475 1625
5642 8188
3199 7420
6441 6824
6130 7749
2937 3102
7537 1708
406 7376
8416 746
7544 7123
195 7007
1116 4039
6657 1558
7470 5319
1669 3154
5032 5399
1152 1444
8157 6979
8431 185
466 1428
8582 3972
2465 7049
250 5035
5895 442
2459 1935
1677 54
1438 3293
5450 4912
525 3242
7447 3468
1281 6777
2006 6852
2255 6515
6251 1745
2701 5782
1689 1500
4300 3004
774 4509
2836 4951
482 2943
5849 4995
441 8962
5527 3351
112 4791
5383 426
4620 3751
4554 4274
5125 4724
5925 2845
5991 2590
3162 3246
6834 3912
5307 2060
1535 2237
674 1675
865 2899
8900 3231
4960 3888
8444 3369
7265 4780
486 5794
7415 5997
7034 8310
3468 2126
1474 3981
2061 673
184 8335
6190 5831
8450 6566
2324 4864
5070 6855
2092 1894
7216 7846
5824 2325
1724 6094
276 6502
3285 8596
667 7669
7884 3928
8550 8303
6602 3542
511 8899
3908 2742
3548 1623
8933 2481
6684 2352
3546 8838
4263 2291
5223 8885
3746 4327
7095 2046
5223 8787
2109 3080
615 7626
6250 4770
3077 3452
5959 7734
3460 8883
7631 6379
263 7059
603 349
4669 6931
6148 3251
7037 5240
6388 4244
1389 4128
1647 4270
6601 3164
14 3880
2374 7042
5275 2503
8694 2387
7618 2883
1899 5178
6308 3330
3113 7496
5283 4556
2703 6032
7446 3365
6035 1865
5259 3098
4766 7855
4540 6935
6986 134
5491 8911
3418 1131
123 3656
3581 7793
7479 1927
2006 1538
3548 5545
1516 1211
5927 1938
6129 7389
1470 8245
7562 4897
6836 701
5083 5462
8425 1657
1293 2301
7806 3007
1026 6137
4225 4844
4626 4644
4494 6539
3541 8587
793 2841
8455 8782
8846 5369
5963 7926
4180 6196
9025 6151
4357 6787
7176 7268
863 1008
8157 1156
852 709
1383 2949
7639 2168
5162 8066
6834 4197
793 8232
4029 2969
4370 886
3372 2020
612 2922
4384 2623
6799 5331
6393 7524
2149 5713
3230 2605
3370 1020
2526 3012
634 4883
3636 6655
53 7975
6444 4719
2147 3930
5469 1011
7844 2974
8499 8740
4182 3949
243 1652
5414 3710
3561 8203
5541 1788
6715 316
2647 5209
4193 6320
8157 3493
4266 3499
3190 5228
460 5485
4871 3744
6029 2437
3494 2253
8522 6367
5729 6457
5842 7680
1519 1166
696 430
389 5355
5507 307
7564 498
4699 6307
7291 2322
157 2023
5925 2518
7370 4947
199 4892
650 2536
2080 8104
6901 8477
1742 5624
8211 3490
5694 7960
1724 7730
1310 7051
275 6796
2083 3578
4233 7469
4754 3918
5700 1612
3462 2075
6383 3589
5218 8781
6704 8392
5907 4661
3297 8297
7291 8264
2748 5291
7094 7454
7960 3256
3374 4814
3256 6421
3013 7684
5565 4234
5838 4242
2238 8525
3409 969
7142 817
4728 8824
1079 1593
8490 8182
8858 8521
7773 5519
6177 5405
8445 8091
6709 5073
456 8481
456 2264
1004 586
7932 4017
5753 1998
8115 8017
1104 3634
47 6926
4547 1513
5480 3904
111 5153
9015 6093
6175 2741
6197 930
1020 3140
1501 8555
426 5957
1615 4014
124 1731
2109 4268
1379 1715
8659 64
5959 6440
2080 7666
5564 6832
8339 5483
6593 7908
5842 161
2579 5881
8496 7327
7447 4660
1432 4015
6271 2782
300 3371
8345 9013
6518 8463
8520 5053
3152 8648
8302 1158
4935 4593
1958 4944
2611 1159
6382 6212
1909 8094
5979 633
5668 3729
3572 6226
3568 1912
3694 1229
2581 1070
3304 6247
6487 5719
4676 7619
890 1891
8589 7294
8156 6149
6192 4801
7586 6422
1306 5498
7964 7278
6846 3389
3242 5852
822 6066
5215 4501
2202 328
3570 1252
7899 7542
4184 8230
526 5556
362 1184
2518 2801
112 7450
6628 126
2350 4588
5502 4701
4975 1903
4808 5385
5710 6011
3756 5264
1155 785
8279 699
7798 909
6991 5819
1218 5538
395 8979
4720 7966
7672 174
3773 2175
1757 5894
3102 8408
6722 1515
1602 2970
8511 6582
8050 4281
4685 2338
6232 4440
8731 6877
3024 7663
4 3383
3616 1215
8663 2033
5330 3843
8153 777
7490 6434
2680 1339
4193 7041
114 8243
5135 977
5367 4802
2434 546
6852 5892
6348 2096
8810 3044
8265 2351
5143 1296
5734 2528
4567 1337
3797 3189
147 2711
93 4235
5571 3094
2577 7594
1699 8380
5857 438
7852 8247
2138 2507
8244 5260
6682 6185
8550 8263
1453 3213
847 5593
6722 1465
8388 2077
2138 1089
6074 8918
7368 5382
181 5252
2420 8179
7917 7735
7410 6007
3929 2678
6777 8043
176 6939
6584 434
640 3375
5143 1143
6655 7553
5113 5470
5734 461
134 5825
5760 1887
4180 1459
2607 2416
5477 4145
7924 932
3044 2305
143 5689
3699 1870
4837 5923
250 1149
644 1768
8989 2762
6995 2642
5899 896
3212 4026
6076 8701
724 2381
6747 7279
1998 7786
5249 167
7363 1663
5717 8924
1322 2690
4504 6643
607 8485
7958 7840
8937 8074
93 8438
4033 4044
7870 6863
3994 5329
3753 4904
60 1732
7484 8736
3762 1506
3677 506
4323 4142
6487 7218
8064 57
1519 309
8681 2750
2879 7685
413 3367
7529 6503
6853 76
1054 3249
8251 8778
7793 2222
3462 5517
523 2944
7077 211
4975 3726
6367 4352
3680 6079
7469 6116
5982 1299
1131 5816
5297 1282
1888 6147
3222 8612
3157 6099
3108 925
4748 7246
1853 8806
9030 4413
7815 8580
7376 1834
2126 6841
3077 5216
6614 2551
6515 4223
4904 4836
7941 9031
8707 4621
1324 4154
5955 1401
8898 4559
6170 5635
473 841
7948 3706
5517 935
3444 5453
411 8081
5541 4307
8616 7130
2626 1896
5978 6010
6859 483
28 7867
8567 7321
5472 4417
8858 3025
2952 6454
3099 4278
3377 205
1614 2515
8450 4782
4793 575
892 2718
7892 7418
2381 1832
4323 1725
711 6793
8911 2422
44 77
7491 6516
6657 2549
2428 3884
612 4446
5958 5767
8885 3901
3280 895
1170 7543
1339 2781
3826 4338
4657 4414
2770 5404
514 1521
7747 3111
3637 4610
5032 4737
8304 8888
6650 8337
392 4452
1059 3091
2243 7759
1649 2139
13 6278
3379 985
7198 3724
4631 2354
1886 1182
7844 608
1311 3035
7701 6544
4531 3228
2729 6199
8050 2895
6793 1654
5094 1302
4510 8573
7279 4160
7019 4703
256 2985
1301 8784
2073 905
1899 4063
1493 5257
230 6140
1870 924
2690 4156
926 4217
2565 7163
6178 3827
1301 1450
3494 3675
301 4419
538 3544
4698 8051
237 6705
512 1498
3342 2560
4070 3765
8874 2464
3575 6216
3574 344
1290 522
8509 5776
8043 6204
4985 7411
6722 7029
357 5629
5000 7940
8324 3323
5278 585
2541 975
5095 4702
4487 7738
579 137
4977 3296
441 8981
2472 642
8521 2072
5730 8972
8339 6514
5519 2891
1854 2039
951 6474
3957 8209
6610 4799
6322 1634
8497 2398
3757 4168
7454 141
8256 6556
5178 4028
6548 6020
1718 39
5487 8155
1691 227
5136 3538
7675 6894
2496 7079
7375 3400
8389 6218
4527 1073
2569 4276
5157 1589
3975 6550
7597 6591
6289 5594
8706 2765
4954 1549
3856 6334
6693 4199
1899 4332
4754 3403
3835 7724
6770 2827
8893 2556
7769 4310
8428 8568
5354 2672
6183 6253
6928 4319
6583 6005
2408 4708
6497 8985
8732 292
4392 3520
2830 6590
6463 2712
5508 6254
7149 318
6428 3816
1428 6370
1593 2644
955 1876
6929 4051
3579 4882
5816 4444
1009 4564
5317 2744
535 7140
4661 4262
4924 8098
8655 1352
5180 5639
3573 1816
4598 5835
572 5779
3419 3398
7544 1839
2439 8478
2443 1555
6601 3947
8603 380
1822 8675
1740 2705
3744 2810
5309 3492
3673 1255
4461 2808
8520 6413
3075 6437
4464 8801
8833 7500
7245 1590
2577 4265
4057 2941
446 5341
5264 449
3486 4955
4960 7615
8332 5415
3530 824
3736 2348
7485 4992
2636 2632
4428 1509
635 3829
4168 1976
4871 1146
5725 8890
993 5489
7941 160
6221 2980
6474 79
5907 2572
1810 8298
8457 490
700 609
4781 8047
4512 8328
7231 8446
5299 2989
2296 8464
5319 897
3161 8427
8354 7552
3733 2042
5252 5008
5962 5217
1418 8149
2490 4922
7089 4803
7129 8852
8302 551
8707 6792
2185 1191
8599 7054
1712 8975
3043 8355
4284 374
1897 3337
4842 6049
4786 7443
5310 7610
847 6472
957 3668
1811 6285
5741 8505
5997 1983
5876 4437
8922 1046
1868 786
2252 2189
3737 867
4750 6102
8047 3900
4458 6325
423 7729
7335 4336
4540 72
1900 4932
5112 48
3206 4573
2156 3436
4834 5062
2784 8534
103 7379
221 3269
6942 7274
609 7982
7002 8159
4837 6608
6457 4931
204 189
5639 4288
1870 6205
3111 7115
176 8217
8194 470
3339 156
4041 1097
3371 5173
7676 5342
5994 1567
6005 6776
7232 132
761 6736
6067 8855
6881 6162
1911 2211
8155 7155
5119 6484
3586 8370
3776 1012
8541 1006
3293 7645
1908 7204
5618 1378
8916 6404
395 2981
3745 2958
3650 910
1228 5645
885 4131
2808 5643
632 3227
822 5274
8619 2244
5826 827
2118 8241
3801 4381
7830 4306
8964 8709
649 7141
8386 6907
7207 3782
3228 4735
8701 8840
8147 5711
5836 5208
2843 5435
2033 4485
3650 5683
3459 4747
2178 219
806 1162
1899 9011
6841 3778
4519 1113
1277 3881
1277 8011
8458 1165
506 4195
5173 5935
3541 6664
1802 3160
5840 8561
4610 8083
5863 619
3957 2575
4657 8413
1590 7196
4924 8767
5103 679
2764 7078
8790 7582
3909 3290
1706 725
5815 3641
8177 3219
5955 877
8475 5653
3951 4429
4236 8708
7784 2104
7132 8604
6883 2227
313 2809
3928 2522
4565 2728
4919 30
5483 5131
4227 651
6956 3306
4837 6838
1017 7035
2962 7652
5465 3282
5277 2886
2315 2736
1152 6749
4549 8642
2212 2058
7484 6026
7245 7636
5679 7651
2590 388
5517 2430
6235 6635
4827 2067
3659 1601
5631 8506
4836 8658
6508 6953
6369 5515
518 155
1657 4532
7075 1042
2567 1507
7585 255
5591 6360
2676 1941
8380 1565
3342 2342
5471 888
8613 8205
4349 1497
983 2480
8109 3922
7285 917
588 2054
5209 6023
4199 8185
6625 7869
9 2148
3142 7742
8464 655
924 6790
2561 2436
1500 5524
1924 4453
4290 3380
6380 8788
4579 3804
5729 755
3254 5273
101 1584
4865 6381
1363 2759
3512 5067
8058 1388
3988 940
6433 4818
2023 267
2439 2634
4979 5107
4194 7605
1549 4280
1820 801
632 3966
3280 4571
8815 8761
4571 1460
6292 6680
5402 3307
5477 7465
3502 2187
3048 5636
1614 5781
2535 5529
5259 7091
4934 3665
9025 3607
3284 6737
2590 6104
3539 381
8681 7881
6097 6141
5050 5187
2897 9019
533 4853
511 2550
4140 1174
8230 7214
4987 1374
6029 5430
616 280
8927 4909
4288 5298
3461 6239
7669 6362
4849 871
8820 8190
1959 6789
7628 8639
682 6198
3694 2693
4944 3808
3367 6478
3197 458
3888 7191
4700 2630
8891 964
3227 20
1583 4050
2711 1596
6548 9007
4191 1071
3729 686
8476 876
3574 7383
5507 4764
8409 1827
3215 3732
658 4133
832 1948
5548 2323
2480 5777
2240 6124
3455 7156
2937 9005
8290 4343
7364 868
5154 1336
8232 354
1757 8892
8528 7074
4602 4665
7335 7918
740 3799
7364 2151
8574 7138
547 8656
5835 1610
8175 7018
289 1763
4793 5552
8707 6041
3126 1631
3951 4710
2728 8424
5358 7954
108 342
8962 6385
3927 3458
8426 2570
7075 51
2092 3936
7176 3669
8233 2964
1375 6955
1162 7359
2480 3056
3000 7252
3732 8789
5855 7386
2301 1648
6173 3969
5923 3453
6842 5104
6301 6015
7551 791
8584 5436
1718 1852
742 4102
6115 4506
7892 2916
699 1542
7553 3037
1632 4202
4814 1403
4379 8169
9030 4058
6486 2384
6826 2112
6059 990
4819 1986
828 6726
6736 760
1935 4502
4570 2057
8621 1233
4218 8620
874 7005
2536 7435
3834 5046
7374 8860
585 4646
7977 6017
5624 260
3359 2756
866 3495
1444 7036
211 3167
8519 992
8386 5614
924 7661
8481 1382
2916 6617
4072 6044
8662 8632
7535 1317
3931 2447
3140 5822
3134 3445
7160 7186
2949 3566
8996 4078
4234 7304
2205 2461
6368 5152
5964 6473
7381 3859
1581 6603
4704 5084
2068 6972
1425 7911
1445 5061
4090 3711
6074 1984
6604 2798
2471 1406
6232 2530
1151 563
3512 3838
3761 1160
1574 5692
4541 319
214 8221
6901 6695
164 1803
594 173
5370 5546
243 8287
4515 589
1555 6439
7356 692
5275 1847
4547 3943
8481 2166
1905 8362
3785 5903
7484 1373
5931 3764
5074 7895
8584 4535
4725 7480
3804 893
6856 6364
6900 4822
8628 1848
5538 171
5450 7515
4676 8547
234 7385
4557 1356
1818 1048
3102 5575
5695 6174
240 6876
4764 7698
5671 7478
8780 1021
5717 1338
4323 1570
2889 8952
7192 8644
6188 49
4881 6189
3858 105
6442 201
6797 1801
2641 5106
5094 236
7550 1312
7786 8704
6535 6637
5651 3557
6508 1150
1450 4727
5252 2378
5721 8756
4537 2402
474 5134
7671 1571
3602 7100
1787 2051
3551 6530
7004 558
2701 5002
7278 8127
3818 5995
5719 353
8572 7893
2571 1323
5416 7658
8947 8666
6045 7474
3415 5160
8753 4238
3884 475
5502 2035
7505 2925
939 5303
658 8608
2485 7827
4840 8000
372 4969
8666 3226
1073 410
7502 1132
6060 811
6426 186
3492 6574
6853 7055
1618 8101
91 7459
73 5732
4337 2725
1625 2426
7666 4346
78 2070
3179 8079
2270 6467
6487 6500
5268 2393
1242 5395
6624 2586
4856 7112
3811 8742
2891 3128
1909 2497
6185 8758
8810 2217
1647 6509
1029 7709
820 7528
694 1849
252 1594
3812 5315
4695 4188
225 8804
6895 626
1081 3008
2619 8544
2690 1563
7691 8374
5576 2146
8732 8137
8948 6640
3129 787
822 4415
2576 7554
1912 5902
2447 8578
993 5419
614 1737
2885 2673
6628 4857
5289 4155
4552 6108
4190 295
7750 8630
3723 5944
1663 3800
6123 5241
4515 8928
7543 8183
1327 6957
7254 3944
3416 7702
877 2152
2 8117
3167 1533
5205 4771
2654 8242
2706 6555
2165 8489
4749 2754
9030 8340
65 489
1462 1917
2974 1609
4741 4459
3227 7503
8372 6265
5704 8275
4981 7595
7401 5620
4026 5764
2579 5532
2668 8627
5452 593
5612 6559
1358 6698
7725 8032
762 6062
5163 6119
514 1088
3673 6003
8305 1280
6894 1603
4638 4965
4987 745
1577 7810
401 1093
6537 6861
6580 2224
8770 8859
4990 7938
9030 4366
3871 6227
7169 7916
4430 2806
4482 3233
5427 6651
5135 9001
3051 6191
6714 3356
5335 6557
1721 4027
5903 1760
4752 6629
5272 3718
7881 1671
4022 5528
1736 5882
6334 5030
4644 8546
2072 6868
761 5036
1291 1297
7014 5041
211 6290
2324 6118
5688 7753
2933 2115
1338 3902
637 5144
1410 1545
6836 623
3094 3336
1647 708
2652 3948
6737 7233
3000 5896
3565 8198
1055 595
4128 5551
8876 963
4524 8817
7811 3271
5721 6980
8181 5592
5749 5574
5416 2275
5782 3961
3594 4538
3157 8971
5453 8488
2673 2812
5729 7939
8415 2282
6412 7953
4986 6228
3327 8373
1802 3543
4233 7457
3589 7378
8000 2458
2841 2716
6827 2289
8528 856
6972 2940
3521 6505
6079 2869
2159 6977
8483 6096
8336 7136
2165 2901
430 8638
8736 3604
3663 2624
3989 6870
1870 2796
7863 1608
7811 8925
4822 3755
6274 6720
7223 8850
7403 8674
1724 5089
7045 1117
1245 2201
5899 2509
2149 3624
3290 2730
3111 1065
1972 703
6067 7280
6830 6107
1332 838
7512 3479
1248 7030
3652 8260
5350 3474
7149 982
5940 7438
7484 487
4154 3779
7553 6090
3944 891
825 187
6357 1085
6764 8143
108 7549
274 3026
3976 3869
7874 6143
6497 8192
3318 8839
982 6758
28 2926
4781 702
80 6862
5450 6001
3157 3849
5485 5126
1255 6521
1846 4959
5010 5327
6704 1628
5991 169
6566 4486
4377 66
8063 553
865 631
3492 1880
5289 4038
7004 583
4959 6843
2155 611
1894 7994
6124 150
7533 3939
4749 5005
2016 6063
4571 5184
4646 291
6893 6536
1890 7721
7969 3064
7345 1954
80 6534
3226 202
6879 4418
7626 927
3561 552
8304 2508
4047 3674
8100 5523
7120 5784
8439 3615
4600 5148
1248 5986
1058 7566
5820 6153
6299 879
391 3121
8974 7785
3105 1812
4714 1307
265 1195
2456 8543
3319 5875
1944 4811
4182 4080
5941 3605
5259 2011
3845 4551
3307 8285
7566 958
5645 8002
2599 7116
6231 4000
2522 3672
8273 4526
8082 7299
2650 1728
2721 8510
3521 606
7145 2195
2499 3629
5852 2637
5896 2553
3305 3562
8086 4192
1289 789
8319 1003
4789 5167
4466 6160
5750 3262
7949 2594
4794 3346
7556 8449
6717 2341
4490 1676
1578 3933
495 5075
602 9020
4913 2409
7697 7292
6129 3266
4033 8435
1532 1295
754 1967
4839 5577
1059 1419
6905 1430
6040 5599
1538 2849
6402 2137
3380 2218
1102 2421
6580 7984
1211 2961
5960 882
1924 7677
612 7432
438 8894
2539 3719
6156 8473
567 3112
7756 244
7697 4315
6370 6745
2966 5379
4392 190
3130 3257
4768 4335
5802 592
1629 1076
8754 1409
2970 834
2424 31
6170 4729
4963 941
3459 5027
4195 3506
4985 2143
429 1496
1082 5906
6876 4032
7175 7933
2773 7210
1384 4321
8104 6110
4706 4998
5932 3248
7677 3577
176 5043
6999 6288
6385 6408
6344 7690
8192 4157
8760 3145
6502 1153
7059 4016
6885 5294
2550 6553
1785 2316
5939 7414
731 8112
8933 1068
5719 8645
120 7416
479 4756
4194 5175
1915 1067
6425 7284
1579 545
3112 5886
6884 2548
3173 5497
3256 4172
3705 8748
6434 453
2808 7157
2258 7864
1501 2317
7023 5231
3307 8316
1690 3770
7625 5550
2553 8360
6468 5142
8980 7240
4697 4744
4763 2256
6537 7336
4300 4558
6457 3276
5464 965
8375 6195
1200 7673
178 1253
3779 6303
8638 7344
7379 2001
1332 5191
5973 1636
8578 4176
2748 7482
7840 1753
902 8025
2393 7068
6282 8110
1303 5220
8641 8834
5326 6112
2620 6819
1011 502
4235 4457
3594 6840
1342 6739
6349 2568
8302 5185
3959 4303
745 2082
7793 4367
6678 7360
7462 2957
8483 8119
1684 448
8166 5999
259 4829
3444 5150
4766 2791
7882 527
1387 3696
1156 1038
955 2580
6598 4952
4033 4424
6670 8274
6192 407
8932 4146
7500 8267
4349 6246
1489 1931
3014 422
3561 3923
3848 4350
4842 335
1712 1066
8413 1756
5559 2123
7389 1829
8192 1550
6295 4630
1082 5647
6035 232
682 8228
832 4010
5084 8460
672 5346
1573 1778
3530 529
1273 2161
851 2373
205 1238
147 1074
3079 5097
204 1819
1530 1484
488 7015
1374 5615
5196 6070
4458 6782
5851 688
6253 1892
2907 1541
2355 7315
3044 165
8554 5077
3226 7318
3731 2917
6263 5421
5967 6520
2279 2902
1252 1480
6677 7249
2188 5884
4839 2215
6250 3646
6513 3984
7149 6831
5259 7836
7533 4927
7134 2994
4025 6606
98 1458
4741 3382
136 4100
8564 2479
3844 3920
4501 3580
7698 869
2980 3997
4316 3657
6926 7896
3190 1769
5704 4400
4814 67
6653 4348
1292 1978
4970 2273
4811 2923
3834 7640
1054 5492
9001 1330
1563 8576
8185 3987
1713 3133
2071 142
1995 4553
6809 5460
4481 7927
8230 7320
3942 4562
3302 5512
6147 6565
1671 4653
1231 1258
4750 1672
349 3537
5241 8774
730 2610
8101 3003
8212 1560
4913 194
3704 6132
2821 7177
3949 1283
7308 6179
7018 1540
6190 2221
6582 1702
1579 2900
1807 911
3547 5654
8496 1898
2718 1926
4188 7419
1938 1503
713 8950
2442 3627
6299 7790
5420 3553
2562 5603
1611 3308
1004 3273
4658 8259
4838 7789
3884 6114
1506 34
3945 1989
6324 2531
6457 5874
4811 5338
1574 622
8002 509
483 4279
1218 8053
6686 2887
3307 7069
6756 3743
4638 6959
1435 7534
40 2076
1987 7466
6470 1635
4406 3320
2678 3176
2588 7440
2130 58
5573 6479
6853 2257
7855 7105
6388 4169
890 4604
6389 6046
5494 4994
5868 8557
3824 2691
816 424
1941 2660
5374 4769
2263 4493
937 7372
5452 5412
7198 6327
2273 4030
6654 494
2322 987
3705 8660
259 7612
4448 8970
4293 7962
6737 5484
6523 4852
5843 8207
5013 2262
4802 8741
5502 3243
5564 4294
8627 7283
4819 1809
883 3316
8569 8026
1278 7765
869 7504
5990 7787
897 8768
4047 6522
6710 5630
5874 2219
8443 7081
6141 3366
3927 2628
3586 8187
6360 172
3696 7431
5124 6730
7165 2884
6774 2089
1020 1127
7996 7243
6250 994
2065 980
8728 6630
8064 2694
8870 7255
3668 3559
4637 1599
994 5440
3257 4597
5874 3622
4994 3421
5180 3682
101 2919
7376 6699
7378 3596
1500 8042
3931 5707
4749 2870
8523 4081
944 4560
1332 2566
7449 6788
3729 8757
1020 5525
8134 1037
7486 7752
2093 3325
1691 8507
8735 984
4618 8173
8912 539
3376 403
2777 5588
7511 2214
8543 4138
6953 8680
3364 6648
8692 792
5 3588
2187 366
991 6403
5285 7703
1948 899
7170 3022
4573 7333
7795 6721
1935 5123
2996 7104
2263 4362
3285 2696
472 7325
1325 3069
4146 246
3642 7338
498 8349
6205 8333
1394 5791
3991 2192
1708 7935
2905 7300
2397 443
4435 530
4589 5912
5011 2313
58 3169
7582 5179
892 7199
3021 1893
7482 3815
51 3563
4216 4132
6362 1630
3074 3896
7120 2936
3800 8553
6285 972
5955 2236
117 5045
4214 7634
1689 7805
6962 1543
4420 4121
944 6954
640 6333
5843 1241
4381 8097
6522 4422
6951 4854
701 6291
5604 3787
2361 2032
7838 323
5665 5740
4199 5145
6511 7026
142 582
7210 4503
7072 758
2821 6071
5852 2488
3270 7880
1565 2425
822 3510
2402 4684
6072 914
897 5086
188 4292
6645 425
463 855
132 8418
3603 7113
7114 2198
3340 3970
3738 4212
4541 8122
6053 3955
7523 4746
4589 4890
8438 6494
3812 3015
3603 6255
5369 2047
5530 210
6536 2311
5836 1914
7450 8856
6223 4342
1384 3635
2515 2491
5470 29
3157 1069
3213 4767
1117 2454
7112 7910
4963 168
6846 8234
6031 915
7015 8404
3117 6754
2985 6844
3770 5181
3160 6281
3959 1109
3672 365
7402 1397
8803 4167
7344 8403
3214 3895
1912 3516
391 7390
5944 5475
557 970
2919 1309
4615 5495
8616 3793
3122 6154
7401 16
4464 5865
2788 4019
2680 106
1156 3465
5097 4126
3083 2321
8228 1486
1594 5929
62 7548
5389 8623
2832 8399
3673 5554
6014 7607
2941 2816
3828 8419
3595 3354
3563 676
8623 7743
7402 4790
183 4228
3853 956
7757 2331
5235 2010
6038 3528
2861 1746
4429 394
2301 7303
5529 8327
1859 5672
4212 4412
641 960
1337 2375
4727 7699
6861 5304
8986 7630
6637 6578
5495 3688
5860 1001
5451 7009
239 936
4213 3335
2648 8624
3773 6319
8579 6025
8353 3209
3782 6056
738 296
3160 2954
1621 6356
9020 7152
8528 1134
4167 5765
3866 1354
8355 2004
3835 8325
3713 8831
1918 5910
2142 1024
7397 5246
16 3298
5835 1220
7531 6940
6732 218
909 7745
3279 4149
4625 3475
5662 1094
616 5785
8729 3592
4841 7000
2212 7066
8111 5746
254 6930
5507 8487
944 7097
486 2233
166 2850
5045 4162
3993 7146
1590 5809
2332 4110
5046 6729
4866 8220
43 8452
8054 7481
2281 5557
3457 8503
5714 3261
5964 8842
7146 536
3012 550
3008 5942
6532 5646
887 7748
2011 6932
3978 6213
4696 1969
2751 5543
1079 6825
6320 4648
5038 139
2890 5066
8066 8395
8143 5037
1655 8246
8260 4639
5311 8955
752 653
877 1341
6360 10
1265 2775
8260 7017
7254 5598
7840 5323
8403 3238
911 5118
4852 3181
2566 7453
164 5092
7753 125
5656 5905
8508 2988
2218 6432
8267 3278
1540 3519
7438 601
2960 1340
4586 8669
2479 8391
7856 86
4440 2050
7551 3735
942 8227
6183 3614
3067 2062
2302 2915
4789 2468
594 3700
2561 310
5374 5924
6640 2908
7849 4914
4260 345
4306 1304
8805 3842
4871 1300
8302 1118
411 6783
7100 6667
8069 8765
3180 5334
2861 1910
2936 6028
5176 203
876 2326
390 6310
7541 8649
1338 2666
7866 2511
8695 431
4456 4774
42 1350
1881 1346
3878 1420
8345 8913
3380 7826
1769 6335
997 7716
4947 6423
5927 7238
4970 2154
6250 2834
5070 7885
6497 808
6478 6800
7140 149
4192 6857
1029 4761
932 6152
2686 5797
7359 8092
6187 6158
8216 1019
5246 2997
2562 1720
828 6002
3393 8023
8766 2595
4223 4687
5571 2853
5580 1552
5716 2417
4898 1734
2180 2819
688 949
344 8379
2273 1843
4637 6476
6201 2131
4256 2021
6568 1157
7401 7361
4577 2049
424 8866
4154 4505
4854 5768
4858 3789
3951 5114
4450 6766
2270 5381
5964 2749
1780 1367
7253 2976
570 5627
7042 2462
7792 4463
2323 8993
6947 3447
4149 8535
4679 6622
4448 542
8818 2858
8554 7423
3909 8366
3183 3448
2373 6111
2083 5248
8490 1187
5341 1784
1462 5017
623 1124
6109 2394
1810 8563
4397 1224
3798 2290
6076 2145
7594 7346
8815 8800
7226 4388
653 4240
6173 1869
7249 2574
534 1090
550 8030
2372 3449
4197 566
2103 4001
4649 5562
7997 7834
1903 5504
3692 5146
3976 2304
1265 4820
3367 3974
7449 8231
3764 4873
5654 7328
660 1415
4348 1804
93 7143
1379 1627
2255 7507
8361 2392
8734 5192
4149 5616
7070 382
6860 946
1110 2990
2650 3009
4866 3390
7245 8494
5049 669
5030 2639
6803 2495
7141 6599
6905 2760
5157 1939
2102 1193
7348 2117
8701 273
8020 9008
603 1512
5186 7842
6912 2627
8635 5098
8569 4467
5608 5773
1420 6703
4458 5214
6169 3633
3354 5998
6077 829
2907 4476
2212 4445
8422 7976
264 1767
4785 561
511 8661
7238 7780
7089 818
7176 8944
3642 7194
65 8917
2482 8653
6949 3806
5774 6455
6116 1167
6582 4991
8273 2662
6199 7251
6541 3478
2490 4232
509 2299
2422 2271
7977 2272
416 3313
6907 1975
2322 1806
4374 6030
3778 853
2530 1837
8507 1598
2466 7706
6055 1703
5662 2857
1148 5988
5163 6241
7820 2852
6559 6874
7930 5447
5167 6477
901 4185
8784 8001
4226 7513
5869 2220
8064 3915
4133 3821
390 2807
6942 4394
903 3872
214 715
8959 3891
176 8170
1067 6533
4128 4355
6857 7980
5364 5581
8220 5151
6259 8262
2781 7760
2870 3590
6783 6243
466 5622
3136 3766
7904 2543
7019 1999
232 5099
54 556
3459 1126
4625 6372
5341 728
2368 3153
8315 7617
8632 4859
7691 3865
2909 1962
3321 5720
3637 5890
2921 812
6530 8252
7429 6261
2997 4385
6096 7133
5179 5715
8639 8551
4061 4207
4045 2486
2102 7804
2595 6337
3242 1613
778 4229
7965 3666
8478 2176
2728 1096
5462 508
3933 7791
2 418
2050 6122
6048 2382
7578 1738
4566 5596
4433 1828
2322 8887
8144 8308
6169 321
6149 6558
4055 7629
6513 729
6299 8367
6640 540
2921 5754
5180 18
6991 4867
1880 3387
5963 303
1416 6761
3263 7088
2938 6036
4565 4495
6585 4612
627 7225
5691 8447
7212 4313
613 5747
6975 1772
596 7013
2888 2767
5404 8453
2265 4911
5187 4759
1726 4325
2874 7003
6353 7456
8464 7635
9030 6619
1554 1353
165 8746
7763 7319
8036 6944
3822 7425
8577 8610
8422 8935
726 4472
4090 1424
2870 7583
7507 5149
3973 7641
2827 8853
6500 4113
5772 4930
1320 7581
829 7736
4715 4106
2663 5413
8367 3127
8893 8884
1669 363
5427 3182
2527 5496
6709 7822
2239 1254
1608 1145
6038 4396
6575 6340
5460 3752
4905 1523
6905 3096
6264 1047
4812 690
2708 3860
637 3935
8272 1063
2611 1617
8510 4964
303 2735
5973 5987
2267 1473
226 3125
6361 2362
524 4643
1045 4259
1810 7812
8430 8219
770 1135
5568 6925
561 7290
2042 5446
4124 5702
2688 1727
1292 4460
1209 1178
5419 8178
8358 1683
7383 2758
7429 4574
4772 5771
6805 6057
3891 8791
3075 8652
2071 1857
2859 454
5944 3149
3132 74
6372 8773
4227 3348
5004 3394
6210 1861
2832 4330
8471 2164
7035 5391
490 5673
4690 3803
7885 4251
6712 6974
449 361
7283 813
8049 2413
372 3819
7345 1719
6304 3446
5026 4484
8803 6751
5905 1137
4715 1644
2337 8637
1027 8493
23 2800
2257 5609
6060 5437
5694 953
1882 3503
256 1381
8043 2709
250 8196
150 1681
5227 6807
5894 4136
8408 1114
6096 1981
8022 1902
27 3211
5941 2208
765 4066
6845 7695
8135 2000
7153 8614
3866 6596
769 7269
6637 5270
713 7071
2535 8462
6303 2805
8975 2875
3871 5676
3746 4109
7219 2266
1510 3583
4415 2842
1847 3358
6065 6163
5839 4755
1999 8951
1445 8772
4811 287
6247 1180
4112 2412
988 5443
3987 3201
5271 950
5953 1951
7158 4654
655 4511
3461 6950
7223 5686
143 6888
3775 2274
6934 7455
6694 1786
5461 8524
2201 6524
546 1781
3156 978
1519 1176
8721 7353
8197 4451
8970 6498
8185 4423
245 6009
4441 2971
5389 1036
4501 6992
2800 3582
9029 1417
1387 7841
2355 2892
3757 8792
6414 8607
718 3218
3249 7667
2459 2529
8180 8012
6634 7463
3904 6237
5581 1624
2447 4317
6612 6438
7280 6692
4429 8865
4335 1588
2762 3124
4782 2713
7825 8318
1755 2545
718 1447
5943 2470
6810 3482
7993 8085
6603 8686
915 7247
5362 8044
2952 2433
5494 1213
4840 7525
8519 7085
6936 5423
1738 7555
3255 5930
1786 8696
7373 8901
8175 2207
4726 2622
8042 8116
6458 7638
9011 197
637 1936
7013 5706
4986 6679
2601 2984
3709 6589
387 3550
5963 6409
6243 7244
6274 462
8396 578
7759 6068
102 7209
3419 3841
6296 3689
5174 2582
3139 7417
2624 830
7938 2327
1456 7477
5021 7572
13 767
472 3790
592 6225
1322 4158
3311 6217
409 4868
8503 8835
6993 7422
3728 7875
6556 6658
5442 1396
707 2363
274 8118
786 4324
3339 2523
4697 4787
1912 7654
1751 7487
1775 3086
2208 8903
6779 1575
4185 1210
5099 7794
777 4635
7679 565
2811 2229
6312 1638
6252 6206
6862 1960
4519 4797
8858 2419
4016 3877
2964 3937
61 6465
3709 1412
7061 5233
2270 1463
7465 4617
4199 5558
9028 216
2255 376
4335 5022
8658 3259
188 1225
2461 4144
8985 3851
5194 913
4686 4411
553 1650
8593 5950
5300 3065
1631 5952
5963 5972
1754 5841
3630 2098
953 7173
4238 5796
7613 5808
364 2094
2447 5544
3923 8597
5625 4261
3652 5873
7605 4283
4690 2633
408 8429
8380 4164
8470 7144
2353 4211
4087 3059
7418 2063
432 1269
8440 1774
5531 6683
2954 2484
764 5166
8607 8825
6454 4691
693 3501
4951 5386
4977 1049
6175 771
4386 5904
1795 2880
1403 8294
866 5945
2727 7978
4341 3138
689 4282
6413 6133
6626 3791
1852 6073
7216 3005
8530 5501
424 8364
2413 8956
34 3303
2574 636
5009 5361
1605 7256
8785 8300
1796 4489
87 7843
4323 4518
3014 617
2969 1033
3658 7886
7142 8549
7213 4723
5702 6543
885 7109
1150 2259
622 7250
6014 5110
8733 4605
698 6236
1332 8311
8177 6501
6512 469
3145 5680
7818 8618
7555 7395
2904 4203
6422 4833
6988 2445
7655 7891
1735 444
6335 3137
6070 5441
195 2734
3993 4575
8957 3980
8382 5787
2510 6008
5037 4711
7635 2452
1165 772
482 4650
7871 6145
8980 5003
4240 8257
8809 7404
2507 8491
4897 1841
8899 5210
6187 8994
134 393
1977 8202
6140 4056
7613 3217
3071 8751
4889 433
3075 4608
2105 2440
5219 5834
857 6359
7760 4607
2967 63
8187 8982
2237 3639
3329 253
6396 5861
7290 7516
1741 3253
8756 1714
3289 4709
1086 2140
5079 59
5769 2476
870 8700
6607 645
4784 6297
5421 1879
2251 3716
6310 1553
4959 4286
4462 2400
3744 6913
1236 3361
7894 5621
2714 744
955 2478
5067 7596
8756 5743
4311 3450
4500 6293
2758 94
5216 312
6727 1722
8447 4902
4174 6043
7645 1402
6421 8995
3362 6390
6288 7159
5027 1318
5191 4052
537 2395
4042 6485
7635 7083
5724 7890
2963 6050
7059 6644
4366 2929
1982 327
8877 5549
3887 1468
563 146
2592 1759
8066 4716
4714 2297
363 6230
4894 1974
2577 2015
3797 8140
2642 5229
7916 8029
6788 8515
4359 6244
7375 7289
4243 8873
5366 162
4061 6203
8006 8052
958 5018
1609 2403
3732 158
2165 6552
2174 4950
1414 943
180 6176
4194 4175
8111 2246
6368 2349
6146 4807
1642 3198
6251 1845
1042 954
7290 8830
4703 294
2932 3619
7275 7814
309 1928
3161 2912
5596 2230
4136 8356
6962 2344
6843 5883
5916 2999
6315 4943
321 6328
7812 5817
4377 6806
707 6899
8043 6996
6520 3661
8557 3613
8767 3433
3411 6022
1467 1520
202 3441
6498 3810
2761 3714
7486 8301
7667 5804
2374 2681
6720 1016
2452 6632
5656 6331
3465 7028
8990 2772
1062 1916
4617 1249
8799 7758
4028 6086
8733 1129
1737 8224
2526 6456
1608 9009
4882 3809
911 2116
5266 56
156 5139
1571 7180
7523 5245
8997 8872
6886 2677
1912 8040
1591 2720
6356 2367
5614 531
1922 6597
8422 5763
325 5889
8925 2763
7356 6240
3217 4351
8336 6330
5083 2406
7264 7689
957 7393
1776 5444
2922 3701
1762 4287
5467 8796
7385 1479
7503 5669
1983 5866
4740 5316
5720 4480
7470 7829
3957 5582
7395 4514
6224 5569
8457 4339
7793 7921
8934 1744
7026 7082
5871 2881
47 573
5339 2405
2209 8299
193 2616
7708 4846
8655 8206
5913 2277
7361 153
3277 4088
2354 1057
4785 5954
1423 6808
955 8960
2657 8999
1093 299
2572 5659
473 3690
7327 8897
8230 7807
1057 2776
7552 8498
8459 148
3888 6260
8833 1471
3469 144
7006 8208
6136 5276
1276 4568
7461 7923
6370 84
3732 1992
3247 5195
4223 4354
540 8293
6489 4861
3261 4245
6601 1005
800 6909
514 4305
6317 1305
7383 3476
408 7452
1854 3395
3001 7674
8653 8816
7508 7166
2027 2173
7840 5500
1213 7259
5418 5401
4317 6088
5471 3381
1534 4823
33 4477
819 5172
2137 3940
8054 6748
238 2683
2412 1380
2204 3177
7184 8512
3334 8268
2345 286
7426 2300
7797 4513
7929 2383
1367 2670
5529 8398
7884 5555
5005 5685
7497 6492
8174 4329
6024 2369
3027 3200
1109 5718
5652 7722
2786 8724
5101 8673
6819 37
8986 4123
5565 6375
2935 7178
4554 7257
6512 2335
6408 5344
4124 1680
784 662
7319 979
8524 7580
8142 1709
357 7020
2322 5333
2509 331
5903 6978
1780 5739
475 8067
3002 9016
6766 8651
8446 2260
1513 96
828 8284
4963 5296
6490 3660
3936 4936
2631 8073
7332 3237
8438 8334
5884 2193
7322 3384
6224 3813
3450 2287
734 4405
1644 2064
2026 7488
4516 1268
1905 1569
8070 1348
7145 1878
1811 135
972 6411
3246 7201
3254 5141
7697 1343
3826 5343
7948 4114
4219 3405
8964 3241
7025 3429
4260 2833
6116 894
3534 4712
1127 68
6505 3623
8658 4239
8653 4971
8846 823
2394 7086
7651 2862
3124 8106
7887 2554
6206 1660
8401 7643
4272 6443
7178 4601
48 8676
7724 2689
5322 8484
2674 5352
2586 3532
2165 6445
709 519
1093 7653
697 4806
5528 6922
5210 485
8424 2896
1904 4845
6442 4662
7665 6849
4544 5540
2653 3073
6333 5775
8193 7517
292 625
3428 5918
173 8266
5729 3913
2573 3836
7795 7124
4784 5286
267 1
7830 7038
3028 716
7571 4122
5199 7694
2613 6725
1530 6448
7166 5063
4047 5202
8642 2506
977 5731
7064 1010
3048 3873
2688 2814
5536 4809
2165 4376
3798 749
4478 4380
4499 5920
5136 1814
534 8585
2552 934
3272 1633
6933 3882
112 5433
8500 5682
2694 1408
5040 8189
4227 3115
2480 3805
3108 5463
168 4958
7672 4733
7238 5893
3126 6551
3400 4775
4579 6452
2446 920
1853 6415
5736 2635
2118 6164
7975 1862
7445 3953
2636 4497
486 8071
3735 4832
8327 5431
4097 8154
2159 5947
934 4863
7922 1866
1358 2314
216 714
4527 503
798 6496
3000 6037
8175 4103
4336 3606
7161 5258
6727 3591
4890 6378
7491 1980
1990 2534
295 1185
5593 7215
8400 7606
8225 2385
121 3402
4344 6627
6129 231
571 3734
4572 2360
6030 5722
4531 8062
7002 81
8924 1674
990 6016
8524 4205
8047 6549
7448 2171
6896 3135
2339 4773
7605 7967
3134 3741
2032 3653
4090 4645
504 5140
1337 5738
7930 6220
6608 5975
6297 3481
4061 3950
6889 6171
2160 2956
8937 5493
5785 4534
1471 2945
941 6570
8144 8539
8656 7813
972 6391
4499 3584
4578 7121
2242 5922
592 4299
3351 2755
6932 8078
5842 7986
2153 3221
8156 2380
6392 8591
8566 3830
3611 3467
6384 3686
6220 52
1650 5244
7792 7076
8504 370
7034 7349
5013 9006
3202 7439
284 7221
6590 3946
7166 182
3269 5305
1500 8056
7633 8906
5701 1562
4818 6738
7622 1491
1242 208
4098 7228
8311 2167
1254 6051
4282 7947
8577 3268
7724 4399
7470 5751
8275 1326
5154 795
6983 4003
6044 3985
4364 492
7511 6700
4076 4491
2046 3864
4952 3036
4487 4926
3805 4241
3706 5376
6294 6753
3660 3628
8469 1226
3660 1446
1786 4533
2680 1527
4052 3357
3619 8191
2961 671
8054 8080
6140 2803
3915 737
2819 7468
5750 464
8264 2612
4556 4978
1796 8434
5794 95
4165 2851
2552 3143
5304 1607
7404 5390
5249 5232
4096 8035
2384 657
606 5081
2678 2533
1880 3795
2694 2379
3298 2871
7308 8712
2337 6850
801 3235
6823 797
4687 3016
3970 4353
1821 6987
603 6345
7480 5042
1616 5970
1794 2022
4321 3224
2295 4170
1909 7266
6160 4312
7293 1454
4519 8
3876 5417
4535 8312
2754 2177
2753 3898
3762 1502
5972 7563
509 8590
5209 7148
8222 3360
241 6358
5061 8128
7391 8930
2694 986
3346 8536
1958 2667
7952 6131
2553 5660
2032 2028
6662 782
9008 5678
7356 7778
363 3423
5196 695
7616 4408
7671 5267
3340 138
1250 4962
6497 6815
6824 1873
1732 1743
3782 6752
1019 8973
4399 480
6033 7912
3262 564
2944 7603
4602 8108
8159 6733
4735 3210
2220 3260
5441 783
8713 7782
3571 5655
1198 4910
7368 2441
1059 5872
5943 8718
2076 6924
4865 4269
763 4989
4891 7187
4081 8650
3074 5034
5317 2707
5222 5105
4524 1194
1013 8600
7324 4432
65 8016
7540 4004
8725 7193
2314 6406
701 3417
6761 3463
4145 2665
8614 1529
5083 2948
32 3890
47 7519
8215 4776
4969 3907
5488 2747
1394 5587
7672 3049
7129 1243
8956 7970
3836 7337
6807 2792
5027 3413
671 3477
4873 5295
7834 1777
8877 4736
3218 2113
8860 6994
4261 1285
3667 7495
7537 3399
8682 6851
6012 1994
2756 3648
2252 6623
8773 7682
5015 7598
5550 8863
2046 1405
4686 1930
2698 4091
7874 217
4554 804
8182 750
8401 412
1305 5526
4374 3207
5940 846
6011 3195
2646 5156
1876 8814
7594 7783
7489 5359
1516 6723
8909 3749
3795 1360
1583 904
4727 5088
8601 1622
6842 5325
2133 5060
7981 2930
1110 1136
2722 5212
8567 7230
8353 1531
6930 1487
6153 5102
706 1214
3853 2793
5349 279
4537 7352
1079 5353
7608 6697
2601 97
3806 5479
7503 8797
8546 5056
144 4777
6230 2629
1508 1790
6867 3171
3737 7754
943 1572
9031 8629
541 3060
5525 6941
382 584
6447 8465
6331 7905
1635 6128
947 7719
8833 7704
8647 7861
4638 3019
442 1422
8660 7644
5829 6302
162 1863
2734 417
2490 1651
2277 2460
697 8141
6619 493
8792 6298
4316 3030
6857 843
2496 1344
3550 5473
6799 6283
149 7258
3268 7660
7887 1825
4170 2048
2656 3082
1412 5572
730 1272
4307 8281
8298 5503
3791 6272
3534 2414
5110 562
7711 3497
7303 288
1536 4851
1529 923
2531 1643
2666 1551
5829 8987
7634 8322
8389 8306
4773 7999
7964 2973
8245 5087
2976 7314
1450 5879
3741 6374
8916 6711
5640 8889
7341 2043
7382 3471
5827 2829
2093 5888
8937 1662
1084 3350
8283 6757
2257 4520
617 283
8468 159
540 4465
3436 2182
482 2649
4631 7021
6752 7589
8528 1945
1968 4308
160 3780
1613 3754
96 7946
2186 1208
2267 1216
3940 8249
4861 807
1381 2170
7861 8277
3561 4143
4709 3513
7076 3410
2800 3343
1390 8021
5303 6527
1372 129
7219 7407
4298 1314
8261 4153
7698 7234
8680 757
4014 3333
7597 5159
8191 4375
7690 5133
45 7387
955 5281
8457 5024
4013 5705
8517 5071
825 3106
1662 4365
6369 7331
2997 4619
5471 3155
5188 6314
6470 5468
6240 3466
4854 6089
4868 747
7612 1240
5938 6771
143 5983
7006 881
3014 6219
4774 5539
8342 8003
455 6681
3041 1376
6073 3977
2279 2661
3766 4196
522 3440
8149 8643
6242 3609
7155 1585
3888 7039
3701 6229
1523 4159
271 826
6345 8331
8030 2411
1016 8679
5916 5823
5610 6595
5873 7611
8992 1050
8721 7181
3004 1478
5551 8622
4422 196
5662 8851
6251 1313
2989 2357
6159 3166
6209 2822
4701 213
5607 6387
5200 5553
2588 3807
259 115
4175 5239
2246 1667
6860 8545
3922 1404
3616 3023
2189 6462
1747 647
4978 6087
5184 22
694 7961
3318 5917
3071 3676
2359 7501
3083 6818
6625 8565
8416 3600
3336 2030
4871 3425
1976 8160
8070 398
2179 6166
2325 4886
7121 1472
4464 4982
6307 6781
139 3349
8197 1646
7 5396
2114 7205
5206 7043
5163 7147
3966 2878
6334 4847
4332 2860
2946 4258
8147 3322
4906 285
8645 4371
3830 4328
4475 976
7227 5448
952 3911
1867 1659
6357 7102
6701 116
8081 8915
4516 4020
5925 4210
5887 6636
6236 7592
2409 4590
7881 7859
2216 305
7068 7873
4177 8014
6601 8671
4578 5670
1811 3103
636 1377
6454 304
4516 3772
2950 6734
645 1477
5041 4049
424 4874
5895 3979
1741 6573
3373 7190
4101 4961
941 3058
2123 5637
6047 5518
6628 8667
7544 862
5530 1582
6929 8442
809 7990
3664 3708
2742 1666
3182 2085
7170 3045
6922 8703
4288 7989
4408 8823
2324 1400
489 5426
8455 5956
639 104
2403 4757
7135 8836
441 8309
6294 6858
5879 2377
3516 727
8303 4713
5614 2835
5447 7957
6618 4468
1238 3540
8428 6542
4519 5937
1110 2019
117 7050
2752 722
6457 3114
8842 1355
4422 383
2686 6784
5681 8371
5090 1836
1805 8907
2961 2487
4880 4548
87 928
3301 7988
846 7261
3127 1860
2757 3934
8921 5117
2879 8059
3199 3626
4370 4009
6141 6336
464 1979
1247 1275
3520 6135
5669 7801
6222 4779
2820 3507
8183 7876
6730 2544
1858 5909
3241 351
6867 1407
789 3721
8503 5347
3583 5028
8138 3522
5701 6027
74 4938
3707 5632
8605 6167
4163 5634
6225 5814
5584 2953
6817 1985
8996 1906
5165 359
8740 3286
6500 6469
3488 100
6047 7297
1425 3232
2749 8018
2143 6716
1245 4778
193 4077
4759 2111
6098 4879
1976 4455
125 7872
7893 6214
5011 5408
1781 8437
8304 7591
7709 5745
4796 4129
1231 272
8692 554
692 4603
4280 7277
2551 8717
3721 3703
7318 7493
2071 2840
8094 2766
282 6569
964 4528
4473 6193
4885 4595
3286 6969
5560 587
5607 6215
8022 2514
2189 3892
3359 8089
5340 1192
5779 5989
6570 320
7162 5965
6831 5505
2430 5520
3256 8329
734 7282
4648 2122
332 5080
4893 5723
4623 3148
8290 1164
7101 8779
4038 7179
3439 386
8923 1431
4404 5100
3006 262
5989 8808
4035 7877
8299 7577
7950 5858
8866 1041
4703 270
202 4084
7891 4426
2109 8984
1409 6354
4990 7330
1528 6982
3601 6871
2770 337
1156 6488
3015 3131
1045 2500
2910 3919
8996 8164
8155 6660
4771 8387
8268 4996
5247 4181
6196 4416
5041 1947
5273 437
1612 3170
4588 8843
8958 2498
4724 7731
5534 4855
6059 4089
8868 4900
5895 5690
7907 569
4375 8414
4283 7983
5871 2432
2497 8747
6046 1234
4002 7096
5975 8133
624 4410
8978 4285
8717 5282
2940 5586
7781 4974
6763 4583
1300 3234
6381 630
4198 753
8356 4150
2198 2906
4888 1223
8614 6741
6176 6126
6457 5663
3920 1514
6889 8165
2538 8793
6590 92
5061 3897
7363 8750
2279 6813
6651 2025
715 4929
8347 7991
8578 7963
3543 4201
6716 7287
1697 6594
8290 4204
3642 8004
6467 5394
317 3781
7482 5138
2147 346
7216 8762
8604 7693
3942 3110
2166 6873
3811 170
7626 7909
3865 4810
3833 7313
3117 8270
1733 5533
4619 8745
5895 6908
1971 6491
7842 8744
319 7369
6884 99
792 1920
2974 1844
635 4421
4408 8678
234 8296
4434 4973
1833 6768
7321 908
8919 5014
4897 2877
4212 4340
4269 723
7177 4161
8232 3151
6953 7442
5476 6499
3116 3480
5047 7848
2035 4166
4234 2959
2395 6376
3491 6921
728 8417
8972 654
6155 3487
786 7384
8596 3960
7618 1315
1797 1955
6990 5798
3729 3084
6234 2150
3736 8908
3127 8670
3495 1835
1278 7854
6153 3697
3718 8031
4057 3310
1852 7126
7529 1934
7778 8019
6543 3899
1016 6446
6052 465
7250 1139
7693 2513
8140 3352
8954 3414
7360 35
5042 4120
84 1749
4830 2099
4945 3489
7969 6646
49 3144
2292 2991
2691 712
3055 3031
66 6562
4100 4127
2998 5016
4367 6571
1172 4525
4149 3925
1629 2685
708 6795
7496 7073
8740 277
8040 2618
6464 3018
3762 1328
7422 3854
6956 5454
5408 2982
8927 8057
7009 1173
8027 2731
6730 2232
3345 7931
4596 223
3065 7202
7624 5368
1624 6258
3025 5261
4991 4878
6337 3236
2684 8240
6706 7080
645 1831
2586 8910
2647 7614
5115 3638
5460 2319
508 3054
6439 2555
2616 8691
2143 7945
2183 6021
8710 8527
6795 6839
3050 7063
6417 82
7113 4071
867 743
7911 1872
1642 6854
7982 7824
7941 6540
6757 3998
8978 5589
4409 2826
7330 1207
8326 3518
5285 2828
5814 6816
6711 779
7027 118
4891 3408
7682 4937
3525 1103
394 1997
2057 1023
3920 961
6008 1101
8679 1940
8646 2044
2038 6971
7573 4953
7814 875
4265 7377
7651 7668
2926 7444
2821 8008
8384 4805
7347 1385
7533 3092
5291 8759
3780 70
2382 8041
5083 5976
2053 8061
2836 2320
212 8813
6342 8213
5924 1764
2054 7600
14 7394
2042 8368
4362 4034
3575 3078
1123 4147
632 8037
8729 7726
6096 7828
5348 1260
6991 8526
1322 6833
6730 2818
5305 4037
879 733
5895 6377
7298 5051
6413 343
5207 8558
102 2978
6951 8102
4601 7547
1369 1548
3944 8278
145 8495
8721 2318
8794 513
2906 8715
1331 7771
3902 5761
3778 2457
5233 6669
1107 5833
8963 5351
1277 4907
6816 918
6018 4200
561 8720
5285 6728
1462 849
2960 2831
3744 6084
6964 1693
7820 1564
6381 7052
3989 501
513 471
2998 7851
8460 6829
2164 242
1412 4783
3395 5001
502 5770
3126 4651
2353 7183
544 5837
2972 4254
4777 7707
7184 1361
1715 4173
7718 8076
1439 4345
5957 3404
7814 3671
392 933
480 8168
8192 2184
4680 8201
4357 7819
4727 3861
4313 6134
2439 8150
5317 2682
5683 4585
5520 266
5671 4062
3407 967
2931 5407
932 844
8176 5981
2483 6125
518 6483
2389 7915
2190 7774
179 675
4984 2687
6657 3679
1445 7521
8417 4139
6522 336
3991 8295
424 1335
6602 1704
8752 8167
1152 1752
7626 560
2377 8861
6246 1288
6297 8171
5932 7755
4577 1256
174 4069
1224 1604
8072 4304
5899 8068
390 2951
2712 5600
6991 6266
7431 5757
1644 576
8492 5675
2920 2867
5333 3610
762 7657
1699 2210
7341 4683
1081 4046
3108 7084
7053 7342
3712 7934
286 7197
7889 9014
8314 5786
5322 5170
5157 5742
2155 7047
6073 7241
1536 3820
702 3587
6196 8533
1566 4545
847 3104
6303 306
5005 89
8328 2785
7473 6917
6470 5590
651 799
4743 4606
6139 5371
1824 2847
5970 459
1847 7847
7920 6150
1513 8775
4281 4488
2380 1411
3534 1362
8725 3029
4676 6138
5582 5363
3338 6525
7076 6545
3661 481
1723 5054
303 367
4749 2125
2306 5428
6520 7518
2648 3560
4942 6394
826 8755
8224 5076
5911 1919
4672 4141
8648 3846
1849 7728
6412 1485
103 3203
6760 7683
7639 3593
174 1421
6676 906
1493 2558
6546 5006
5118 6822
5602 3850
6576 6461
1536 4012
7825 6451
6904 3315
7234 1205
8616 8048
2058 8136
7558 7751
2367 8631
3221 7713
5884 5328
8598 4119
4271 2559
3259 7732
2364 532
2676 8936
808 5969
5849 4765
7196 3300
7591 3683
6344 7065
8956 1246
4848 7323
8777 5667
3236 1592
6583 2733
548 6865
5993 8226
2927 1140
5173 1398
3810 7642
5621 5482
5019 151
2487 8998
4432 1665
2749 7296
4343 6620
2133 766
8334 8968
2730 8239
5818 3401
2907 2914
6938 15
5951 999
2825 1525
1991 3038
5042 2715
3551 8938
1005 3576
1349 3264
3512 656
6502 25
6525 8688
3455 3839
6903 5601
2331 4099
3203 4403
6997 8881
7535 7788
5670 7365
2931 1856
4738 3438
2833 3748
3536 2583
5418 4368
793 1119
2154 3141
2378 3472
2385 3774
8160 4347
6212 1830
7099 2872
4911 1053
7343 5877
1373 8357
1401 2029
4188 878
7945 7588
4010 7520
6110 5052
92 6642
4953 7987
2679 5633
7072 6965
8582 6690
4393 8253
5446 8472
5981 8441
759 4542
6415 8195
498 491
3414 7955
2551 2563
4808 2347
3339 7539
8542 6300
3120 6429
4767 507
6088 8039
1271 4398
3415 5726
2701 8407
2258 1901
4393 5915
8853 8514
3296 1826
6517 4179
3252 4555
1522 6663
3638 7271
3406 7127
1497 3216
4958 1217
7960 5411
3002 7878
2204 5859
6227 7131
3001 6786
6973 5044
349 7010
5246 2596
5911 3072
4582 5403
8513 1022
5616 3500
6665 5613
2270 2247
8631 8942
7468 2223
3142 298
4407 2235
5098 8977
752 948
2481 6675
6719 1239
8982 3159
5162 6659
7135 1077
1196 3287
8430 371
1672 4018
8776 1965
5687 5919
7963 2451
3483 1855
2760 8739
2963 2893
7279 7354
1885 6329
866 2346
8777 5727
6698 7536
3723 6101
6593 2106
8774 1705
3499 1620
4837 665
1113 5189
5295 5230
5086 2158
6943 1452
7643 3952
7357 2504
6954 7122
7077 1698
1553 8841
6048 3685
1580 8943
8995 2197
4959 2121
1888 4187
3984 4111
5297 741
8390 5023
1199 7399
6011 1147
1306 720
3186 2120
4229 7559
8806 7717
2214 6613
6961 8976
4227 5253
1644 8282
3420 6769
3031 704
7479 4915
6501 6373
2287 1095
4675 2358
4672 2427
5123 7211
6579 7714
2496 4065
2398 3265
1153 3070
5473 6688
4694 8864
2189 2376
6081 3057
4752 5243
3576 2564
2761 3916
647 945
550 1442
5298 1895
4449 7263
5309 6631
3548 4788
7856 5961
939 7883
941 4918
4913 6424
5384 6410
3571 7237
5669 6696
4741 8405
3806 8929
253 7670
6452 8869
592 6668
5085 8625
5524 6339
1470 2473
6866 4318
5228 1395
2586 4656
4968 4267
8842 8904
5426 1266
8970 281
6869 5306
5284 5375
2697 5510
529 2658
5492 7808
976 4250
2599 2968
2182 1028
2303 4999
687 2615
1691 6915
4357 1791
2406 1696
6472 7358
3442 5623
2498 1687
832 6998
2492 7239
8631 8636
6993 7188
8132 5644
6267 2600
2826 8218
4050 7168
2408 7560
1579 2069
438 4948
3797 7472
6430 7128
3428 1963
8998 8783
2556 5203
5565 8271
3026 4257
6081 5029
6947 3123
7763 5696
1991 1546
2986 8878
2629 1640
8433 3118
2564 2671
7857 1817
1333 3341
6850 5164
3486 9017
4785 7355
7946 8786
4709 7992
3149 1364
1274 1792
1802 6186
1021 1748
5477 4517
2063 1539
3483 7532
2367 7119
4360 3914
3643 8365
2423 4824
5753 5198
3891 2333
822 6713
3356 7451
7821 2388
5676 3687
2958 8125
3647 900
5630 290
2585 3954
1095 5850
525 7579
6398 2056
2519 308
4419 3640
6919 8090
2022 5466
8830 55
3764 1000
784 6121
7762 4105
7967 7437
3312 959
6804 133
4981 385
870 7733
5221 5120
2855 7182
3495 3742
88 6075
7632 4895
1362 4920
8420 1429
8563 8931
8107 4378
2005 7681
1163 8087
1255 2854
6160 7056
5123 684
6485 2308
8148 6687
5900 4092
369 3295
4972 3220
4226 8456
2397 8633
4611 4496
4192 680
3943 4798
4893 8376
4524 8672
4276 559
5251 7700
6481 7281
1168 873
1717 803
7230 8882
7298 7046
6323 3174
2930 3040
6979 7601
4946 2704
2743 7772
5911 1039
8152 7584
7390 1946
2056 6708
1836 4079
3209 2136
1161 1171
6979 8448
4078 4753
6178 3958
8655 8857
3715 922
3553 8683
1695 8214
56 6064
4885 4295
5595 7816
99 5563
392 2505
1357 378
1108 2532
3261 1518
8050 4118
6826 8812
4537 7174
6283 5236
7183 580
358 5397
6492 2084
8662 1688
948 3670
7976 360
2805 3621
4014 6605
3637 1130
194 1120
2205 8821
1641 3730
8010 2863
371 2181
7642 1121
5881 7739
3562 5438
5176 3192
341 5130
1992 6564
7776 1511
8067 8559
310 4277
2676 4804
1077 8007
289 6577
1725 5012
109 2391
1636 8280
5256 7973
3758 2799
7890 3435
6426 1970
8062 597
6194 7839
4499 5626
1865 2124
6534 3240
6216 5293
1559 3903
5093 1125
397 5065
5102 8609
8609 5908
8704 8705
7543 7150
6155 4068
494 1080
1669 1115
1658 1765
3734 2823
2500 6948
6716 7575
8738 4624
6936 5848
3766 3862
7254 4291
1620 3529
1687 6510
3995 2453
8389 7270
7297 5803
6687 6661
7629 2431
247 4632
8982 5790
4676 4309
2670 5082
7969 6343
7356 5158
8442 4642
3835 1035
4228 685
2532 5971
8271 3941
8108 2520
4227 7530
4461 5055
397 1964
6894 719
2476 2939
3448 2493
2753 1060
140 1504
1768 7770
3890 7943
6516 1729
6321 4673
4412 1993
3331 6347
5722 3649
3003 3645
1742 5287
1013 6341
3642 8727
643 968
8574 860
7575 2199
8625 1656
6490 604
3137 5578
520 1262
4101 4640
873 8896
4861 4693
420 8668
8680 4314
5375 4652
6534 356
8952 1443
3463 3608
5407 3863
6102 8914
804 5177
4133 7260
2140 4264
1504 6878
2638 1018
6109 6958
3688 7106
2820 7137
270 1221
3762 4884
4114 2774
4499 6397
7388 3385
2749 889
2182 3294
720 5108
672 3962
2904 8060
3732 2844
604 4903
4690 3107
5759 8099
2277 2700
2844 5697
1062 5336
8360 4331
2460 4442
7371 1284
7818 2132
2932 919
4898 528
5512 5898
7996 916
3109 8114
6827 6906
6639 477
161 3598
8355 233
4707 1953
6834 4718
6070 8088
6994 8410
3887 5128
3260 7767
4104 1133
