9501
4628 3561
3561 7792
4628 1322
1322 4597
4597 2052
3561 8756
7792 3989
3561 4617
7792 2275
3989 4229
7792 3340
1322 8187
3561 5871
2052 2807
8187 2484
8756 5968
7792 4141
8187 6514
3561 3681
8756 3222
4628 4063
3561 6487
3340 3182
3340 1065
2807 254
4229 385
4229 6410
4617 5951
3340 4671
4063 6124
5951 1928
5871 8893
1065 5953
3340 4974
6487 4373
8893 122
7792 1274
4141 2237
8893 2547
2237 1970
4597 4847
5953 9330
7792 3669
5953 6519
254 68
6124 312
1970 8201
312 7406
1065 9342
2484 2135
6487 9336
2275 262
4063 8874
68 5005
4628 9329
4597 6883
3182 7300
8201 2129
3561 3526
1928 7395
9330 8779
8874 3097
2547 6741
3222 3795
1274 8355
4597 5183
4373 7245
5005 5810
5951 7564
2052 1358
5871 3353
3353 4217
7406 6103
3795 3890
4063 200
5953 8920
385 2858
3561 6778
3097 8690
3989 7204
7204 1854
5968 1014
262 5621
3561 2481
1358 3371
4229 2315
6741 640
385 7478
7245 5954
7406 9032
1065 7546
3669 5888
3097 3221
8920 8581
2135 4204
6124 9377
9377 1326
7792 8961
1322 5035
6778 5509
1928 8036
4847 4311
6778 9016
1322 8159
8893 2497
6778 9092
4617 8747
5968 2203
5183 5366
8779 4966
6410 252
4617 7524
6519 1823
2807 8667
4311 7171
4966 1752
8201 1291
200 4692
4617 2774
7478 2898
4229 9022
7171 5772
8756 4626
9330 3305
2898 8276
5968 3899
640 5894
4204 7876
7395 1625
68 2667
7171 9174
3353 2228
640 3553
4373 9160
2129 3782
7204 7899
3890 3325
9022 3677
6103 1103
7300 432
7171 2107
1625 1980
200 301
8690 2781
262 3630
3340 6386
7395 7548
5005 6930
4597 361
301 5214
8874 2015
2275 961
2774 7170
8920 7516
8355 5216
6386 3064
2858 6032
4217 764
6930 6905
5888 8090
7245 250
2129 6915
6124 6276
9174 5694
5871 2900
8581 1861
1322 2785
200 4299
3371 5151
3340 4921
4966 6257
6276 1939
7300 9412
3899 1122
5888 6383
5772 9308
2807 6833
3526 2549
432 1424
200 3188
3526 2079
8201 2048
9032 4188
6905 2947
2129 2994
2052 6564
5366 4308
1274 3011
4311 5762
432 1569
1752 6972
1326 7534
3097 5714
432 227
301 2255
432 4371
4141 5710
7395 7246
1014 2563
4141 8832
3064 5055
3340 194
7534 9280
9022 470
6487 956
4229 9350
3561 5731
3188 6716
640 7854
470 7550
5772 7260
1625 8427
3325 2962
4373 5075
6103 3762
194 370
7245 8789
6386 5875
9016 8648
7245 7587
8690 4314
7406 1559
68 3440
8667 5042
9412 8650
7406 2375
5731 8395
2994 5277
470 2356
9092 4295
3305 2939
9377 5629
1274 6414
6519 4321
3795 4084
7876 3783
1358 8801
8920 9251
8648 4048
4321 6583
2484 5062
6716 435
5953 2378
9251 545
3890 45
2994 4222
5005 5720
2378 1370
2052 3595
5366 1075
301 6014
4373 6917
5762 8896
9022 8928
1752 3624
3989 2521
2079 5325
9329 7208
2079 4821
6564 6847
6410 2090
3221 6144
262 3392
3188 8833
301 7659
1928 8706
1274 9414
8036 24
2356 2566
8395 1389
3681 1881
8201 5174
4229 3381
2497 6764
3795 7796
5366 2292
3782 4167
3526 2064
3353 1618
2962 8459
6103 231
7876 8405
7792 8554
7395 6307
9342 2458
45 2867
5005 148
2315 543
4921 3090
5035 8758
3182 7244
545 358
7516 8521
231 8642
3677 215
7244 4297
7406 7894
4597 3159
45 3583
7478 3
2135 7916
8874 3242
4847 2643
5062 3777
8554 4239
8090 5852
2785 2634
5894 1002
3325 7501
7170 4750
9280 6051
2785 4428
3011 2418
3553 6132
8355 416
8427 1352
8789 3538
2667 6800
8928 5761
5968 2257
3795 8049
2418 4600
2255 4720
3777 4198
5954 3515
7854 86
1970 3992
2375 4232
4198 8202
5772 8730
2375 1152
4222 3988
1928 118
7516 6810
8459 1654
1424 6482
4141 2682
2356 2202
231 6644
1103 9111
7916 3591
8276 5684
8893 3810
3526 1406
9160 4472
6276 8235
8395 3822
3583 2166
2549 1083
3777 3823
118 8051
250 5009
6883 7345
8235 4793
5042 4518
4793 307
9032 3051
1291 5779
956 156
2667 989
8667 3680
8090 1993
6564 7094
4720 5715
8459 3401
3624 8561
1939 2905
3182 1034
2858 561
6583 2648
6383 693
8648 2266
2203 165
2521 1135
8706 3645
6487 6506
4428 5488
7345 3520
693 3780
6132 3852
4141 3106
4671 8506
8650 8224
3064 882
2898 7683
3890 1729
5214 2582
3583 9474
3538 4089
5684 8714
6276 7788
8801 5770
4295 7777
8276 9346
6564 5664
3777 879
3340 7122
8521 4292
7171 8729
3645 7438
3340 6311
7171 3941
2378 6988
3677 5903
8051 864
118 8615
545 4516
4229 274
5621 5766
3221 5278
9092 9304
5720 1244
250 6012
5762 4383
274 5444
6905 6184
6930 8716
3890 5557
4628 9369
7564 404
9111 7257
6103 3709
4692 3555
8729 994
5761 1955
2667 154
3064 7734
7788 4049
7683 1543
4308 6637
274 2820
3782 6375
5216 7881
8758 8656
3401 512
5042 7132
4472 145
5557 3658
8758 6962
5062 8639
8874 1429
7300 681
8730 7637
4966 3738
2905 2501
435 3717
2275 7778
2807 7057
5062 5002
6311 4774
3669 7940
1014 269
5444 9008
2166 4724
8395 6319
5720 9028
385 5990
385 9027
8187 1943
5694 5790
4141 35
4750 7494
8051 2492
1322 5095
1135 3395
2939 1971
8036 8223
4774 5356
6032 1689
274 6290
2643 3133
640 315
3669 1492
8779 3062
2257 8965
6487 149
2667 5008
5035 2360
9336 913
9016 4350
9329 1237
6800 1965
9022 8594
7094 6653
3401 6237
8747 1496
9346 7612
5005 2322
5325 7836
8789 6084
1083 1160
5629 7365
1358 304
1970 7205
879 2224
370 2847
1752 1141
1322 4854
6847 2718
404 8732
2237 3348
7881 3124
2807 3529
3097 2592
4671 193
3348 502
6917 6288
3777 6914
6637 7195
7564 1174
7683 2621
4626 4466
3395 5489
307 7855
7854 2868
252 5224
1135 1219
6972 1082
7788 7443
6276 3298
156 6428
3852 6388
2947 4842
3440 2746
5766 5288
864 1539
7637 3138
5731 7373
6051 551
2356 4161
4373 8889
8642 9386
2774 16
8667 7554
6257 191
231 3982
3526 7138
156 4118
3555 3901
6237 2030
432 9110
882 5844
7854 6963
7057 6960
6144 4080
8656 8333
5557 8422
122 6985
6307 972
6012 1489
370 9381
9414 1059
4516 8308
4821 5899
5731 511
8965 2429
5278 7277
4188 2981
4600 2671
8581 4957
1065 8160
5151 7032
4314 8629
7516 8576
2255 4813
5715 8988
2868 4111
545 6899
8667 7963
7257 3967
3188 180
502 9459
7478 4210
972 6692
16 601
4295 7378
2547 8649
7345 6523
435 9398
416 7658
8223 636
2667 1674
7796 8542
3992 2085
262 1895
4308 7983
4383 318
2667 3600
6988 278
2322 1384
2497 225
7205 7890
8202 5973
180 1963
4974 52
7257 5235
7637 7103
7277 1195
1993 5246
9381 2827
6962 6114
8405 4106
8706 1039
4292 5084
8642 5001
4626 3514
6899 1173
6514 5697
7983 6366
693 2971
9346 3671
8832 2
4217 844
8648 1006
543 7835
8690 4104
118 3858
7277 880
5214 7893
7138 2909
3340 6668
361 5765
5151 9120
193 8516
5278 3292
5766 1944
6290 484
7057 4912
844 5297
8355 8167
470 4696
2224 2001
2378 3760
4311 6851
4308 2086
2981 2925
1854 4381
1625 3377
5710 4668
1861 6670
3709 8400
5899 2542
6972 2938
8223 8219
6184 4748
5005 8297
2086 4338
5888 6558
4472 9289
6290 2937
1141 7321
4668 1447
6764 1350
1083 4362
2203 6685
9412 8865
470 702
3967 959
2671 5727
4239 6065
4314 9413
9111 6581
2228 7346
7546 5596
2429 8547
3222 4578
6988 3128
4974 8688
4063 2486
3967 7858
7208 4458
4966 6671
4458 3036
8650 65
7260 7356
3630 3588
4084 1760
9350 2181
6833 4196
8202 1092
1083 265
7612 5252
2484 2966
5684 8558
1065 7813
7659 858
318 373
8667 1628
7858 2445
6960 7227
913 719
5246 9355
4049 8947
7443 2111
6905 7207
7122 351
8961 5681
4381 1584
154 7309
3681 8099
2292 3741
2237 9258
1963 6757
2079 6709
7612 4382
5062 6039
1559 5472
3305 3484
7778 1777
6671 4780
9350 1667
3292 2860
3106 4438
551 3686
4048 8344
3624 7347
5844 558
1654 8446
4438 8365
7478 1121
1082 4695
5990 2376
2090 5504
8716 4572
545 3684
4628 3931
7637 508
3630 911
3221 5842
4671 2359
2566 2002
8947 7610
1173 2831
6103 8612
7659 863
6653 8614
1219 6460
6899 4228
156 7752
956 9475
9032 7151
6319 2606
702 1741
5894 1149
2090 1718
5035 9340
7245 1425
2858 4322
5278 8072
7443 4982
2486 4181
5714 389
2266 1137
7378 7748
2939 8455
6972 2000
2315 696
6671 3843
6124 4031
8893 4656
8639 6449
9308 1910
8506 925
6039 1
2237 4432
2925 3868
5042 533
8896 263
8395 1229
7983 3839
2064 8549
508 2254
2107 8783
2001 2714
4204 3893
6065 2601
4210 9348
8615 1830
7204 7523
6311 8414
2867 8999
2000 6774
1149 5966
269 3997
3064 2017
6114 3001
5075 1548
5990 3362
6810 9240
2909 1305
4966 7034
5246 7084
5765 6790
6311 4334
435 7873
3036 5939
6917 6238
8036 1411
1122 828
9413 2444
6144 77
4334 1907
8874 7686
4338 1256
1943 6900
4210 4794
5075 7957
2086 3229
7094 153
764 4801
5810 1349
8455 2502
1219 1730
9008 5353
2671 224
9414 8169
149 2239
1 7241
1543 8915
2429 9095
1411 2214
6790 6357
1944 436
8344 99
1963 4941
4031 1871
4297 9039
3553 3420
5325 7017
8801 5821
2714 6997
1305 22
2521 2517
1689 8120
3292 909
3717 2902
4362 6861
7534 6228
5810 1072
3222 521
5629 621
9120 4558
2667 8723
4381 8830
1618 8795
1 3187
5151 2229
1963 5920
2831 582
512 8439
2356 6870
35 2697
8795 8327
1548 7173
4724 6630
5714 4462
7916 4738
7103 380
3097 2763
1496 3748
1352 3483
6900 2295
8201 5880
9346 6335
7321 5457
4063 4044
1244 5405
5002 8835
7241 6677
165 926
2315 9301
3782 915
4204 7531
7516 7005
404 526
5151 337
1861 5982
3823 1583
4842 964
3064 4136
6519 176
2682 6684
4048 5754
1625 3908
5875 1852
512 7436
5664 7666
318 2841
5939 5382
2181 6285
1729 3565
2947 8570
6800 1235
8915 2954
8160 1309
4750 3714
118 3156
3982 1147
508 9368
2902 2859
4462 3215
4239 6682
7523 2022
7246 8274
3420 4468
6449 3185
7796 8495
3128 8595
9474 969
2017 8585
1256 6328
7855 7930
9412 5656
8612 3075
3 4537
6833 7886
1830 991
913 2448
5297 3949
526 1805
6051 1164
7940 2267
6386 2980
858 1534
5035 4508
6144 2046
7356 4173
7686 7611
3401 1477
5664 6187
6311 932
8667 4024
2237 4267
932 1992
8615 3284
6449 3020
7378 1198
2445 979
4299 3088
6228 7604
5252 2799
8893 3865
8747 7712
6709 7362
5002 1148
5252 5428
7752 6781
4558 673
7516 7076
6870 5593
6800 4436
1971 6028
4428 5143
45 3012
2501 2897
2847 7294
2799 6392
7881 1120
1370 4319
1618 5225
1120 5313
6375 2764
5899 4171
1496 5706
5356 161
2 260
7132 5408
8629 3103
8988 7444
370 2822
8521 9055
7171 5171
1477 9159
5754 4077
1425 1998
5224 1205
1718 4014
358 1577
601 6292
3090 4789
5697 2311
7894 3495
2497 7355
9008 462
6630 5806
5366 5116
9160 431
5939 383
4141 5623
3090 8464
4031 1380
2166 8954
2897 2306
370 2110
7227 9318
3868 1426
1970 6281
8455 9387
1944 7936
8090 562
2376 1329
5842 3415
1955 2121
65 6437
4210 1934
5214 8089
9095 3419
6833 3665
4106 408
9174 952
153 7083
4428 6100
9413 9492
8832 531
389 8838
3681 6293
2827 4876
6482 6555
1205 6859
9355 1012
558 3299
5731 5410
5042 4283
5002 2602
9381 5683
3795 3797
8642 9499
4537 7832
6449 753
2868 667
2799 6527
4173 474
7017 2829
5488 8713
1584 3462
2255 6016
5084 2264
3051 4500
2592 8582
6124 6948
3658 850
2829 2069
702 6308
1752 3646
8576 3587
3982 7415
4974 3847
7355 218
2648 230
8049 7967
1910 3970
7355 1882
9499 407
8308 9243
1256 935
8893 4039
7208 6021
4217 7596
4438 8734
148 395
6051 5911
3555 8601
3215 223
3187 6675
6414 7306
2214 5201
8219 4050
2292 205
1752 8260
7516 5204
3717 9396
1970 7779
2064 2408
693 8906
9355 5177
218 1405
3020 4650
4842 8711
7936 3691
145 3925
3777 108
1943 6406
9110 5403
8521 7008
2822 6044
3868 6343
312 8014
6851 8043
3484 3598
6555 3067
8838 3461
9120 5510
1164 1253
4222 1335
7564 4726
6288 3809
3865 7921
864 4542
7611 2204
4217 6181
8049 3806
8730 4243
2445 293
3709 8074
7531 2802
304 6933
5990 4411
5008 6078
4558 9177
1174 9098
8427 7938
3797 3433
3371 6453
1881 528
404 2796
6343 9270
3514 7941
2135 2522
3097 1269
3645 522
8223 5426
6285 1523
4578 4564
7936 6240
5444 3383
6482 9273
1147 7075
4050 4530
4748 5182
2746 8063
5488 1459
5806 1321
6899 440
4854 761
9342 7736
1760 284
9240 5900
4472 1196
3182 3094
52 4329
5720 4686
7300 2571
9350 8905
6319 3177
8667 3466
1321 5784
2000 2609
5297 6011
561 6265
2481 7183
911 9447
7294 7080
5968 832
8795 1257
8558 8606
3177 6163
6366 7140
223 273
5408 2794
223 3652
4668 7050
3138 8964
5042 7201
1411 3963
1943 5057
1229 9182
4232 725
4912 1030
3797 3758
6558 5581
8072 3964
2841 5473
149 4963
3669 4757
4438 7679
1429 4972
5382 6317
7554 377
4136 5921
9336 2105
4381 9473
2799 6401
1205 8323
4794 5902
4876 4731
3852 1398
1135 4207
882 9410
6774 559
5821 3455
361 7168
5062 3923
1907 5615
2831 8776
6406 1707
86 3027
8758 2752
1496 7997
559 8976
4974 2346
7792 4067
1928 3861
4686 3636
52 4280
145 4637
5766 3558
5252 5926
5790 8875
1907 3390
8089 2944
9368 6759
5697 299
3591 665
6163 5719
7140 885
7005 48
2501 1780
4381 6020
373 5709
526 9040
3777 8520
5790 3729
2939 6121
6677 9009
4048 2218
2239 4398
8706 4543
5174 2974
7195 6897
2360 642
3466 1596
4198 9088
9475 8330
4106 7781
318 8499
2046 2400
6564 3987
4974 7898
6905 7203
8051 3423
3526 8765
1030 5048
432 9324
7050 2998
7373 5704
8327 510
6757 6996
1291 3867
5151 8513
7321 8544
1122 7054
5009 1327
4283 3169
304 95
4188 8233
3075 1051
5581 5038
3011 1940
3738 5602
416 9496
265 1880
1559 5380
7140 1184
1072 9021
5204 5164
2237 3961
7204 2040
3520 6843
389 2080
8072 7202
2121 5122
3325 8419
5042 7676
4974 2006
2829 7137
3075 2220
3555 3049
2497 4159
7005 3983
3867 1643
4243 4149
3515 7471
8838 3562
3423 938
3691 7299
3182 7413
6335 2076
7438 7577
6668 726
4173 2163
9355 4664
8570 1069
1940 7116
1092 9405
3669 6189
1137 2814
3362 12
2796 2842
8439 8981
8014 6754
6392 5465
4141 6096
148 980
4280 7793
7855 2036
9459 5344
8833 3451
8099 3216
7201 5145
254 618
3484 4026
4578 1310
4650 3372
5852 8449
2228 6040
2254 4492
753 6243
1492 2722
4159 7372
231 2770
5382 7428
558 213
3680 1421
6032 29
4239 8517
8947 7108
6114 6860
915 276
6335 2414
6685 2561
1034 460
3852 5785
6184 1504
1269 5066
5623 4275
2218 8115
1965 7475
4600 3820
4217 898
1059 8793
1310 8356
4188 5262
2166 3507
7666 8128
8043 309
4024 1587
6930 5435
2860 3503
9120 2012
1965 7235
8063 7895
6682 3535
6685 847
1120 381
5246 1894
2076 5462
6293 5628
1384 2263
5403 8949
3036 7492
7813 6031
2315 1589
8928 6470
2064 1964
4228 1471
8838 8802
3714 7588
1730 1108
4173 758
994 9199
4982 2588
3809 861
2 2605
8344 2230
526 3917
8688 1535
9398 5142
559 8378
8576 8752
7997 7914
1534 2491
3133 5783
8043 6547
4089 890
4847 2027
545 2130
4750 4641
2445 737
9396 1091
5871 5051
702 8314
6016 2197
3899 6491
2048 1923
370 442
7890 4076
7610 5126
2012 5792
2842 3313
3901 9191
582 124
4089 41
5177 4985
4656 1872
3440 680
2954 4897
2000 6791
1852 9136
7938 8307
642 4293
6032 6967
8789 6152
3810 9175
5902 1818
2052 2176
5982 7825
9028 229
1310 5631
6383 2339
2827 4387
2295 2525
4789 8288
6675 5655
7546 4126
1121 6551
9350 4669
2497 5947
3182 1509
1780 7511
3987 1664
299 7585
4104 382
8043 9311
6833 7677
1370 7189
3371 9450
4516 9460
3177 5359
7957 8816
6833 7114
8642 123
5057 4708
3983 7790
7781 5425
254 3659
2022 3708
3377 6092
972 3240
1380 5700
4295 6423
7930 4550
8874 5402
1539 2199
7415 8936
6988 1832
7793 7350
9182 2891
6972 6669
5313 8489
2814 4047
6547 6617
8439 3404
5122 4751
22 3785
7983 1988
2295 1286
3455 5279
3484 9172
5697 5537
2295 3632
9308 6207
6778 5152
5894 712
2606 4816
6357 4693
8356 134
6870 8940
8905 3581
3890 1142
898 6688
8756 2809
1496 472
337 5707
154 2713
9175 8149
8765 9287
6899 9187
6011 6291
528 2534
3094 1588
1358 6024
8667 944
24 3696
7151 3397
5325 9103
9175 6603
3714 9209
2360 4944
6357 5659
6791 353
1358 8097
1907 2884
8149 966
6603 8708
3890 182
2015 3413
3420 2788
2090 2973
7788 7408
2012 3405
3185 4556
7475 412
5510 7128
4217 4266
2000 2479
7245 9090
3839 6623
4411 3640
6716 4675
3680 3430
6103 1507
1880 3233
2359 8902
4080 7958
9450 6639
7676 699
4695 2225
7203 7911
3313 4852
9301 2982
161 1268
4641 6849
269 8334
4104 7067
7108 6600
2746 4478
3777 6204
7501 5979
8355 1781
4941 573
9159 5379
6366 3848
8801 3530
278 2474
7679 5815
8838 600
4428 5923
4724 9107
2667 7155
7550 5213
9330 1694
2030 5660
474 3497
5489 8240
1805 7070
436 2963
3284 1791
8446 1500
312 4155
5596 9341
911 207
2237 3238
7604 1756
5762 5670
8747 3824
1069 8609
8915 1084
4292 6793
4329 6573
2897 868
1535 5166
2197 740
1424 821
2220 1048
7516 5977
4912 4827
5953 4678
3284 2413
7208 5094
1184 444
3741 5247
925 6165
4350 3378
2827 1866
3420 2336
7873 3985
5247 4093
3372 1479
7712 5603
4637 9063
3777 2327
5247 4153
5038 3358
1269 3449
35 5597
3106 6352
8606 3574
7587 6433
2202 8821
5356 7031
1274 5728
2746 5874
3507 8687
6506 8763
4014 4737
5920 4257
1370 8798
6121 5276
7914 3085
9346 3663
5473 6813
4171 9205
7712 3081
3188 1165
1141 1676
6357 6599
2671 5053
2322 5703
4985 4467
4492 7056
6558 3438
5408 2013
5714 3723
5174 8487
3785 4878
6449 8785
2292 1403
8656 5831
5001 718
2022 9467
5911 1036
7788 1273
972 3602
3600 547
2481 7385
6307 1080
9016 2480
4153 7284
4207 3932
8906 11
254 8324
7189 7158
1504 9395
832 5987
4628 1251
3684 1806
7683 1113
3723 2216
6996 5392
932 8553
7122 1224
9386 317
4093 814
2486 2103
2944 1414
8581 8796
385 1157
24 6356
3681 7648
5683 733
1069 7341
502 2388
380 845
6675 5742
7202 3846
4793 5083
7189 3833
5379 4873
3185 6818
8639 4687
1012 5421
3602 6305
9413 5141
6997 2253
761 7528
7676 783
1326 7650
8521 5946
696 2880
8330 3994
1963 4964
9258 7566
1310 163
915 4430
8928 4095
719 4819
3433 8001
3822 9393
6861 8140
8928 7405
1034 8482
9092 5015
1756 1068
2502 6992
5664 8448
4550 8694
5276 916
5009 3301
8612 4682
7205 2487
9414 7485
3216 7498
4297 6512
3 1787
1195 8577
3085 7994
4398 3772
2752 8034
7005 6726
7494 34
1237 443
2359 2386
5151 947
284 3063
2103 3481
1229 3599
7550 247
8063 6842
389 6504
1882 3672
3520 1538
1543 632
1196 8681
6870 4406
9028 3442
926 5335
2163 2786
123 7791
632 7979
8779 9483
6506 3220
213 965
3530 6622
309 775
9039 1031
6293 7615
3313 341
7183 7802
845 9146
4257 2765
8072 198
7855 3819
9199 4822
9289 5308
5990 6093
6343 5478
4210 9099
8169 4242
1072 9471
2974 2459
1543 2741
7577 2189
1806 9176
718 7870
7406 6798
5628 3121
9280 7121
8690 7620
7121 4107
2257 4009
440 3056
3238 3066
3530 742
6491 5584
2799 362
1882 2690
758 3425
7260 1159
2027 8413
4550 812
719 550
440 6752
3425 4652
2356 4402
8730 74
1866 9089
7548 3248
5977 2419
1326 1686
5408 8261
8506 2123
7227 5265
1051 7026
8276 1972
1253 480
7658 5452
9410 2676
1943 4934
3847 4351
2947 5211
1406 8748
5083 8620
1092 5944
7138 2783
3588 1061
522 1606
1686 9291
6960 1808
5596 6315
8187 3984
4104 1056
9055 9238
5715 1876
4873 3023
3783 6536
7244 388
4516 181
5262 9070
1965 8179
8585 7863
3298 8045
2228 8670
6583 3897
2012 2773
7121 8630
582 3061
7170 5960
4009 3396
2521 5508
2588 9328
7413 4405
5005 5978
8554 1404
6020 5859
6600 7077
5094 9002
3067 6667
1429 5082
5142 8475
6860 427
3583 7162
8832 488
8051 2083
1504 6696
4957 5725
3372 1016
3949 5273
5005 2343
7577 3137
1535 2180
7471 6047
5504 1495
5844 8352
9187 5128
562 7312
3188 8244
260 946
543 6197
274 1776
4664 7342
868 5613
8561 5296
775 1508
3970 2719
1625 3258
3777 3800
6491 1283
3177 799
3298 4701
636 5176
8816 5622
3932 6866
8520 7689
5277 7175
3377 2325
4558 7633
5353 622
4243 570
3462 7302
1075 1966
4972 7978
8051 498
814 7123
262 6496
7854 8822
622 6271
2103 5485
6985 5491
3036 8269
9467 7643
6240 5448
3893 6906
427 5200
250 4591
1943 8458
1477 7156
4181 5585
8187 210
7347 7889
2880 8977
5899 2428
7620 9163
380 1989
6791 5576
2414 1560
2306 2437
2214 2104
3777 4490
2676 620
6682 755
702 8831
8261 1927
6866 8083
6682 8814
8036 1624
5576 1645
8765 4594
4466 9267
6906 1361
6818 4276
926 5044
2944 2646
5273 5521
3820 9352
1971 6553
1113 643
5426 4920
7788 6344
2752 912
3984 3845
8260 1053
5951 1124
7528 6956
5094 4088
947 5476
844 4412
8475 2186
2788 8321
52 4762
5939 5848
2786 881
7284 3018
6709 2949
7876 3589
2130 2047
7936 8155
2900 2699
7372 6614
4789 5964
7930 5755
8835 417
3961 2436
9340 8560
9348 2289
223 4446
2525 6626
832 1040
7921 2280
5779 5324
2794 3920
2327 8538
9355 2395
814 2101
3553 1185
3530 1860
3865 327
3970 647
1507 1344
6308 3559
7748 6408
4217 7461
8261 7400
8765 1498
5410 2142
3188 6877
7930 4475
2080 463
3822 242
5425 3178
2891 2145
9377 5102
1034 4805
5094 1086
3215 5441
4104 3015
48 8982
7034 7261
925 4123
2376 6263
1645 7834
6292 1100
9107 4955
351 9074
213 4216
9410 6693
7550 6242
6685 1867
8581 2369
6793 4729
8179 4532
5002 5407
2090 1117
1939 9142
7005 5881
4695 8610
2180 5239
2764 6513
3106 1450
6308 1182
7611 5972
8089 5691
124 6422
3640 5934
4518 7787
4822 6500
5164 324
8517 7242
8612 9389
3848 458
273 8883
8711 2028
570 3448
4080 5885
4207 7426
1069 8973
969 8590
4308 8962
2981 8385
8687 3311
2592 5994
5122 267
2107 8766
9412 7100
5792 7062
431 2903
1808 6167
6386 4491
5770 4680
2413 8712
6849 2398
6383 5601
480 3360
8561 3744
3696 4571
621 1812
2802 1968
5174 8450
5725 228
3671 5699
7261 9091
6962 4083
6948 9300
2601 9325
5621 5956
8521 5060
370 6606
4406 2544
3729 3445
8949 8566
6972 7448
7294 469
5473 3186
8798 2490
4656 8221
3430 5319
7415 1372
2858 3227
2909 9061
1034 4444
3094 4445
8776 8289
5953 4253
7587 499
4438 3439
3738 9135
3696 5967
4228 6249
5772 7006
6335 8978
4963 6700
7650 7126
7034 1990
1781 7883
4293 199
2601 5017
9111 5087
6800 6888
3865 1303
1818 5280
4088 3578
3177 1723
3599 6459
6281 187
5473 8839
737 1442
3187 4200
7501 7961
885 1004
5122 8064
3088 1462
9346 9151
191 8285
2898 6007
5888 1688
9098 5796
24 2115
6165 6472
3941 4449
8802 439
7979 4872
3064 4612
1164 5004
5177 4877
358 3615
7516 6474
5684 7407
6065 3452
667 768
9039 8741
3311 690
123 1106
6249 5943
7997 5046
8427 4131
1498 7560
8459 8596
7813 3302
2012 7541
4387 8707
5660 8664
925 2504
8269 2806
8385 1566
5421 7399
8187 7163
2006 8837
3562 3543
2770 5577
5691 4415
8816 662
3466 7458
6039 9197
1012 4221
6564 364
8902 8597
5943 817
3672 1336
6092 5351
5894 6429
2785 4867
5177 7932
8553 7684
5408 5086
108 607
6487 1749
8590 8867
2634 9031
7615 3309
2571 6953
5313 8418
2429 4463
693 1499
2517 3055
5319 5483
5956 5841
1588 2235
5731 1824
227 2029
2013 7001
1358 2883
959 6259
9350 2838
5968 6434
8455 2759
7967 3912
4243 1638
5964 8281
1361 1991
9273 584
6614 2223
11 3794
6972 8428
7195 1952
768 8038
2289 6937
9328 1743
2588 8012
551 8222
9328 7124
3591 2693
4445 1484
5288 7432
4104 3162
4738 8559
3156 166
4692 109
2459 2397
4578 809
5462 7423
9136 4140
5095 900
6997 1732
3671 328
7034 3676
8219 8895
2909 4885
2517 9343
3762 2967
6290 6451
4200 5451
1990 6549
1523 8751
5557 5516
4463 3524
5017 5775
832 64
5004 8331
1065 1005
1411 490
8928 1202
5319 195
225 7066
8690 8625
3483 5985
9346 5219
6798 7387
5204 9057
6240 3494
7983 6830
2289 3472
2413 3296
2829 6019
7075 851
5296 6267
4748 3161
6967 5459
4729 137
7967 2654
370 3327
5246 5364
5576 2137
8822 9418
4107 5769
3284 8574
4729 7625
6870 3990
1059 8959
8222 5808
4748 303
3983 7522
5057 4568
8489 321
4159 668
558 2133
1496 5150
7835 5061
1664 2447
989 2845
6047 907
7341 8211
353 1132
3296 1143
2254 9046
3220 5948
7554 3343
3481 3859
3094 3924
4774 7692
484 6206
2327 7297
7126 8808
696 8478
2609 7102
4847 9058
3439 604
4701 1231
176 5630
8561 5855
3187 2405
8506 7762
3800 5420
252 2768
7140 1236
5585 3089
2759 3509
2947 2964
6818 4714
2722 9246
1147 8354
137 5592
1165 5745
3051 5640
7067 5446
2690 7096
3559 9184
7881 4421
7261 4477
8962 8731
1398 88
2085 6118
2230 3074
4026 9353
6599 6871
7008 5886
2458 4788
1056 78
3358 5310
3723 7410
4155 6018
9350 5802
8928 5263
845 4505
29 6495
8838 1281
1164 6074
9092 1677
3124 7447
4478 8608
2765 711
3809 8319
1560 7544
570 988
1927 7402
2814 7486
964 7910
2458 7446
9368 3087
7522 4618
3377 3365
2115 2390
1968 5320
3097 9166
1398 3877
8356 7046
8670 2399
5408 4973
3923 6327
1500 7188
5681 7473
2841 5723
474 8492
1106 1278
7899 1985
7531 8502
2163 3218
6830 649
8542 5332
9055 1902
1638 4282
7128 3904
1504 3648
5200 8703
2827 2877
6366 5059
9063 2084
5017 6082
622 5076
2376 1285
8448 7427
1014 1839
8034 8393
7734 5851
7373 1526
9142 259
5888 5000
5263 739
6308 7454
1091 824
7454 2470
4106 4064
5276 3634
7585 8058
385 5634
8045 5605
938 5220
5066 8250
2225 4352
3325 5156
1244 6660
3383 8138
1569 5705
6897 8657
2218 3116
8670 6575
6581 3740
6437 4775
195 4638
3598 6902
108 6145
1068 6409
1425 3722
9369 1218
4854 4840
5699 7837
8419 8674
5973 7120
5356 9227
8838 3280
7257 5940
7916 4732
2768 822
5631 8908
7523 7456
2480 3322
7116 9256
4387 692
885 7172
2517 4797
3 3850
7914 5395
944 7768
2646 8726
3652 7105
7436 7907
5083 1897
6519 3288
8559 6579
6506 8198
662 686
1743 954
6962 6379
944 5744
726 807
3451 1220
2336 7871
5990 5884
4628 9116
5425 838
6519 5018
3941 4839
8965 8684
9028 2716
1224 3093
5691 7535
7005 7636
3897 42
7183 5999
7158 4969
4985 9380
6700 7656
5102 8003
5577 2749
7871 3761
6343 9349
6311 8548
5320 827
8034 4148
8816 945
9340 4909
2621 2728
1664 8237
5380 1722
4064 6219
3865 2632
8865 5189
6356 3346
1543 6458
1326 6805
4402 6605
5324 4967
6406 1323
7378 7354
1080 3275
4750 587
900 7508
6902 8079
7201 5604
9039 179
4198 6590
6315 5292
938 9034
8314 8024
5806 887
7461 646
5700 6624
1061 3190
6285 683
5335 2074
1589 7725
2838 8293
8544 8725
4362 3629
2491 2942
7387 7700
3087 5643
2388 1701
8079 5983
6343 8509
6668 3960
4518 4033
9227 1868
3433 7472
559 3582
8449 9121
7100 603
9184 3400
9398 1340
9300 8589
8664 8010
1667 7711
1220 323
488 8721
6028 6665
395 9131
1274 9501
6861 8360
8074 8124
4009 5701
2275 8851
6343 6998
3353 2528
9205 8543
8954 9013
3322 5606
7163 7663
3562 8572
265 4384
7436 6104
3400 1651
2998 5039
8233 1191
9304 5413
8115 8539
6356 4582
828 1432
3433 6157
7836 5016
5766 3465
8694 8070
7734 3788
6167 7
3358 6252
7620 2653
1743 6887
4468 8662
3848 2506
259 2451
8330 5078
8572 7318
758 2923
6285 2159
882 4380
4678 4342
161 2310
1084 8812
7001 8087
898 4899
3439 1951
4813 4180
3178 1924
8940 905
3859 2630
490 4593
4966 2380
1944 1593
5977 3628
8889 7144
9238 1180
4842 943
558 496
5947 4358
1180 6648
4118 6076
7094 4212
4242 9059
5815 3251
6011 7603
6124 1275
8582 6896
5946 2476
2145 8771
5783 4174
7994 2301
3684 1050
4652 8346
9340 9
1157 3549
4582 2156
341 4874
2343 306
2414 2393
3780 1942
3983 2710
361 3752
3483 2499
8614 9359
6414 2589
1492 2850
7938 4949
8331 4246
845 7336
7876 4061
6495 2349
3358 6787
5728 2227
6877 524
1897 2150
1340 1514
647 4830
5489 3784
8561 3568
1092 9452
5313 4330
2648 2689
327 705
7793 7012
4899 8638
911 6469
2266 7082
3325 3225
3301 5531
4813 4103
9166 9427
4982 669
2954 5854
1722 84
2480 8110
1180 3250
2356 6708
3085 4663
9227 9434
2796 5012
7121 8040
7447 6321
1882 9367
6459 1343
4738 6705
3494 6820
8233 4679
7432 6784
6648 1071
6985 4851
5382 6486
5473 6043
3538 6557
2052 2672
4446 5254
1866 3329
9099 1163
7447 9250
7648 791
8446 9010
8074 5929
8012 1360
472 6212
4724 3255
7008 6107
4628 413
1824 7995
988 992
5319 5679
3378 8258
7454 344
7677 419
1429 7106
3085 4560
1867 9188
2781 6105
3397 135
4031 5070
5634 7558
947 7990
925 2706
2315 1364
5059 1079
8708 1192
7930 5847
1142 2433
7546 910
9059 843
337 2430
1756 9102
218 2889
604 6248
7096 5763
7132 4596
5705 656
5446 7654
5631 5824
4876 3042
4751 6702
124 5233
7126 8704
7461 2108
4671 1001
432 8229
3890 1715
6644 8643
4596 8134
6883 6322
2048 3726
3800 1111
5150 4241
435 116
4505 1367
7663 3545
6527 4937
8333 7258
1122 9018
6962 741
5204 6481
8010 6542
6212 3180
7032 3076
8751 8081
562 635
5364 2265
252 9372
861 8420
733 5627
2521 5721
9175 2250
1477 2016
3865 594
2998 3391
5987 5079
2891 8829
9501 7591
2827 6340
4212 2171
6248 2025
5885 2404
242 652
2030 6402
2001 4646
9197 8407
7679 295
3015 3866
3897 7846
3288 2530
3251 8809
2064 3118
6705 4514
561 2329
7910 6049
9046 8061
1606 2206
809 9037
301 7809
7034 1650
8509 6253
2903 3554
6093 6561
7748 7013
1566 9051
8570 1311
8711 6817
6906 5067
5557 7848
2214 2151
9324 4317
1059 152
9474 8773
9342 2389
5183 7723
1012 1771
5344 998
696 4399
6105 1402
9372 1790
7031 7754
6972 6140
9028 6816
9187 3029
4181 6038
6667 4953
543 6061
4851 6213
5292 6415
2386 8170
7123 8637
6726 4634
3858 9014
2971 4073
7790 4230
9328 4683
8012 874
9410 9218
7663 7525
3378 4117
6551 4519
8285 1819
8766 2062
2682 5168
3299 4895
312 6681
2123 2652
1275 6772
5413 8709
5473 929
4421 7651
1075 1915
887 1634
2062 6541
187 3821
4123 2152
8400 8736
3156 610
6693 4632
6677 829
7444 6788
5762 7388
370 1659
6084 3104
2253 7220
3062 1603
5407 5826
3987 2734
3106 6550
2022 8454
8776 8545
3708 4950
6849 1179
3717 8971
2829 3566
8709 2278
7596 8891
6340 3579
8327 5538
5601 8287
7736 2209
3843 3944
6328 9139
6124 8232
1164 5130
7163 5436
8072 2473
2105 4625
1823 1099
3484 3195
7096 2651
6311 1428
4558 3158
1229 9390
3449 867
4532 6106
5176 2219
6076 7904
8601 5750
3275 4201
5851 2583
6118 8047
9304 5191
5413 7989
4692 9244
7132 6881
4969 2354
5444 7240
34 4995
6383 9167
5004 4996
7356 9065
1824 9072
3846 8199
1084 1601
5964 3080
2150 9391
5016 3594
7525 5236
6933 5928
8596 4245
412 483
1498 4479
2356 9298
5754 546
814 10
8559 4116
4217 7704
3587 7934
8577 8523
5042 6643
5699 6875
5790 7233
5994 4036
6527 208
5769 4069
5701 7282
3788 2843
7017 4633
3185 2179
879 2529
5380 2610
9301 5232
3677 1024
2534 9217
3912 8350
673 7185
3630 4569
8763 2377
6896 7159
3067 9285
3783 5295
8276 8217
1039 5906
8642 3704
8988 3181
2529 5134
68 7714
7813 5663
809 2839
2521 1886
1618 5685
6914 3727
7204 7750
7898 7954
6167 8019
3133 9252
1148 192
2900 3885
3225 7298
656 7590
5623 9338
472 6336
1489 3965
7791 1204
5171 4258
1406 5081
4852 1678
3722 2455
439 4525
2671 872
2588 6191
9330 5782
8928 2552
9460 8803
431 1570
1677 5147
7659 5411
3741 9411
8167 8526
1752 4538
4543 4441
3233 518
5489 4011
7548 684
6481 44
9301 2269
5960 5529
179 3416
1701 2951
6019 7322
8083 7275
6276 1181
768 4781
6495 4698
3288 2284
5885 54
2012 51
642 5922
7175 8800
621 1917
5356 302
5855 2572
1135 5306
2898 4343
7005 3399
3124 3226
5278 9307
6888 1255
9492 7937
6319 687
6408 6045
9021 1856
2843 5477
3680 1445
2360 2772
4039 7559
2964 3092
1061 3146
5252 4454
6414 7107
6020 3881
9381 3352
156 5470
3591 9282
5630 4092
2006 8345
7245 2996
3988 4914
2295 891
312 2805
6311 2465
9031 3108
5826 5314
2676 7437
3538 1912
7683 2565
3824 1885
3985 3597
7426 1228
2002 7081
8454 3249
6575 3268
5116 6769
1990 6229
9111 7811
1492 6314
5055 2498
812 1813
6423 3228
6007 6050
2491 6438
5128 394
9102 6507
68 8290
3923 7739
7736 7434
3748 8409
7373 6503
9209 3054
431 995
8155 8189
7202 7722
2108 4279
8160 6162
5035 8023
3963 2787
4895 503
5960 6572
5603 7960
947 8353
5683 1549
6967 53
8657 631
5847 9232
5000 7806
8323 5816
6253 1025
992 2300
8908 1347
9008 4945
2405 4681
9172 5115
5659 3506
8988 8309
6383 8591
1016 3139
6047 7642
1806 8678
9095 5198
7365 3095
5903 9463
5015 6108
1539 1815
490 6135
3216 4869
8352 7295
6547 5328
1106 1087
1743 3363
4048 372
8570 7695
2763 8337
2667 2803
7138 125
845 8041
419 2287
3599 1731
6207 2285
3806 5114
1450 6799
2064 2532
929 4485
1731 6214
2492 769
8319 1888
6716 6730
2982 4959
2714 8111
1880 877
65 3980
6730 869
483 1775
5408 2242
4123 7337
838 6674
3599 7392
1398 2920
8560 6961
2909 4496
1818 59
9412 8101
116 3453
7534 8911
9349 7647
7012 7215
5057 7213
6040 5814
6259 1681
3358 7015
7189 9157
9328 6359
791 7877
6014 7266
5660 3956
8601 8016
3785 5417
2571 748
4201 9229
9074 6113
5200 8265
5150 233
443 2318
8595 9327
1972 4870
3810 6970
7954 1956
269 5148
3420 5925
9046 1035
1535 6911
828 2995
4594 2978
926 816
7084 4902
5859 313
2388 102
2667 4365
2376 9426
2104 4740
8638 8104
9280 2983
2197 1345
561 7852
5252 1842
1380 6613
5235 4716
8307 4754
5664 3547
2768 8992
2773 7573
2046 1930
7241 6239
1678 7583
8648 7146
8356 6097
7246 4144
8314 8922
265 6828
1120 6521
3992 6354
480 5121
250 8021
8327 5635
2621 6938
3503 4619
5704 8156
2436 1250
5964 8095
469 6632
7692 3991
9301 8042
6410 3560
9355 5416
4446 5780
8808 6929
7183 6659
7651 8933
5015 1843
8478 2296
5200 805
1907 4936
526 1396
3658 8300
9217 7917
6685 1175
2322 2875
5435 2177
4201 6264
6100 8540
5593 5442
3250 4023
7692 2629
1372 6804
6527 7680
2900 3940
233 6725
3997 5992
2606 7150
1988 6747
2204 2326
5325 4931
8509 1675
6167 3172
7997 7109
4293 2136
3663 9190
6590 557
1347 5522
3094 7459
9427 1613
6388 3211
7898 4533
2135 3805
8766 4374
5765 7194
3292 4903
8095 5850
3526 1486
7427 5666
5847 6973
5750 7820
4698 261
1990 534
1402 4541
7266 6062
3744 1800
753 6978
6012 5104
6996 4994
632 4865
5603 7693
8499 6597
6799 7698
3997 3009
8244 7660
9187 8166
2136 3470
1396 8002
372 6303
5435 7495
8285 4566
6219 8443
4267 272
2285 2751
7158 6740
7203 3531
11 7397
8577 2664
6644 4182
1787 9245
8940 4587
6288 3767
1048 6618
7651 2808
8211 6520
8612 5331
1854 6807
2565 2591
4387 5049
511 5058
295 4503
3636 4796
6992 765
3535 1782
2783 1436
6972 7222
6778 1973
5265 5524
2718 6069
3054 688
191 2957
1196 79
3023 9476
4696 5464
2204 732
7656 7165
469 4546
6669 7200
4246 9225
5894 6722
228 7145
7444 7975
5509 2656
3325 7896
3740 6339
3908 4132
7120 5030
7260 884
5755 552
3901 5264
4675 5429
2135 4300
3595 4474
6257 6704
7577 517
9014 5607
2135 9060
7413 6254
4111 5474
7298 3978
2925 379
582 9148
8455 9399
6933 1904
863 1883
7750 3101
1882 3332
2980 8268
137 754
2772 6808
3425 2190
2219 8122
6383 6220
9059 2039
5754 4636
1939 2554
5728 7769
4840 6095
2858 7095
181 2985
4678 990
9160 5022
2867 4749
2529 2456
364 2205
6833 2282
5070 781
2280 2113
9167 4744
7846 8618
8276 3315
3684 7324
1819 4511
5225 1518
7432 6341
765 1711
6572 3911
4477 4307
4994 8685
3405 8769
6759 2011
2255 1467
656 8468
758 1465
6051 6362
6214 1037
6082 5988
5425 9030
2237 3267
5448 8488
5213 7087
7155 7897
6752 6602
4775 6568
5473 4758
12 2870
1484 2440
9187 7343
6871 4828
7930 1044
2582 6431
5727 4309
6696 2594
4182 5748
3956 9481
4936 4151
2022 4520
8156 8451
7677 1636
5911 2483
317 5644
1780 3642
3346 2041
7625 6025
1092 8231
6113 4603
9349 6079
1852 7018
2017 5740
6998 9305
9369 5358
6963 1795
4462 4657
1459 937
8482 8750
5086 1996
3506 1189
8464 1215
7658 5054
9447 6119
1205 4425
8709 4829
693 8934
2177 3702
6704 3626
1053 2731
6429 3144
1425 6950
372 4137
7938 5091
7689 5167
9367 6554
8043 3243
2883 6440
1964 5169
8169 1081
7120 7866
7407 950
5988 4868
4693 7675
550 2098
791 6544
1711 1394
4966 8658
6303 2251
1121 2149
7108 6026
6784 638
2225 1541
8385 357
488 7236
6700 3167
8333 1052
4232 7316
1072 3418
2794 5918
377 7597
4740 3278
8167 6411
3785 4393
3325 3338
9021 4259
5446 3586
250 4783
6973 4534
8594 2636
844 8885
4077 8158
274 2116
2528 694
1175 3918
1756 849
8734 8262
293 2057
2239 6780
7809 3171
6668 8220
9061 8855
3645 9208
1689 8174
2263 7148
5335 2767
8978 1709
6238 7982
4618 4042
9459 2729
5039 2424
3420 133
2561 1758
8889 1015
6557 721
9267 7634
6544 6443
7603 1023
503 5424
6069 2844
6583 4448
6807 1553
4438 2992
4092 894
7583 7476
6401 5749
4902 1658
5446 8123
7596 8415
1367 6117
7494 5961
4503 3071
6639 7776
8947 5827
6281 5551
8482 6695
1268 4766
8261 3950
8221 8497
1566 9097
6409 7281
436 1318
8832 4975
1389 5431
748 8320
8816 2793
181 2836
2898 5539
5750 8739
6375 3421
3405 6286
6643 119
6327 8827
3897 4323
1842 1773
7712 6203
3090 7719
5977 4763
1963 5131
5054 2454
2377 7214
5948 8518
8934 8392
4754 3906
8585 3703
828 2882
696 8616
7284 5256
7873 8926
2359 2922
3520 6964
8928 3086
990 28
5075 3972
6883 8180
321 7249
389 3968
6047 3366
2327 2990
3404 298
7934 7493
3348 3037
6219 7380
1108 1437
1327 7626
9381 6872
1068 8239
758 3337
2455 8328
3337 8000
4321 8888
518 3241
7306 6650
6045 3604
6007 6589
4033 1859
1174 5056
6317 9129
4693 6736
3156 3458
5009 8628
9391 6647
821 5309
3292 908
2285 773
3581 8532
7637 258
6132 235
5947 6226
9368 3084
5810 9402
916 2035
9353 1413
2135 3385
1291 5471
7788 616
8822 3880
3413 4030
7240 777
3868 2032
5083 4209
6014 2138
1955 7673
4123 6080
5815 8647
4617 2232
8539 7078
6019 4127
358 527
1084 5163
4144 2685
8300 9429
2430 6994
7365 421
7236 5590
1970 3364
2310 4910
2470 6924
7848 2989
1081 32
6793 767
8922 2698
2497 1878
2629 9302
2843 9382
260 1073
4511 5423
7213 4320
5278 5496
7407 7256
2046 7439
4830 6300
4530 1840
4402 4747
3397 7878
4830 5599
4854 3436
1548 7110
193 2972
1992 7307
7723 8272
3991 6718
2028 2446
5948 17
6020 922
8023 2737
2751 1028
6780 1325
9304 7709
4793 8210
1902 2493
7577 7614
5780 6710
2685 4640
8300 7229
9300 3129
8729 4997
7140 5197
7676 7211
6132 5519
2437 1485
1182 338
4921 579
3054 4540
7975 6926
2504 7330
2714 8873
6624 8303
8231 6723
2041 1853
2205 8348
4632 6349
3761 2580
9450 3933
9199 3876
1403 8930
4049 1575
610 5373
9191 141
3138 3895
5875 5828
3233 3184
850 6365
1715 2509
8639 6922
3738 8602
7493 7569
9092 1949
3465 5321
5356 516
4854 8141
822 26
2561 3236
4181 8463
1465 2948
584 2696
5191 3333
8808 8586
5264 2677
8751 4598
5727 7286
4111 1282
4338 2401
2318 6832
1389 8366
1832 1524
4819 1769
7564 7609
165 6400
6541 7747
8101 4951
2451 9423
7975 9432
5663 3557
78 654
8222 7867
6045 6604
8353 2918
7380 7142
3161 6216
6561 9067
4633 5832
8920 3799
6887 244
4680 2732
4292 143
7188 5231
5763 9456
3458 5843
499 8033
6973 1623
3430 9049
9423 3380
2083 4862
2897 4630
9348 5103
8502 158
6972 461
947 1430
9232 9117
6031 9406
2111 6876
8658 7842
4307 614
6410 4184
3858 4146
7077 6419
8625 6867
1628 3048
6906 5498
6319 3002
9481 7765
7531 789
223 6814
7587 479
6551 105
2016 47
522 1648
1198 9141
4083 6724
8708 6935
5441 6750
3121 9260
3833 7496
8650 1710
5943 4015
5581 6179
2235 6210
8079 7262
7531 857
3658 3776
9282 2348
2219 8840
4873 2776
8268 6703
737 2674
7957 1517
408 4559
1895 4285
1174 1308
2108 5819
916 4476
9304 6862
6778 4610
74 7412
7123 7311
161 6052
7031 6767
6187 5890
640 4291
547 7334
7012 3973
3924 1640
7057 6126
5198 2673
1743 3756
8959 2550
4149 2172
5585 8607
4542 530
3397 6560
7736 3316
8930 3283
4063 2830
3313 2033
4682 8668
370 2892
315 1633
6292 1261
2145 6211
1499 9077
5018 2600
3258 4051
1149 8338
8420 6171
3912 236
8616 2701
7643 4759
2107 5789
2287 1188
994 3202
5531 4250
8506 3710
7066 8778
2209 8568
8681 2769
3108 4057
5926 1187
1108 1444
3538 9428
4490 5228
3315 6490
2121 8937
7889 2050
6710 2683
7395 4673
5214 8441
8297 5879
7704 2088
54 6463
417 2213
180 577
4329 5013
5715 7645
6933 6942
5364 4886
1782 2627
1189 1574
1633 2553
3893 3750
5585 798
3222 7512
7392 3072
2000 8218
7722 9378
1174 6316
8495 653
6788 9316
8543 9100
5961 4162
3868 8871
5922 1101
6558 3695
8648 4615
5055 5400
2737 6584
9051 3467
8615 7500
3121 3888
827 7807
8873 6565
5691 7285
2903 4082
3380 7169
7637 8481
8502 7657
9021 1213
4969 1811
5403 8680
1437 4115
5664 8316
4171 6934
6830 6447
4910 7964
7170 1564
1044 6839
6229 6457
3799 1719
7588 4346
8051 5161
5143 4810
5782 7206
6082 2931
4996 6130
8708 40
6025 9154
1715 7843
7151 5370
2788 1948
6599 2102
1141 6139
361 5845
2883 3491
8833 6744
8638 2577
2046 9347
105 3844
2377 8398
442 1641
4454 2894
5005 3786
6362 4837
2765 9041
8128 8996
2145 5229
370 7269
3983 624
7679 2960
2104 3719
5436 369
6126 8453
2787 8749
2870 1128
9496 6439
7832 5863
2652 7985
4650 1921
6730 8980
6558 1655
3250 3910
3624 7821
5082 3878
3405 6535
3029 4659
3901 1298
3227 5759
1907 9477
5852 1550
341 3860
427 3141
8478 5146
3129 7670
2282 7966
9471 6064
1970 7617
9039 9323
5145 7970
4212 8357
7341 7022
1964 1301
669 5244
3180 3369
6847 6479
945 6041
6271 4733
8229 7507
3963 1545
2875 6109
7876 8301
6561 9479
4476 2615
6549 399
7876 6205
8428 8519
9280 6823
1688 1925
2213 6758
4541 5614
6328 422
8201 8423
1325 4605
2145 9371
3904 8028
3413 347
1543 1105
6276 4164
4503 1869
6078 96
8707 38
3037 7375
6930 5949
5745 4005
6558 7798
4184 3132
225 5268
3881 6148
3029 2932
5537 8943
2563 9268
1402 7770
3950 862
432 745
503 3986
4541 1976
684 6884
3559 3593
8061 8724
1915 3402
7402 8984
616 4066
8509 1666
7811 97
16 9239
4780 4418
5509 5523
947 859
5961 4555
361 3896
8739 6256
3972 4385
4837 2073
7444 7529
2859 7561
4687 8225
3218 1154
4351 5222
8049 8438
5581 7430
4985 7011
3680 919
2967 8263
812 4817
9323 1909
781 3493
2130 5069
6606 4326
436 6785
5590 212
3337 2558
8393 6539
6503 7166
1732 1682
6025 3119
6767 4536
6121 4710
1141 325
9325 7097
4061 5910
3094 7882
5441 2825
3064 3533
3421 4059
4241 4396
2860 7509
8110 1346
2522 6346
1991 8541
3128 8370
5881 5818
229 2916
531 1858
4637 6720
4568 6048
8982 500
2903 1983
5058 7717
6226 5338
6804 672
4668 8494
2529 1338
7439 7869
2989 2496
2135 5554
4217 2283
5613 2094
5069 4746
8418 8966
3924 4614
8906 146
7300 5535
2827 540
7096 831
7399 9152
2891 5695
2609 8857
8134 7462
7747 7928
5049 6088
8047 8318
1014 4961
1069 7053
1998 4699
7107 438
3799 2761
8478 7104
9405 6250
6597 697
9028 4734
5306 8718
8314 1098
8021 4860
229 6743
8180 6891
1577 9221
6288 3389
5815 3290
4663 4158
1966 5657
4634 4535
1840 5938
3587 592
6589 5984
6249 8983
6906 4700
4618 9096
6096 8761
5321 8
7185 3231
6876 5839
8438 3711
8561 6166
2501 4531
4320 2416
1998 9132
1106 3025
1819 9487
6523 6698
8769 7667
4564 7272
6447 3670
7405 8379
882 5024
2902 4590
2966 3781
7151 2222
263 6255
1731 8283
4652 3540
4944 4427
3574 1612
8260 634
6579 8985
7316 8105
2948 3317
7657 7021
230 3213
6132 9237
137 7786
1326 8901
5664 1533
1524 4484
8232 6000
8353 4143
7717 8815
3167 393
3858 7390
6486 3197
5015 6904
3092 5468
8072 5132
6028 3620
6140 1439
7837 6247
6602 9126
442 3150
3020 5716
824 8437
6126 1464
463 8593
4292 8641
2121 2766
6114 4756
8885 330
1498 4980
7356 8241
4774 2887
2971 3033
7337 5514
8875 1552
5332 3326
6228 7152
3897 5913
4598 1728
6482 7250
7843 89
8455 3919
5522 875
7202 4880
458 37
1459 7467
7372 1170
4126 6742
3852 7619
7873 467
4198 6987
9268 4998
5168 4624
7017 2005
7897 5803
6613 1706
2219 8273
5366 5562
7670 4315
2456 3616
6513 3898
166 2660
1996 1713
4652 2952
1489 4856
2393 5864
7677 6334
2079 8557
3495 3576
3908 8573
3288 1875
2547 5271
3822 8853
5721 5136
344 568
4974 2596
2275 7574
9010 8374
6849 3443
1154 5050
4049 6596
8723 4573
3691 2853
696 4521
4275 1987
9487 1513
3451 4901
8365 1102
1569 8546
2793 8135
6379 3889
6692 1622
7914 6397
5659 985
1643 9036
8283 7514
6805 8271
2448 5342
9391 8044
235 5702
7677 2782
4198 101
8883 5914
6521 2816
274 2139
4733 3127
7709 1615
1100 3763
1335 6683
3772 6737
6335 6473
562 6430
579 5065
2676 7641
6400 776
4950 3349
2156 2681
4634 6825
4245 8777
8297 5377
199 7753
692 4544
5742 6376
1948 476
1059 3759
5053 8869
2325 1810
3918 6002
8749 7687
1462 5445
5855 1379
469 2466
1005 8866
6847 2037
8723 7819
6220 8335
8783 2999
6650 8991
5844 4423
2782 8098
915 8679
1949 9015
8559 1796
7736 7394
1881 3927
4319 8364
181 7135
1971 5270
3278 6009
261 5339
1709 695
1577 3745
262 6966
6579 3668
3543 4013
5796 8877
8557 3518
4532 7701
6774 981
5852 5958
3843 8551
6020 8881
4564 4261
7294 9419
8629 8635
2349 2475
2634 8084
8189 5804
28 1565
4794 537
5076 4075
6203 3407
3343 2155
9107 3635
807 6687
1025 9438
5046 5653
4033 1562
2897 8528
1622 5269
6814 2756
5621 1994
6428 3611
1613 1119
3772 8567
3497 5505
4496 3429
8612 3244
4463 4129
4598 6910
2850 4579
9072 4154
1559 4486
5847 3386
370 563
9287 3633
9460 291
3806 2762
2891 6983
3843 8834
7535 1702
417 5737
7415 5981
461 5682
6799 4930
5476 7816
4531 2726
5979 6969
6026 8343
3390 6636
7834 4929
9307 7224
3233 4643
1069 6391
7890 9462
6040 7976
6375 2872
9329 8304
4320 7279
7907 780
8202 5542
3364 5108
7700 2665
330 4960
1811 446
7354 2044
789 3437
9063 1134
3381 8358
7214 1597
3982 1401
9355 9370
8350 5553
5987 7197
7322 130
8831 8661
9386 571
6106 9296
1396 1849
7256 4120
1973 736
5268 3004
8761 5513
79 287
7890 2679
2156 7632
6400 1470
7566 6649
3025 1799
857 8390
7770 8600
1268 4620
6590 8369
6973 1433
3763 6733
2985 1280
2491 4642
6581 2270
1141 8698
1810 4086
2737 6098
9340 3948
7569 8442
521 8653
3843 4169
653 949
7816 3886
4308 6854
9015 1241
1479 3006
5066 8856
6357 7506
6062 4037
584 270
2017 2798
9148 9087
1220 8208
3648 8913
8272 4437
7084 2715
6788 4978
6599 2320
7432 3779
2408 3335
8098 5835
124 7339
284 5598
4048 1580
4856 8876
9243 7839
2571 1901
3002 3428
7747 8188
5884 5986
4673 8055
1439 7452
2809 3153
9072 2745
8821 9292
9197 4312
3886 2461
2490 1214
7781 5096
4951 6629
9199 9185
533 3647
2972 7640
8732 7398
4720 7697
3390 4832
4467 6345
7081 8846
7439 3114
1878 4290
9092 834
5373 4124
847 4273
3740 2545
1496 934
528 4494
2715 3359
1132 384
7454 1529
2027 3245
4610 5674
302 481
5084 5434
5529 8624
8965 9241
4929 6330
3448 9480
2767 220
5211 7263
7128 2597
8983 5896
1228 4595
1910 3123
1361 2826
6897 1857
4949 282
7137 6776
231 7093
7725 3026
4283 5447
6906 1833
2944 2748
8674 6845
8301 4185
6024 1783
4910 3706
479 5034
2954 1573
8003 6054
7842 9064
4478 5544
4619 9079
5740 4473
834 7503
9139 8683
7245 3770
9256 5800
6469 433
6950 9183
1796 823
8458 4785
2830 7539
6423 6836
4671 3486
5663 7759
3061 6412
4242 5437
1149 5266
5429 8927
2808 6017
5156 8790
3085 6199
2257 3943
6391 4776
1795 4408
755 1245
5961 1696
2741 20
3558 475
2634 5778
158 6461
4949 1341
4910 3705
5604 2147
8703 2797
4188 4168
7811 2183
6733 2815
6787 6089
4124 8611
3067 2420
6659 766
8581 7320
2529 5795
5953 7674
884 3862
6365 7101
7075 4041
1584 2261
719 7265
6825 4651
1028 2392
1882 4325
8803 1272
3961 3408
7054 2494
2214 7653
3004 4019
9459 7239
8839 8434
3960 613
2768 4460
1517 6524
1464 2409
9008 8640
8999 4928
6541 904
399 7176
2786 5545
4300 1239
4530 8788
737 2441
4876 3505
7692 3789
7078 5853
2550 3368
7508 2178
166 4529
7258 2055
3645 9431
8158 7780
9258 836
3055 1118
6401 3803
1470 8592
427 375
5451 5907
1500 4386
198 310
2632 9265
9371 7464
2479 1959
4839 7039
3515 1392
1513 5052
2278 7317
6726 6582
6019 296
1912 5616
6135 92
4042 5543
2280 9093
3705 651
4396 9297
807 8460
2084 9156
3153 1505
3858 2917
780 5088
3390 5154
7512 4648
6019 8075
8327 625
8124 5550
6670 3564
8683 4375
992 3354
1805 4035
3390 6123
6286 3550
799 9130
2388 747
1087 6762
863 1712
6613 4238
7603 5963
436 6939
6883 437
2474 2754
7954 8147
4985 4499
7492 5369
3437 4907
5035 7061
4381 2168
9183 3203
8947 5807
6709 6863
295 7411
616 8433
8933 4592
9438 8178
1229 8243
3309 8280
9386 4742
8581 1009
594 6619
4997 434
9142 2524
9225 9207
6411 6262
4568 2246
8721 6865
5478 6919
7080 9401
9429 4545
7110 2340
5765 7630
51 3537
8458 3814
1513 5776
9460 5433
5603 9458
8874 8786
3540 8699
2348 4
2202 6261
8769 5836
7976 5774
422 589
2785 1116
1625 4606
9146 2482
4664 1935
6871 3612
9338 2245
1345 7139
1780 2144
6379 7327
3290 8388
496 3382
4322 5125
2002 7469
9185 5137
1949 6372
3275 5589
5078 4016
1175 3210
250 7009
9329 6053
4399 3028
3920 2991
5679 8695
2973 4172
2172 3829
9064 535
9157 8738
5832 5919
7514 8236
4069 9495
3912 3567
7647 2912
2797 752
2942 2193
4997 1848
7475 2335
1343 4355
2318 3044
1141 5240
1498 2519
8885 4054
9501 9071
3360 5139
7780 3224
884 3855
1229 8705
6561 2536
4615 2274
2456 5989
5967 5969
2827 9314
814 4065
4907 1739
4851 6462
3810 6348
2265 8196
8450 6977
7492 2194
6144 9383
7050 7969
3093 6149
4039 6081
767 3053
561 2965
7674 8702
7148 7849
4373 1212
3001 1969
2671 4489
7560 7744
5423 4431
6322 6921
5269 8899
7659 1522
8453 4114
1658 6819
2528 4284
6496 5305
6256 2633
7659 2148
9065 4526
5204 3126
7026 6342
6356 359
527 8275
9071 7865
8574 7130
9244 8613
1843 7668
6669 2422
6742 6782
163 2248
2094 5813
2203 4515
3397 7319
2767 6880
7415 2581
7320 2567
5819 8416
2393 6161
2909 1759
8803 6570
1859 2865
4895 2886
5034 5733
9241 1453
6963 7369
7813 970
7881 4581
7135 2546
2674 4713
7018 7335
5219 2863
3850 5371
3518 8461
5806 5209
8378 731
3920 5032
5733 3200
5631 1223
295 878
7914 6371
5848 1828
145 8904
7151 7672
8289 4260
9174 2362
6687 8091
8983 6494
6336 3871
1526 8054
2734 5747
4568 1870
1149 1096
8732 3230
1655 2262
7306 5293
5911 6909
20 8817
9477 1822
7392 7956
6725 90
2748 3976
5236 7888
7350 5908
7941 1042
3616 2382
4448 1607
7937 7795
9405 1448
9146 1768
5755 2725
2615 1906
1442 2157
2960 6129
5183 854
2665 3621
6000 2537
5066 3891
1052 9233
6317 4487
6342 5566
3442 6676
8801 1457
5264 1656
7535 1547
3847 3179
2015 2933
7834 8646
3839 4580
2983 6194
6876 1938
2883 1738
6123 9171
7907 1687
7957 4038
8937 1167
2882 6087
5231 3447
359 714
1942 151
7585 6398
7870 4219
2501 5178
5542 1377
3561 8103
8881 5625
6575 8292
5679 2753
8730 1194
8438 5647
8437 6635
7957 9224
2766 560
7083 8784
6696 3434
8808 8753
8641 1663
8966 157
638 5901
5854 3675
213 5040
1035 8380
1404 5500
123 8701
5292 2478
2220 4233
4598 1826
6929 9204
2490 3523
8388 2324
934 1441
8360 2988
24 5027
8934 2790
686 6711
1780 7004
1361 6537
9347 4347
6187 7045
9021 6517
1039 6297
3877 1460
854 4034
5306 2051
522 4160
5091 5307
7679 1070
7714 7845
1998 9433
1335 2593
7670 8386
3 127
9110 8088
5940 8485
7970 5882
317 7682
5050 978
3472 8118
4462 3572
8723 5909
2563 4003
1358 3342
8482 3374
3139 2281
6808 2273
6219 3683
4084 2568
8657 4235
6297 1409
4290 5878
4035 9278
8224 7453
5896 2705
7637 5466
6391 7468
432 2132
8597 8524
3298 5206
2809 1975
8679 7160
9021 4296
6330 8476
1849 2469
8981 4924
8271 2678
502 4677
8492 6309
9343 1476
4061 6363
2006 976
7512 9266
389 876
1813 3546
8289 2692
8982 7857
2764 2603
922 2736
4519 785
7969 8340
527 3613
4543 1774
8272 6146
8589 4316
6000 9332
5727 4918
8667 1893
8779 7315
5319 7191
1198 4707
1411 3035
5265 3725
4346 6515
5500 4900
2995 1145
6092 9236
1517 1407
7854 3498
5050 2406
2667 3276
4692 1621
3520 2649
6905 2750
4514 281
1596 3201
7471 8136
3114 749
3931 9288
1917 4453
1951 6587
2145 7708
3036 3361
1447 3013
654 1332
4637 5932
3352 6945
8340 3979
8976 8109
4082 8107
594 2512
7654 7287
3455 173
9332 8737
481 8531
5899 2394
683 9045
5659 8887
9037 4139
5293 7353
8274 8564
1965 5481
4458 5825
3540 8987
5413 400
1229 2527
6359 9017
5434 2381
3418 1512
2180 332
5721 7035
7189 7247
8751 7331
1886 2244
2420 9303
6539 5415
6866 2252
2643 2432
3985 8424
5320 6325
8516 4410
3371 9029
9390 3654
6910 1066
8822 1328
2183 85
1860 1249
205 2987
2086 1528
6402 1063
6402 8102
6212 468
9 8503
7854 4096
247 5412
5356 253
7989 2910
4920 7661
4158 8113
4638 1434
1103 5571
1709 7230
9347 5041
1006 8691
3918 5378
446 801
6810 8969
5828 211
741 7134
7173 6380
2751 1763
310 2391
2718 5752
8450 4611
1237 6546
7882 5196
747 300
2643 7210
5979 5064
5700 6360
1459 6085
1065 1720
1524 8621
1001 9228
7523 1316
5562 1416
8887 8919
2395 984
8838 7880
2872 4772
5920 1981
7195 4079
9298 7391
9110 7363
614 1337
6649 171
3325 8025
1329 5872
5096 5927
2807 5549
2783 4622
2389 3246
1839 6748
7790 36
3053 788
8224 5781
8043 4109
9452 3853
7689 8106
4297 2518
3671 8185
8320 5626
3633 7760
527 3687
736 7955
3201 6277
4614 8387
8964 1388
8328 4939
3963 1427
4964 2586
5859 2385
2324 8864
6447 1353
6504 4549
8988 1627
2432 5315
3671 4662
4614 5637
4140 8850
3635 2819
8840 8514
8120 833
2057 8757
2922 1890
193 7828
8224 5822
4900 5965
6243 6201
1278 8651
6512 1217
1701 5409
3242 4022
3440 7044
8830 2332
7894 1287
8783 7527
4762 4655
8532 8603
1402 720
7788 9365
8816 4303
8590 6795
1327 219
6808 8326
4995 6306
9107 4056
5084 698
2754 2631
443 5612
5066 4265
5987 5760
3976 523
864 7999
7895 1595
1769 5385
4201 3757
108 7226
989 1937
6659 9133
1769 5023
3461 2611
5863 1999
6017 4764
8786 2702
7645 2801
9328 1503
4707 541
3009 5517
8610 4074
9303 6974
7781 2259
8393 3314
8679 6313
3085 7419
2111 6858
6124 2260
1574 8389
6546 6993
4936 6706
1973 5840
309 6779
4737 6299
3910 2711
8641 169
7997 6931
8398 7340
8040 6185
7395 6301
551 2625
4330 8583
8827 8511
4458 1197
2766 1521
3636 9081
3419 4176
199 2077
4810 8342
8352 6115
3640 6580
1707 9219
9058 7918
6754 751
4632 7024
618 9162
413 8879
2013 2935
769 4718
6684 5186
6956 7998
1666 6642
4319 8995
8220 1703
7108 9425
1035 2049
436 6598
5151 8116
5505 4684
361 3755
4969 4443
3248 3951
230 138
2278 1110
5772 1835
5102 7913
1083 8587
1983 1419
4606 3331
4701 7613
1065 8053
4580 8673
3684 8182
3465 8440
6341 6057
7468 8948
3545 8112
3616 264
8576 8552
8883 7959
8629 3000
2380 204
5682 3945
2496 7623
9151 4952
1584 3239
8395 4068
3538 4806
5084 4589
5437 1320
3268 5354
431 899
9090 3176
9266 6169
1526 2020
2625 2901
3760 2165
52 456
665 9000
6742 756
5296 5077
3116 1461
1103 5360
6762 8457
5966 7131
4982 5381
7195 958
3702 7884
272 1391
6380 7466
604 80
958 7931
7169 1472
7021 4887
4543 3768
2360 1210
4222 2940
6504 5080
7704 6655
9342 271
7076 2755
4421 1714
3897 5355
945 4345
5169 4166
3358 7923
4541 5375
6776 9119
4874 3541
8532 3424
1949 1683
2621 2599
8201 9478
5852 5469
6537 2438
8074 3183
8288 6001
4477 3813
5054 5771
7990 4826
690 1487
7871 5258
2129 2141
7689 5210
577 5020
984 9276
7496 3422
1675 7962
5908 1829
6580 2548
6668 6609
1229 3336
52 5175
8829 397
1625 9337
7131 2034
4744 870
2591 2368
8648 9489
8476 7268
4031 1879
8169 7349
7097 7594
8198 2403
7894 5734
6804 9334
8464 2955
4579 501
7018 2307
7917 5294
6130 7113
4642 1097
5670 1161
3418 963
8889 7325
3359 2319
8199 5275
1584 9247
7343 6664
7659 682
2905 4871
1187 5357
4936 2638
1065 4905
5061 455
5206 1946
3503 4601
2891 782
1574 8252
7587 5326
261 1238
6024 6455
3579 5970
1904 4179
2586 515
5694 8852
4684 7352
2332 7581
5053 7592
9188 549
8293 9498
7535 6794
1309 5111
5874 7221
7590 734
7391 2338
5544 3701
9291 8071
4104 7635
9304 7505
6636 5993
8718 2208
2838 106
3695 1478
125 7810
5269 7289
3364 1058
1664 3113
6960 1313
3314 5689
2338 5021
2413 67
2696 3136
2005 3921
1161 8811
6708 5274
8156 8425
1587 8957
8609 8163
5008 2415
458 3204
1098 5237
5939 5675
8761 2758
7642 4377
5542 4354
2830 8536
4655 8727
6256 4183
3042 7801
7054 1699
3704 1527
3361 7219
1894 5570
7989 6815
8612 4841
9199 5751
5070 6827
7590 5492
2248 8431
7411 8299
546 5636
3950 9025
1552 5106
3004 1536
3757 2489
5095 4890
5781 6465
8552 4803
2369 8238
8123 2626
9010 1837
2799 9220
501 8313
6457 4434
4061 7671
4111 1203
6909 2396
905 1089
8532 4333
8561 7805
8779 5333
5305 3265
8385 1412
2701 6717
1706 2271
7805 121
212 2417
4952 7119
1522 716
2692 6034
741 806
1031 4231
1683 6686
7770 4991
8928 6125
3819 5668
5381 5501
6876 5658
1161 478
8366 1585
758 5930
2103 238
4620 4193
5596 9086
884 1085
2860 5188
9107 704
1702 5458
5930 482
3190 8504
6939 8672
8185 4372
6784 3937
138 2387
5740 5568
1580 3731
3407 6467
6290 3617
6021 3270
7619 4965
6210 71
2605 1029
624 7557
2183 8317
3087 3971
5538 6936
5828 3771
6561 3294
705 2010
77 6511
712 6035
3805 4833
989 4773
680 7800
9017 2247
3361 8351
1239 4447
6047 1717
9278 6958
3190 177
8304 3902
4143 5861
6805 962
9034 1284
979 326
7046 1740
3965 796
7189 2695
3396 585
8019 7209
643 365
5066 5287
7169 8720
2762 4609
4196 2735
8083 6418
7843 9155
1380 6634
6018 5245
2409 2738
9298 5794
4066 8085
7461 2913
4648 8859
9041 9124
2172 5455
1124 6552
1607 2411
798 1600
1197 6940
5707 7366
3353 72
2028 5129
7574 9397
1622 2007
8661 924
7648 6454
7319 6060
7653 6188
6863 8533
7113 4691
527 1362
764 2640
7062 1126
5538 7702
4921 2812
9250 3339
4243 1438
9166 6834
9397 9076
4326 6221
9051 1306
7647 2439
2247 8759
7201 2574
8893 1896
5737 5688
8747 452
8962 6332
2150 2866
9107 4858
9412 7149
5210 266
8687 1264
4042 1653
6787 2641
53 3798
3670 7519
2701 9403
3220 1764
9071 7161
1806 1874
3374 335
3561 8050
2002 1794
4794 7092
4059 4010
6817 8555
6590 893
6762 5450
2013 4497
1439 6920
151 6405
2261 7361
4612 7290
7224 7181
6106 8404
5894 1789
2251 2174
5081 7710
5041 4135
4796 2370
686 6882
5728 4450
8357 6385
9182 3427
4246 1258
2399 6170
5911 3608
4897 7232
8287 1546
4687 3039
4851 986
1364 5753
5828 6251
6967 8011
5701 8997
32 5181
7500 21
8732 6727
1379 830
7966 343
5143 6274
8602 9144
9372 6323
5015 3774
1340 1365
2145 1481
2983 2915
4080 3830
4897 3300
2253 4954
1157 3573
7558 7649
4659 8172
7736 3981
8350 4020
5076 5869
9450 9361
5606 928
3965 3808
9367 6164
5901 1276
4275 9358
2219 129
6437 5857
1256 8076
1441 8692
153 6840
9475 3256
4966 3115
7492 1510
6506 8697
389 147
7011 7803
5050 5127
2553 8164
7173 2834
6124 1632
6486 6452
6247 8302
455 3504
1098 569
5297 6493
4365 7248
4944 1644
2589 8026
6741 4938
740 4946
7617 7771
6759 1576
7958 8412
6251 8403
4026 3488
6414 4306
3941 2328
9397 3291
747 2217
3095 2299
5024 4925
4496 7460
5335 5996
8492 4070
35 1315
1917 3174
6866 8862
6253 5817
6179 7924
938 4456
8871 3914
2601 7079
1577 2312
7836 1700
4077 3234
961 6868
9008 8447
8542 492
3053 6058
6061 1007
8570 5933
3092 7669
7233 9374
5222 4933
2103 6946
2269 1847
7108 9443
7855 4100
7105 7389
9413 8004
6791 7732
1192 968
5841 6679
7492 8700
1940 3468
1500 420
2274 6023
2960 2720
9190 1814
2073 241
3227 1265
992 8863
9204 3778
6787 2576
5321 4844
6303 1995
6924 5693
6082 9211
3509 2164
470 1788
1980 808
7528 6304
9208 8162
4100 906
3342 615
3258 2450
231 1947
2905 4968
4785 2024
4628 160
2001 9125
1985 2619
8348 5495
8983 506
875 5284
3186 7481
7093 3045
4322 3851
5964 6280
2530 4585
1928 7381
2432 3699
7205 7425
9343 6448
6845 5833
1048 406
2319 1109
2597 1898
1717 7489
9463 9421
265 1055
1224 3105
5833 8847
8261 8472
6597 4988
9396 9404
9305 6218
437 5221
1477 3059
6650 410
1210 8200
8734 921
4707 5138
9015 429
7315 1631
2032 4735
969 3807
5082 1620
9207 9198
6163 487
4933 2175
1756 7568
6737 333
7106 2881
8612 5904
6107 4790
7966 2345
412 5547
4679 1914
5066 9446
5116 8826
8756 1672
1241 5291
1859 6390
8124 689
4805 9005
7916 7986
5083 548
4543 6620
4936 1908
6961 8029
9387 5303
8803 7474
2494 1130
4619 4510
4924 7690
5599 1609
2132 268
7013 2661
2409 7972
1987 4670
7653 1761
5928 7543
3750 331
6467 4416
3238 2286
6733 4977
6671 4263
2163 8550
5719 5467
6946 7063
6695 3214
80 4723
8290 7129
6336 826
1856 6732
5458 7818
3750 1629
758 2668
4235 5649
6883 9186
3927 4923
4549 5586
1774 6358
6047 6302
9372 3801
2474 6172
4449 3469
5083 2407
6304 8529
5585 8396
5880 8880
3437 1537
5850 8828
2424 5330
3404 3874
6860 5386
4614 1705
6705 5317
2966 4007
8783 7665
5636 2950
1 7441
4406 7196
7441 3134
547 6066
9404 7738
5737 9468
5296 5463
3408 8401
7512 132
8757 5860
6119 5367
8533 6413
3583 6312
5697 5484
1964 2800
4655 450
6181 5865
2552 7192
925 1960
8105 4623
4757 514
6747 7252
420 5223
1089 8537
3611 8924
5357 1599
858 1977
3224 2462
435 8161
364 7580
205 6475
5136 6326
3139 473
1014 3261
408 9470
1091 8245
651 2297
4598 8060
3695 1378
5040 3281
7962 495
5906 6022
8451 6968
3555 8093
8839 6029
4037 810
5371 8951
8769 7310
6447 6350
2186 8094
8567 3817
6983 4761
5247 1568
9089 8659
85 6005
8542 7974
7149 7629
3696 7455
767 8077
9177 7237
4646 5639
2615 1557
388 1639
2251 8474
514 8127
3425 9284
7237 5285
7004 8903
4230 4879
4239 5959
7506 2637
6301 3319
7788 170
6506 3482
8591 277
8885 709
130 2109
4410 8073
4677 6138
7126 7288
4656 9195
5468 3295
7889 6528
6535 3060
8729 914
6915 3916
3964 4404
1231 7416
7464 8858
3741 3915
9423 3411
5925 611
2589 4298
4221 9451
6741 2460
4399 6086
6440 7783
3821 4369
1182 5917
8943 3235
1406 2488
4559 2372
2080 7745
1370 4506
2490 7117
7104 2337
5549 3828
524 3083
2229 5118
4384 3993
3908 2523
3296 3688
6259 7655
3740 9161
777 2869
6188 3287
3897 5952
7152 4218
822 1003
4931 1363
1909 7751
981 3840
2048 2457
3602 5518
503 2945
2470 8782
1689 3120
962 6943
5278 7186
6948 8764
3036 8935
8771 7829
4830 6190
8858 2936
3042 3841
2671 9279
8354 3259
3778 1551
1048 3193
2284 5687
5763 3100
4441 3571
3035 4407
867 7488
78 2060
6061 1297
4042 1267
4775 5877
67 2852
7093 9494
4478 7384
1596 75
4558 7376
3717 8998
7434 8689
4232 356
9431 305
48 4389
5313 1333
1760 4888
8155 7198
3565 2505
1975 1279
2388 1017
2002 6525
3317 4981
3608 3655
8075 1704
5040 597
4960 5838
7966 9042
1620 771
2138 4349
224 104
8572 4225
1384 4927
7468 3996
1788 4613
1346 4616
952 2192
2378 159
2144 723
4044 2890
3691 7912
3612 1324
7017 3175
74 565
5484 6835
4374 5768
7671 4791
5860 1176
7845 1243
3800 3040
8673 6715
1963 4008
7339 62
5254 3107
7886 3870
7462 2452
5326 3394
421 7190
7894 7259
3722 142
6379 27
9117 3208
5236 275
1996 6999
1110 9213
1687 6714
1503 1556
8608 7624
6535 1150
8673 9054
7711 4220
3621 8960
1981 3856
4587 8938
2996 5805
3184 896
1655 3737
764 8114
5623 4301
1504 9106
275 6027
5279 4226
6388 3575
8463 5172
7454 3269
5462 5343
4421 6102
2246 8339
2512 3490
154 4305
704 8032
4616 5600
858 6837
309 2472
7940 9113
2586 4760
6496 2986
3624 5456
4485 1669
5145 4804
2583 7540
3243 9435
6449 2309
1004 7154
9125 3596
6861 6160
6565 7607
9426 3217
2935 6294
5294 6721
7340 91
1923 7477
3932 8728
1518 9048
9111 8469
4111 2824
166 3872
5021 6995
3647 1033
8238 6464
3591 6374
5954 5493
1198 1415
1205 6195
1419 9223
2020 6198
153 1410
2672 6923
4832 3929
3243 676
1720 4248
7122 3165
2501 4121
7810 7868
8201 8813
1311 6986
6524 6775
1508 2240
3451 9085
7169 536
2547 1778
8434 8259
7144 1816
2785 7598
8678 4848
7805 3764
1723 1482
3583 5511
2171 2031
5050 1647
6732 8213
389 505
2060 1962
3573 6869
6371 6631
6251 8579
4732 9493
8211 5383
1113 7283
1574 8868
3200 4976
7489 659
8040 3031
2850 9357
2699 3207
8446 6901
5901 4502
5518 3112
2247 6532
3929 3528
8850 8462
4038 2333
4235 4395
894 5526
9021 7270
5875 214
1098 5304
2147 5528
4669 4264
8928 8944
7999 4125
610 5868
565 3356
1589 1020
9383 2212
1154 3746
1639 1300
7820 612
9205 3747
1962 8020
8637 7582
6597 8490
4585 1563
4411 4464
309 7947
1534 8770
8867 2823
2736 3099
7361 9385
8625 4190
75 2018
6677 837
632 4459
3424 2449
2222 5192
2248 4987
4997 6099
3850 6841
7123 6407
6495 426
7863 818
1674 2784
7877 7370
6079 7234
3208 6217
5013 3884
884 644
989 513
8964 9430
737 6979
830 2896
9042 2355
2391 6627
5576 8775
9447 6821
8343 8417
6012 7074
3361 982
6494 280
6057 1423
613 203
6276 7033
3819 3334
831 7608
7114 4206
7712 7470
5759 5556
2859 553
5131 9309
863 4195
8365 678
611 8884
8874 9024
4242 6
7475 6912
7013 8430
809 7180
5469 7484
6490 7601
858 1827
5143 1133
2246 2068
1924 4205
2033 6638
7149 7920
274 2700
3768 5003
2409 4824
5484 1317
5879 4621
4041 7973
4265 4110
2803 5391
7211 6941
915 8860
7365 1491
3529 7422
21 3883
2763 8086
5492 3122
7863 897
6935 4341
6431 7851
6303 9442
3178 5811
7816 4820
9282 7030
5634 3008
5766 4413
7972 7729
4931 3273
7679 7098
1947 6202
1087 2541
2101 4255
777 630
3778 6955
3652 2169
1482 1296
8930 7761
1794 6426
7317 3728
9265 6417
3090 1397
4640 7042
5514 8173
8638 6838
2235 1610
9412 1146
3588 4577
6644 9168
7400 6657
6345 6646
5280 8332
8835 8989
9246 245
212 239
8369 951
6819 4916
4980 240
6210 3038
2522 3930
4220 8121
4239 7968
4600 9472
1036 4661
7882 6766
2355 9448
6842 3272
8225 5173
4301 7291
8388 9082
4449 8209
6757 5711
8378 4186
4955 1331
1182 6112
379 655
6341 7935
4716 4344
3591 7887
8576 2124
2634 5352
8567 6351
8460 2364
9095 7782
7096 8781
8985 3939
6191 4660
6374 2323
4333 4970
3083 350
3633 3223
5679 6136
7914 289
8431 6595
7476 6355
7780 464
8123 6180
5042 1226
731 2344
4218 4119
1541 539
47 7251
5134 811
77 6269
8937 763
9024 9078
6163 8039
68 4452
463 1076
9329 2874
4103 5546
6288 6466
3884 5609
7964 5846
2796 2846
6376 6435
1870 2707
5481 4719
1901 2366
9111 2997
1743 8022
6524 8645
8557 1665
1210 7833
1402 5159
176 1295
935 4809
7062 50
7851 6298
3925 1294
231 4808
7640 7177
4139 6036
7388 4313
7701 5499
712 4483
7500 860
7752 7775
1814 9488
7863 7946
3803 7314
7252 9235
680 1502
22 4060
3452 5654
3925 892
8304 7463
2237 4310
1893 1801
2872 6735
7094 243
2889 2613
129 7164
7512 6556
709 6279
8766 8056
7702 2979
3546 591
8873 3069
5827 5676
3339 5253
7204 2959
7798 5195
1915 2191
6872 6959
8087 2658
8072 2595
9291 5033
326 7225
3596 8968
8591 390
3990 6209
1100 1008
8326 593
8098 3733
6535 3410
488 4046
3165 3685
9174 6712
310 4270
5753 581
5511 1375
594 5610
6018 7552
6252 3525
5727 3046
5232 5031
90 5575
5012 4562
1774 8644
5843 5849
5395 713
2909 2516
3354 2140
5213 3998
7869 2669
211 4557
1987 1354
7498 4249
1442 1290
1829 1351
5576 4359
4573 866
7151 3247
2626 6749
8393 5717
276 637
9076 7351
636 4340
4673 9326
5435 8226
3685 930
4880 9362
1203 6641
8537 7482
52 750
4964 1166
7425 8421
5748 447
5462 3651
5210 4658
530 4926
3930 6083
5649 1494
8511 6090
8513 5799
1244 1954
4044 3414
6940 4565
1505 6318
6113 8215
2147 4366
2872 418
4851 342
5378 7840
4217 4331
8711 2072
6132 7025
6198 1374
3652 493
5880 1520
8250 3143
7557 3749
6623 5334
6638 1945
4219 6886
9174 8890
8054 3260
6748 4509
2299 5249
7895 2477
302 1862
4974 7420
7998 1877
6028 855
5274 7329
5335 33
8121 486
1098 2795
5939 1093
6582 1094
6870 9149
2905 3606
2441 1292
5846 6427
4821 605
6050 6441
5799 9001
2705 2832
1787 4332
5944 8349
4923 6396
2985 6672
9350 3330
4329 6889
4760 3836
364 1172
4033 839
5658 3198
3961 4755
2987 6690
7663 4163
6342 3432
5549 6059
1686 9123
3498 5414
4941 7255
8750 2623
5192 8402
2248 3459
71 2056
3009 1958
7878 2908
4656 7646
6712 6510
7855 6077
2572 7549
3814 5618
7131 8599
2910 9253
3085 7433
3133 4672
6096 81
4231 6324
9148 2347
9223 6908
4093 172
4754 7705
6632 7293
7705 391
577 3618
6908 5798
9126 7925
726 5507
8405 8057
2872 4029
1776 8214
9172 1140
8647 6266
8670 2703
8127 4864
154 7064
460 2961
6808 3926
9247 658
2646 6656
6641 4908
4540 5587
2938 8294
9154 5580
245 3271
1464 657
4146 2515
8537 8131
7011 4388
8390 5282
877 112
7472 5180
8354 8797
4228 5014
2344 4667
440 8946
2563 8897
364 9339
7484 1010
882 8534
2966 7179
2982 201
8797 144
8940 5242
6375 7996
7974 1233
6020 2154
2262 8445
7261 7621
298 8956
5839 3376
9265 4548
9492 6333
4572 7718
5424 226
295 6272
8529 9306
3348 8932
6727 2127
305 2463
4696 8505
8358 5671
8581 8900
8511 2182
788 2196
8215 8007
4375 6856
8343 997
3358 1841
7210 8580
8050 1792
7819 5090
1406 2730
3354 1088
2454 974
6315 5345
3895 174
372 3605
8881 4539
1606 2704
8782 8861
763 5520
8439 8496
5760 2520
2017 348
1157 507
6388 7479
7416 6128
612 376
6054 846
5017 7403
356 3499
4126 674
1811 7919
7630 8133
5005 5185
991 4367
7653 3398
4937 4892
1148 509
2422 3625
1580 4882
9273 6150
3889 9181
1322 942
7261 9104
6774 2854
7525 7953
878 403
5604 378
4510 5786
3671 7060
9337 1979
8438 6192
2901 9026
7152 6873
7806 7987
3453 8383
1182 4102
7148 5406
2282 3734
6119 3457
4543 7860
6547 1652
8587 939
5239 6241
7907 735
4181 710
5881 7404
1105 1784
3184 848
1174 1793
7318 15
1862 6760
8133 7948
6656 3502
7863 6566
8438 8622
213 5735
4486 9351
5436 3563
2376 9114
6996 8804
4494 7696
8981 6159
805 5651
5714 1516
970 948
4595 9043
2719 4085
26 2412
4762 4294
8989 7000
1717 794
9244 9201
380 4697
8884 5376
861 9271
4558 3816
5333 4743
631 627
9028 2308
8804 2628
1068 3854
2715 6577
2455 4094
4610 5089
2698 4704
4306 8791
1001 7903
3143 1488
3605 983
193 2975
5944 5730
8645 7068
9332 5110
4169 465
4283 5298
2479 1984
864 671
4036 2650
4303 4553
2827 6645
3220 4134
6187 7850
5303 2067
794 3539
1012 2106
3764 1373
1925 7579
1992 5193
3349 3464
3000 2644
7224 3556
2806 5678
7798 6368
2633 7518
5145 1208
431 8986
9043 6394
7281 3148
4609 217
8355 8909
1681 7360
6883 6361
8835 7243
6779 1248
8987 466
6551 5006
163 5063
5640 3431
17 1270
1069 8722
4483 5109
2132 7273
3395 4694
343 7401
8759 1385
9207 3324
8873 3463
5271 1155
1180 3936
4295 7396
5116 9069
7194 2924
611 3052
9113 8843
8409 5801
2283 63
7477 87
3518 772
1036 1542
2746 7772
9251 4631
4529 820
1459 8206
6180 7678
5091 5924
5580 4403
8629 6879
4529 4286
5920 5525
6510 4561
4094 4087
219 459
2403 2543
1522 7141
4246 7254
9351 6611
1862 4215
8793 5995
9093 6147
3138 1452
3060 7417
9298 257
2064 2131
7009 6928
8778 9020
7647 8341
3893 8584
5799 3692
7156 8247
7880 8282
4123 110
3780 708
1082 7602
1939 4725
242 2231
6871 8069
6250 5149
8409 4883
361 1887
8300 5897
8519 2864
5972 4288
2163 4563
4793 920
8884 9264
3451 2045
1885 4739
1852 7703
393 206
2611 3969
8729 7726
3944 448
7221 4223
4007 4639
7134 6395
6066 4777
6587 2334
5087 6477
2124 7906
3722 279
5612 6010
4134 7685
2599 4419
7024 1077
4642 6141
5383 5837
7507 3320
8314 3548
1879 3610
4375 1046
6141 774
4648 6450
7630 2291
5544 196
7240 7927
3878 8361
989 3975
4222 3003
8940 6151
6395 1021
3520 2885
1070 3341
4411 7618
4399 7223
2396 4627
3560 9249
4365 1586
1343 4962
148 7570
3731 1554
1588 6771
636 2081
4820 4157
3761 9003
976 7706
6782 4424
8007 703
7780 3787
8943 7565
9357 8740
4121 6056
6396 7547
6386 1129
9432 1797
2823 5698
9458 1043
1528 7429
6657 8967
1189 2277
6239 5834
4286 1950
1269 6949
6170 5203
7759 2620
4286 1209
7878 5895
6602 3303
831 5692
6886 7756
6365 3426
2746 9019
6721 6616
8778 6697
2726 8744
879 1038
397 9465
3486 7386
8852 7010
5214 2585
9024 8092
3596 5887
4774 9464
4883 3962
1097 6008
6301 650
5270 1211
3705 5724
7968 9254
4466 56
7425 1112
8109 4252
1120 2789
8282 4021
1659 5793
9029 155
1084 126
8262 1054
9111 1026
8332 255
6199 4831
6443 7981
5853 7483
8516 7296
8389 5101
3062 178
7144 1571
223 7576
4160 5552
2933 9035
9199 4778
3245 2272
6842 5422
6439 2662
1848 5555
7389 7182
4131 5652
3902 8249
1276 6478
8187 1558
7782 5036
3553 5011
7417 4942
7995 3312
2356 4071
3734 4442
2764 5889
3777 2302
7658 706
3162 9189
6372 290
3334 5582
5500 3068
753 2195
2376 1864
9297 1519
4686 314
5008 3873
9404 4043
1492 9226
9236 286
1053 6369
2111 4524
2224 6373
8961 3831
9168 6353
3269 786
5853 7949
7710 3942
6778 3321
5968 4956
1897 2958
2646 5336
5691 6155
7771 5641
1038 4884
5810 3834
4046 4199
4135 3379
7098 4465
7653 3412
9183 5892
545 414
6379 724
2299 5512
592 7450
393 6534
6775 8619
417 4836
3902 9424
1895 1698
3141 6186
6221 608
487 3519
460 4271
1285 3109
462 5809
7329 9320
2151 8015
2923 2361
5589 7212
4217 8477
5285 7530
682 5560
3004 5912
3128 162
7776 2021
8 6003
2067 542
7947 7480
9002 1369
7387 5788
6140 4017
8744 7743
2693 308
7683 494
2227 6425
6043 3905
6059 111
7635 4302
3610 5443
3588 4147
3917 8145
4163 9484
764 5311
668 9457
8092 7187
5342 1131
6493 9375
7660 1011
4450 4274
8290 9230
3174 3690
8320 6154
9362 3601
7913 1506
4094 5272
9405 5398
2327 8805
1068 1501
3553 7853
4084 9214
735 4607
501 9083
6220 7326
4928 55
5535 1905
238 8993
8732 9445
4432 8990
3001 4792
7026 3894
1079 4834
4447 3791
5191 6957
2580 4690
7539 4919
488 5533
9377 4741
6205 6420
1063 6601
4542 4971
2033 7875
1641 9366
1024 1544
3085 7069
1226 409
9336 9170
1714 4304
6656 1626
7419 2777
8611 1646
8568 6652
2910 9134
1011 2087
3430 2598
7260 9356
654 1809
7611 529
4483 3735
922 4753
3873 3869
8765 2341
2918 7348
4304 4004
3883 9321
635 8872
4959 8633
9048 1232
1403 402
2797 6232
5297 6753
5549 1060
2436 1383
8058 4078
9246 1190
8199 8117
4559 7774
5313 639
195 6137
313 430
4684 4379
8982 7440
1951 4150
4321 1807
2671 1591
5833 4528
420 7804
2084 311
212 5935
3860 5071
7654 7971
7256 9203
1442 4584
7529 1366
7104 4567
194 8018
573 5165
1703 4236
9209 5299
412 1750
4124 2095
5881 4469
1194 4364
9211 8251
3680 8755
5444 4850
7971 4214
2823 1953
1894 6381
6743 6991
370 5743
1517 349
8042 5574
6216 3512
3280 1013
708 7338
483 4653
665 1186
442 1045
8573 6006
7583 3125
8185 248
4833 4337
6641 8598
3119 2837
6205 2780
6016 1684
6002 1911
6321 8384
5881 7993
2959 5396
6798 9261
9172 6543
4534 3237
5106 6030
1587 8508
5775 1931
2649 7228
2452 6501
4694 6225
279 663
1641 7891
2613 2941
8109 3716
1407 3232
9261 7199
6964 4090
6291 8952
3567 2426
5887 787
8243 7368
1983 2170
3495 9275
2632 6699
732 2575
5306 7817
460 491
3810 825
1020 7730
313 4893
2322 57
5378 7841
3146 6432
1338 7808
2549 4986
282 9173
6921 4122
9186 8266
1712 2160
2962 5029
951 1408
9241 3580
2109 9379
3333 8823
4937 1307
6243 8710
3820 3838
1650 5665
5451 83
2576 9257
5631 8190
7273 645
8010 762
5951 1754
4972 8207
7212 2675
6170 2740
5352 7929
7488 8204
3788 2612
5319 5712
826 6158
254 6364
4388 1671
7514 1225
2741 7409
4347 7638
4443 6576
7296 3536
3311 3212
6794 6489
7647 5916
4982 7859
4966 1845
4614 5506
2175 8569
988 234
8826 3739
4162 354
1760 7457
4902 5384
3926 7909
2191 7831
5495 3474
5008 7926
7658 6110
6781 3720
1482 3952
7791 1933
7565 2687
8559 6731
6098 2645
2419 6338
8816 8125
4423 5741
2645 3347
8040 3892
2611 5673
1218 3500
3148 6499
2859 2126
6457 987
7030 572
3885 7118
8986 4488
468 504
2741 6574
7045 2256
7655 3082
2829 795
6644 6658
6286 2042
5542 1745
6854 1851
3061 6072
3302 6559
1962 1802
5630 100
1029 6531
4284 6196
549 2899
8952 4211
7334 8480
2866 8176
7486 5541
3714 9294
7102 221
2990 8108
7486 975
568 6273
3132 7323
6123 7047
3560 1735
354 5194
8855 2984
4601 3050
2127 1443
6780 4771
8386 4175
5875 5267
6970 2112
1290 2120
7381 2559
3265 5438
4283 7699
2563 5162
3971 2078
8289 139
2901 9400
8706 2587
7228 246
4082 3308
6298 7278
5799 9376
2214 2423
7495 7333
1503 7951
984 5767
4591 2551
5521 6404
475 4058
6643 2427
7035 3825
3833 2383
1430 5667
589 222
5128 6824
5228 5642
7642 7721
2638 7003
8091 6260
3797 6980
2566 6485
7653 7178
1909 9295
4110 1614
5448 2694
6341 5393
159 670
2912 7599
7803 800
922 1078
6207 8194
6095 9490
2056 4025
7079 6864
4456 4812
1956 5286
650 6738
2084 1918
8169 316
5015 8382
522 7901
1745 7304
8797 2453
1625 3355
8402 4504
6187 9272
7928 1483
791 4501
7032 1873
726 3406
5311 4244
8879 8950
8981 3959
6720 7451
2360 8080
2651 4191
751 2373
1728 7020
5874 1266
3543 889
4038 6235
7369 3815
1674 9313
6332 8663
4475 8181
2707 4281
5907 5945
4382 3849
8691 7036
854 6399
2324 345
8344 1376
7094 2402
2981 1616
349 8305
5872 5823
7527 3875
591 1685
7433 4983
560 2946
9107 5390
6257 9202
6185 5430
7092 8669
6543 5387
9083 6982
2064 2757
9368 3130
5236 6944
2001 7733
230 3306
6262 4922
7860 7487
747 2288
5125 8941
1810 1572
3399 4170
8952 5883
4330 4480
9029 8522
671 3700
7614 4752
7450 8676
7120 2911
794 5757
4879 7589
8305 8849
5972 6378
4978 4513
458 3637
8773 2684
6978 6976
9366 8372
2260 115
4183 9180
5267 1919
1930 8535
6214 2851
4628 8146
2800 4845
6235 477
3085 9469
410 7308
4104 5873
6944 5207
5231 392
745 7794
7548 9004
7356 2066
539 5650
6469 2058
9176 679
6315 5362
6254 2226
3353 8296
9087 4891
5130 1932
7494 2065
1633 840
7611 6497
7589 6120
1842 7943
6539 7965
6638 7605
20 4875
1361 8216
4578 3351
2461 1114
7580 7944
2521 804
1109 1967
7903 2914
5872 3826
1412 1590
7188 8479
5566 2421
9221 8436
1735 188
7978 953
6217 8565
1012 1446
5622 3603
212 6094
6489 8942
1591 1929
1215 7727
3495 3730
176 5043
9280 8322
5961 1692
3246 7040
3561 4784
1944 9047
3683 8444
4539 371
5083 7418
8344 2471
8296 6498
6 5558
8330 9196
1470 7374
7296 5419
8131 5736
1405 7393
247 2840
1379 9127
4312 648
1607 8666
6279 6607
7204 3286
8915 3614
5754 4422
6629 4002
5245 2771
8392 1263
5752 3266
5146 7551
4144 2895
1507 6389
6466 3077
127 1920
9314 1892
4791 6857
2939 4554
543 8082
6709 5583
2820 2014
5211 6578
4159 128
3940 599
3579 3096
1309 2061
5660 6728
3440 8027
4931 4855
2223 2775
4452 7465
6169 6812
3861 3274
4756 1708
3281 2313
1406 3151
6749 2026
7554 9388
5613 6829
6119 1049
5940 7510
8415 6796
8564 8870
8684 3534
1896 5316
3227 1458
6649 8512
7975 7072
7275 760
5577 8096
4402 9222
8033 9109
9462 6789
5445 802
4788 9335
1596 1393
7889 1579
8728 903
3861 9491
5651 9482
1731 564
7438 336
1942 6042
8161 8945
6634 5399
6311 8892
2798 4072
5956 3307
108 960
2594 3079
7082 7830
7734 401
6950 9084
8522 7822
7774 4101
2136 7984
4403 6387
8961 3773
682 5350
2996 3678
3077 2367
6656 6133
2175 3679
8926 7536
8582 7520
4633 8373
6338 190
201 3010
1545 3073
3605 5876
5570 39
4514 6783
2621 5482
4101 5241
3745 3024
467 7538
1377 957
1274 2970
9347 729
5103 7812
8737 3551
4623 5527
2891 5620
8701 583
3771 4736
1983 797
1133 114
3727 9050
818 6223
5710 9312
863 538
7458 8660
1124 8267
5781 3022
5375 4197
9484 1525
7686 700
9362 9441
9032 8886
822 6562
1276 1381
4663 1831
9127 2569
3500 8017
2486 6331
2816 7521
4463 2647
1874 2134
7548 7167
1045 5318
4111 675
6931 3277
8350 7571
6104 6777
3035 1435
9113 1240
3956 8767
3324 9153
7320 4846
5433 7184
77 3478
8781 1090
7636 7724
8811 4040
2713 3585
4805 2038
3529 1246
1245 871
1237 3477
3121 8923
20 8792
8694 7773
2297 7533
3337 6168
3421 1183
9171 6907
3545 4702
9182 6548
8716 555
6185 3034
1967 5591
1002 6287
3201 1884
205 5120
6812 1227
1588 3065
4598 6588
9032 4685
468 485
3726 5669
3840 4433
706 7091
6843 2778
2854 5726
6858 5133
8259 7691
9146 6178
7907 2425
1535 1598
3685 8916
6136 2500
4773 4712
5147 1355
4772 396
11 3140
3009 9044
7032 283
6934 4277
6401 7301
6115 6563
2869 2096
3039 6615
8905 609
2542 8848
4015 8152
3067 6233
1447 4409
7426 519
2199 5957
7987 2097
2541 4551
2975 6689
4683 1144
1091 888
2203 9194
2673 7799
2461 6046
7984 5397
2636 6377
6390 8311
2325 1138
5138 2744
4199 5974
5046 7371
5747 3460
480 3253
4696 8467
8361 6770
825 7728
1082 5418
5132 237
4589 8844
6644 4896
2484 5404
3849 5619
834 8048
1771 4979
2415 8363
3415 9192
5443 5439
2764 2709
2520 2485
899 7553
2939 4935
1559 4999
3554 2243
2851 9216
1069 6268
5967 1724
6830 7037
1671 4234
7914 4397
4332 7627
4449 4335
8082 1475
4221 3689
350 5248
1315 3508
6333 2507
4454 1136
4288 2161
9057 6476
8053 1657
1134 6571
5675 8279
3442 4917
3520 813
5881 6680
3514 4727
7682 617
8782 6244
8721 453
6422 449
6653 3409
3411 5234
942 7029
3182 2298
3629 6131
2397 4018
6476 5997
7963 8841
2036 3446
1829 6694
8287 5322
667 971
8403 2125
3952 1169
1263 2431
3187 7764
4957 7555
4466 544
3437 1668
6069 5564
1452 4328
6940 5074
9005 202
1103 5915
919 9486
5684 9234
3915 7595
8797 3694
4056 7885
9300 3456
81 1530
7962 7639
9211 5135
4162 9281
1045 6068
2422 5215
8697 428
5231 9052
7310 6673
545 6142
9256 727
4928 5007
8472 285
1393 2075
234 5361
7067 7157
9329 3532
353 3293
4500 1466
6026 5820
2398 2071
1308 5638
3461 1670
5846 1900
6638 2888
5704 3570
7607 8154
2634 3590
5566 5812
8847 2198
2770 3147
2746 6925
8356 4348
3398 852
7835 4984
7371 3693
138 8298
3530 7784
1204 8617
6861 5502
4447 4178
1251 2435
258 7767
3331 6848
5132 7271
8767 8824
1006 4703
4991 9354
1453 4795
9221 7662
966 3471
568 1661
2772 3667
4096 3682
2105 6075
2658 5227
1953 9193
7338 7055
7488 4439
2735 4798
8342 7631
1145 9007
3847 8578
7772 3043
6095 7950
3752 1386
6985 6786
7484 9360
1931 7814
6779 3666
1218 4378
8475 9248
8681 4721
1815 701
3515 7933
3825 4786
5209 3660
8366 6234
1285 3191
7710 9210
314 5962
3400 1193
2677 6809
1847 8195
6996 1289
4160 7542
662 2813
4761 7991
4927 7504
9348 334
3256 1733
2292 8246
8729 2930
690 4552
2469 6621
1760 3832
6517 5205
8446 7089
5330 3954
9318 9363
3046 7264
1634 8939
5636 3827
4934 623
4312 6215
4572 6055
8075 580
1386 9455
3497 3909
6694 1617
1204 8562
572 6183
1289 4913
9354 1390
2087 4192
4491 2557
72 1302
5671 4992
3813 5372
7638 2861
5558 5931
7181 1168
6614 9461
9268 8277
4350 520
8875 3344
7665 4470
561 5028
3474 2943
4117 6063
2000 5019
3402 1619
3944 3070
806 9262
1294 9333
7210 1762
2425 842
8590 4400
1258 6101
1877 5561
6908 8845
698 685
5901 3607
9257 1000
205 5866
5615 1304
321 1107
7897 6320
8789 6471
5240 8510
1398 6663
3605 7253
2477 9364
2901 8066
6459 5218
7220 5661
3615 3697
7751 757
466 9259
8066 1697
2393 7823
6251 5281
6917 3516
315 7490
5771 9006
2813 8507
6524 3135
2073 2188
6711 8456
2909 1371
8895 4940
2195 4599
6948 8525
8670 2655
4151 216
813 4711
142 6913
4641 5
9189 7088
5938 4133
7114 5632
7882 5157
1446 8515
9326 4098
6463 4706
52 3907
8938 5212
3381 9420
6877 3811
9342 8571
7632 2053
2504 1611
6672 4745
8296 9293
1886 2305
8001 294
9480 4392
984 3098
4058 3285
1505 4318
3003 3879
2483 6594
4425 6927
5236 3698
7829 6918
4453 5346
111 7125
2736 717
7312 7952
5191 7364
6779 2642
1039 2848
9037 6222
6747 2201
3689 1649
4801 4799
7576 8772
6319 7737
8495 8958
8935 4958
6736 2442
483 4904
1711 5729
8092 2054
5954 9444
3488 14
4679 2873
7996 1199
6979 2876
7748 2618
7846 8931
3987 8270
2444 3765
8229 7049
4543 2779
5424 8377
5034 4990
6883 8626
38 6707
5293 3441
2113 9080
2415 2934
8519 1846
1024 8493
610 76
2731 1440
2900 4376
8739 3753
1583 2374
8314 4948
4010 4768
8980 4709
8941 5301
2574 7303
7204 4287
632 2879
7064 2009
8965 4782
683 9409
2444 2688
1684 7414
5664 1153
4806 7856
4930 2555
3785 999
1551 8563
1900 489
8841 3117
3044 4730
1828 8186
3089 3264
7025 6245
8319 8466
8784 3552
9107 3450
7507 4800
6061 5329
1211 6952
9218 1679
5048 6569
7921 1259
8535 2093
7015 4356
8469 4262
6113 7652
8946 6505
1197 1602
729 901
395 366
1860 9094
6695 1162
3508 5579
6464 1974
2213 886
5926 3934
4887 1490
4225 1456
2166 3517
1053 7838
5249 6965
8124 803
1149 3796
7416 7715
3726 3804
840 7861
6808 5184
9086 8242
4225 2468
5189 5340
5003 9322
7228 1734
2771 2686
5074 1293
1481 5170
1291 2100
2673 8035
4489 8894
3108 3170
6902 3584
7823 322
5863 8197
8474 790
5859 320
1034 4495
5373 2579
4243 6612
5435 2893
6063 853
5809 7491
5005 3712
6564 6224
7258 6826
1996 9263
2898 58
8536 4911
6128 2639
5115 2635
4077 6890
2311 1277
2822 4471
1437 9033
6726 2117
7849 4943
7401 633
7284 398
8532 1455
8721 8491
1031 9436
6891 1608
6036 3522
4037 2146
7488 1540
3741 7292
8600 3016
3226 1747
4412 1123
5412 9407
9201 8921
7996 6070
7719 4947
922 9178
9239 5624
781 9212
22 7043
8844 4237
8550 4457
343 18
2783 9138
3067 7789
817 6509
3004 9011
3477 3032
3906 82
3590 3091
7492 4194
8299 6278
534 1746
1989 2234
3159 8498
4437 1431
7342 1127
9184 5893
2870 5680
3590 7746
3572 722
1842 6347
6301 6384
2054 7065
2181 4689
9121 977
6048 1271
8550 1567
8750 3444
9171 883
1439 6719
6419 8743
7557 2279
3782 8312
6322 8623
5803 2871
612 4001
2858 4604
1145 7174
5273 1821
5499 2624
7325 6176
5030 778
2024 2539
4276 2099
8689 2215
6315 2008
101 1342
4827 2747
4908 4353
7425 4838
2658 4715
4852 2724
6891 9147
8414 4420
3028 8371
7271 7231
1336 5388
7774 5738
1984 5856
950 3145
8081 7988
2256 7048
5875 5648
3788 1047
508 4091
4897 9255
2895 5870
1839 5696
5191 1561
2823 973
3680 9319
3472 8696
7795 6855
9402 94
3430 8129
3498 4142
1191 2089
5643 1420
8831 4339
8322 251
419 5677
3452 2443
1441 8970
7241 4787
2453 2321
5502 8325
6834 793
6693 6585
7170 3639
7012 4645
5074 7499
8849 4363
4002 5255
5962 8248
2790 6227
2924 3005
5004 4993
3555 6822
6354 8148
2302 3958
6410 1721
9020 3511
7481 5548
7296 2564
2255 425
6595 2533
5639 5068
8861 6990
8299 6173
6489 5746
6905 554
4305 8359
5050 9128
724 2622
3566 3732
7152 3650
475 3793
1909 8799
1015 2926
6723 2304
173 865
6470 1357
6787 5941
7389 6529
5836 3947
3608 5187
4143 5565
560 6367
7525 8212
4934 6903
3208 7383
7825 4767
8845 1368
5410 6567
4389 8655
440 189
3029 8627
5068 4251
4858 5363
1255 7313
4748 3192
808 2173
7335 5594
6680 9053
6100 7755
6107 5532
5247 8818
2081 7847
6292 7902
6578 2352
1998 2221
378 2236
1882 340
6627 5530
2250 4390
5004 8227
4885 8175
811 8157
6312 7578
4453 7586
6772 4863
2499 1817
7856 2590
5508 1785
8400 131
699 3955
6345 4414
4025 8719
9496 1838
788 120
2150 8203
2869 4156
7304 5991
214 7567
3696 7874
6777 2358
2729 2691
6837 7742
2979 6975
6520 5047
1651 856
6931 4765
3441 8686
6949 3057
3920 113
2242 5401
3385 590
1483 6091
7266 103
3325 8787
8656 4482
333 588
8012 4247
9065 5085
2 9101
6587 4866
6697 1772
8499 1463
8017 2670
877 4527
1873 3110
7268 441
7726 6004
5011 4493
7944 3370
5406 1844
1455 1074
1500 2184
2223 8465
5893 8471
106 2578
5085 6295
6876 7864
6836 2114
7094 6246
6063 6236
2347 3357
3079 1660
6241 4932
1275 1725
3690 7606
3148 3903
3195 2303
2073 3021
8817 1156
2710 292
2709 4666
7672 6403
1502 5460
1945 9038
4074 7600
4400 3857
2166 2921
1955 2167
5309 7562
537 6678
7565 1511
6656 5117
522 4401
6683 6981
5076 6502
7454 1027
8934 7071
2823 6852
8532 2969
1346 606
740 9437
5285 2604
1020 183
1077 3157
2902 1356
2713 2019
5416 1125
8927 1997
1800 8556
1154 3641
2139 424
2693 1798
8000 4853
8614 5758
6590 6270
3251 5490
5652 8009
1259 4906
1860 1469
8026 2290
5223 4915
3796 2657
3429 7073
3411 2663
6084 3262
181 9145
1618 8979
1281 8898
6956 5595
3565 7915
5193 5645
7979 5368
2450 4779
7032 1019
8009 6802
8093 6421
8737 9392
3611 6608
4863 2276
7585 2143
7550 8295
8163 1726
5276 2818
1075 3653
2173 6289
1138 7115
3729 1230
4216 2003
4951 7513
5868 5261
5020 2513
685 7267
2424 1395
8592 3164
6026 3622
7050 6654
4684 2210
5163 3521
2475 2733
6998 2906
5246 641
2649 19
1257 1592
9208 3367
2448 445
8117 8717
6087 7041
9154 1605
8650 7892
3134 1834
3342 4989
7032 2514
243 1178
4553 9416
5252 1986
8390 4440
2517 7377
2654 4336
8201 5312
9245 1691
4293 3375
6197 2268
406 936
8708 1449
3845 1095
3566 3928
2170 4570
3329 3019
7486 5153
8738 5690
7877 5251
5274 7051
5790 69
1240 9283
9247 2365
6858 923
827 3206
6379 7707
5114 3721
2482 8150
9189 2363
7335 5998
7040 1247
1683 3754
8169 1941
4419 2614
4041 2258
1905 297
8004 6282
145 6283
3412 9169
1975 8037
2844 5739
8967 7218
2015 6892
6602 9062
3428 8768
863 3619
7389 7133
939 43
4251 5898
5990 7992
3162 8878
2061 9277
8561 6971
1229 7763
4573 1262
3826 8399
1427 6424
6341 918
2099 7731
5804 8836
4071 1200
8095 4481
4707 1936
1856 9118
5592 5260
8344 1865
2048 2560
8587 4894
3688 8994
1127 5327
871 3842
3461 6416
838 993
5462 575
8498 2607
5148 9206
3956 232
6356 5480
3648 2495
1815 4426
7798 4451
8544 6797
8960 3014
5624 9384
2400 8192
2150 770
331 6037
1756 6526
1008 940
1301 2331
2036 2556
2609 8193
8101 6193
4700 6792
8332 13
1993 3189
4160 2727
7020 360
6826 4097
6630 3818
515 7824
5402 5756
9174 7305
8318 586
3013 8925
8475 4278
1466 8008
8016 5440
6218 3977
3116 2187
72 9485
6251 5037
187 7367
766 8183
4147 4811
4476 2357
2087 3041
9149 5662
8546 2434
3050 7905
791 1234
8529 6831
9086 784
2427 3631
8702 7532
7120 4152
9034 3152
4926 2162
5848 576
1302 2092
7541 7900
2375 3323
4543 6878
5335 3999
194 411
4011 759
7318 5092
1228 3168
4646 8733
3525 8126
7110 457
316 5536
557 8429
8493 1400
3581 6492
5877 1695
2289 2342
5242 1532
4703 7028
1211 5099
7326 5449
7875 3742
3677 386
7300 2929
3555 209
113 8486
6002 6446
7924 5955
3468 8336
1491 2330
5177 4187
7201 4256
1605 5830
8706 6592
6123 329
4772 3542
4406 1339
8210 6483
461 3887
7015 578
1627 8410
6892 3485
7360 3544
7951 5093
1694 8291
2985 6533
3679 933
7319 1863
4395 7556
1344 941
6469 6071
7249 6522
9332 9373
7282 5098
5922 6484
6465 902
2809 7038
6057 31
7950 1748
8561 1693
1561 3638
968 626
8732 5026
8927 567
2312 6751
5636 346
5346 6739
618 6382
2270 140
8178 1637
857 1206
4369 6530
3284 6258
2142 5283
2815 3111
8050 4898
7883 9140
7750 6746
1279 6013
6005 4665
42 2540
3889 1680
8069 5867
9223 7827
6133 8652
5981 5123
6879 2659
487 8375
1785 2993
7387 6545
6159 3194
116 7757
2536 1673
3 3609
6192 6666
5841 9310
5055 6773
1466 792
2360 2464
1807 4138
3550 249
8779 3403
7927 5980
7365 1359
5584 2293
8414 7382
9009 7449
8971 3297
9214 4825
2728 1757
4398 7127
2879 4053
1666 7563
284 6231
380 3900
3037 1387
5287 5243
1280 4128
6386 5124
4216 4815
2395 5971
7119 7442
8849 2118
218 931
4232 9269
4242 1422
1323 3279
8474 5119
1539 7694
2321 2467
7311 6488
8160 3664
6291 5773
7214 5160
9318 6127
8349 8760
759 2835
4481 2314
4723 8929
1461 5534
9377 1314
2377 8137
1774 3938
7795 6015
3926 4455
9244 8381
267 8527
6678 3047
4411 8310
9498 7735
9102 4165
7651 7575
6318 6456
8786 4547
4689 2023
334 5588
8154 1855
4833 8918
2518 6898
9464 8762
193 1515
5275 2956
4444 5569
3130 1581
8534 595
2656 8078
4820 4052
6160 7758
2903 9115
9097 1753
5076 7977
9008 3480
2096 2379
1950 7431
607 7502
4205 7879
1502 6275
7528 451
172 60
2847 2503
8187 4099
2659 8914
4215 9440
4104 1891
9136 4112
7851 168
4463 9066
5463 4602
9254 5608
952 6310
5894 8588
6327 471
1496 8065
3077 6803
1511 4583
389 4861
7518 1288
4238 7059
272 8406
2925 8329
3540 4498
5871 9290
9441 9231
5463 8067
7297 6518
3132 8745
1347 1018
8084 5190
2075 3966
1392 7007
5527 7713
913 5975
6308 4324
4291 4213
3008 5179
2954 46
1845 5732
8364 2977
2785 9317
8274 5226
6477 1064
800 8452
2448 7681
7419 6984
8236 6073
3705 744
7144 2353
8055 9056
9167 3163
8477 7908
2905 3289
5057 3282
9080 5718
1327 5072
2663 3751
6486 5494
5654 2371
6804 1417
9149 3475
7426 2976
2194 2919
3522 4028
2197 164
1464 5646
5702 8376
7291 4647
203 9408
6858 5453
783 8068
7782 3489
4589 3627
2820 9137
7118 6033
2869 8806
1551 61
521 6947
3890 2904
6082 497
6710 8046
6316 6284
1445 3388
1805 3674
5410 1312
8359 5573
9194 1926
8692 1737
1379 8006
565 1755
4789 2043
4772 8742
6933 5617
3048 2410
4983 8191
8934 1767
8736 1221
1036 8062
5344 4368
6276 5497
5055 3373
951 2508
6157 7276
3440 2666
1540 98
2102 7357
7268 2810
6307 5202
8349 3479
8609 8234
9490 4717
8104 8636
8612 5105
1329 6436
7791 7274
9032 175
8335 5905
1745 525
3738 5475
2206 2927
4375 6591
2947 5791
1924 4268
9283 1260
9247 2207
1651 4269
2397 2739
8868 4649
5331 7023
7863 5777
4648 4576
3105 1531
2603 8963
4404 3718
9149 374
1325 3802
9190 3142
5793 8013
6275 5686
141 596
4626 5394
7806 7435
2982 8254
4560 7572
6083 532
6573 49
3312 8139
3124 2856
7270 5567
2057 835
8848 9417
1637 5722
4757 728
5599 7085
9373 7716
1088 3263
3468 73
2774 1786
942 895
2753 8397
8888 6853
684 1216
5714 6175
6929 7616
8626 2855
8520 7622
1901 3454
9375 9105
7061 8435
9137 5578
7563 4272
1247 23
1108 8605
2592 8306
9193 7099
9377 2907
4171 7497
8771 2828
480 8253
2132 8665
4711 1104
655 7002
2398 1330
652 6393
7150 1751
809 5950
8406 6153
2171 93
5980 2153
6702 117
6103 4177
5813 7688
9085 8142
8523 1903
4795 7815
260 167
6045 9299
163 1201
1672 6801
9447 3492
2357 2158
2628 5764
6464 2185
3324 5936
1842 1742
1681 6954
9357 7359
7480 2350
2420 7740
6723 2811
307 7143
393 9012
7719 6230
7192 2562
1948 3328
4695 8912
1739 7939
8461 6444
9327 3417
7140 8347
7368 405
5994 3318
8301 1604
8587 873
1415 4189
3231 6662
3540 6761
1517 1578
8702 1242
1449 6765
4439 2723
1061 1057
9406 8780
6652 5427
687 3995
2479 3199
2353 3957
7212 8654
5810 2573
239 3149
2706 8972
4973 7862
2117 5374
5024 2200
5614 1978
9357 3254
8358 5259
6758 4575
8312 2538
2192 4045
6008 2059
8669 7584
3815 8368
9246 6625
2218 2238
9372 8632
5171 5942
8079 4145
7313 7217
3146 1582
6404 2004
7620 3812
6473 1804
6815 7058
3529 5976
7381 3510
3773 7238
3162 8974
7827 8257
9301 8842
5277 2617
2755 4512
5990 7344
8128 6701
3040 996
6291 197
8668 4055
1604 927
9260 1468
757 1727
2130 8794
6931 3661
1595 917
7004 2968
5491 3393
4161 602
2234 6755
7015 1474
6005 1836
2993 6713
8572 3384
2456 6480
1566 5337
3223 5045
3323 3102
2892 8059
7705 8205
7772 8746
6246 8754
4189 3257
4359 6846
8150 8278
5850 8362
8270 1916
1223 619
8606 2351
7780 3252
9400 1299
1426 1850
1167 8854
4007 3766
5842 3501
4392 8501
1645 5487
6455 2742
8729 319
8270 8820
6484 8286
8748 7111
3524 8484
8435 1222
7834 6156
776 6874
7697 2082
5383 5559
2519 1151
8818 8230
8573 6729
180 8315
20 8228
7817 7517
3893 6661
603 288
3608 677
8122 7545
4459 9112
5892 6370
3597 8500
8643 1319
4314 3775
476 6593
818 1779
2342 574
4175 184
2425 3837
6928 4588
1282 4857
1144 2817
128 664
4135 4807
2935 5302
2088 4728
9399 1022
5698 4644
3617 9394
6985 7019
9288 4770
2298 7797
7846 9449
1280 3577
1190 2760
1670 1418
9213 4327
3285 9242
2882 6296
2428 5787
1310 8604
7810 4254
3916 3007
7003 6745
6689 6811
4030 9331
5772 2570
457 2717
3757 3974
6289 1630
5637 3345
162 6844
7931 1451
1837 3310
4331 4000
7158 556
9193 6067
9171 1382
6787 9274
1233 4523
2479 5891
4048 4006
1292 4461
4006 4105
6871 746
997 2862
3809 5107
5398 3496
8967 8470
2011 3173
4125 5432
4733 1744
4282 7014
4915 3513
8952 8130
20 7086
5151 7358
3550 3736
2559 6122
4036 9073
7561 8411
7983 7644
8755 5230
7439 967
6823 3707
5514 8432
9110 6768
4875 368
4153 2680
7512 4722
6956 8907
3036 70
7970 7216
6314 6850
4650 5341
1011 8391
3019 5479
4061 8132
6386 3673
1942 8810
2597 8264
284 3058
1852 5010
7794 6895
7732 5025
6254 1736
9001 955
6715 9143
1495 3662
1338 1334
3938 660
5798 5100
3497 6651
6841 5515
5761 6633
8387 4814
7609 6468
4986 629
2565 8031
631 1158
7324 6442
1151 5257
5505 150
7380 387
708 4240
35 1899
8900 8807
4456 2791
6051 7421
7463 5572
1953 4417
876 4361
1713 1690
3108 5290
7611 9439
640 7844
7408 4203
6688 3790
1441 9200
9321 2743
8368 4012
822 3476
8960 6516
5438 9497
2816 4654
9092 8671
8331 1555
3803 2928
5192 6628
3283 8483
7093 4289
8123 1766
2957 3649
6455 5563
497 7445
3937 6894
3553 9075
429 6177
7845 5238
9204 6691
257 8975
5815 8677
2058 1177
6487 3473
421 2063
7645 256
2851 454
7009 4202
4506 1497
6689 4859
6054 7749
5405 4802
4335 8284
2569 3078
8519 4081
4749 2122
9491 3131
1760 6893
1695 7537
5764 4357
6766 6806
2992 9164
9073 5611
4196 5633
2915 2821
1764 3657
3257 8394
3341 5829
5852 107
8484 7872
4621 6208
2666 363
5309 9466
1002 3643
6983 7980
5810 4208
5467 666
8761 7016
528 4769
577 2241
4252 8143
6470 9453
6044 2708
9356 2526
5986 1207
1178 2857
1426 566
7012 2616
6778 9150
3657 5144
5624 691
1581 7332
3113 3792
3257 5348
5047 2070
7408 7664
8182 1067
7417 7785
5992 9068
3633 5208
8623 4032
4066 5937
7100 4227
6481 2721
5200 3304
7562 3196
893 1716
8883 5461
4019 4517
645 5250
3730 5862
2903 9422
5234 8005
2478 1820
9226 3387
8481 8426
3768 8530
3269 6951
7774 9179
8720 6143
4260 9165
3641 4676
6503 5365
5235 4108
645 6508
8794 1348
6363 8100
9390 5155
3507 7147
2726 4586
7152 5112
4484 1913
768 730
9424 3769
3892 5797
4238 8774
5286 5349
3608 8030
5746 6200
4158 7328
7853 6586
8266 25
232 5073
5804 6337
8322 423
7914 2211
9289 3154
6058 4635
1196 8144
8580 9122
6434 4608
7688 7090
5581 1922
6395 3205
7065 743
3255 6640
4355 9344
4949 186
7898 352
7750 5300
8240 3713
1715 9215
2652 3882
4013 5389
1374 2249
8071 4705
6817 2317
6984 1770
9483 7945
2606 6885
2959 3724
5104 9315
5527 4360
1602 8168
3393 1115
5008 8171
5036 6329
4650 5158
7608 4574
3939 6134
718 3623
449 2510
5663 7593
7334 5199
6665 5217
7341 2233
6531 3953
6599 5540
9408 4113
64 2128
1882 7193
7880 7027
5872 1825
3329 6540
1109 5140
1649 815
9298 339
6447 8052
862 1139
6498 3715
8999 8955
454 4370
9077 1594
1786 3656
3848 4688
3654 136
7755 819
3788 6916
8850 8256
541 8165
5619 1480
902 7526
3629 1454
2392 8682
8288 841
1179 9500
7788 2091
8003 4394
7345 2792
2678 7766
3443 4522
6458 66
3448 5323
1027 4823
3348 9415
5260 4881
2109 7424
4609 7112
6775 4629
3398 6111
266 8715
2869 3913
2058 2953
7940 6756
8947 3863
8156 2608
4771 8153
3734 8693
6063 3946
9120 1473
836 6763
2025 5708
5109 5672
1353 6116
2263 1662
3054 4674
1246 1961
3235 8882
8337 8917
50 7826
1323 7942
2706 7741
2708 8255
7715 7280
4948 6182
9173 9023
149 3569
3352 1642
7717 9108
5808 3835
3376 3527
7664 4429
2885 4435
2444 415
8490 5713
1196 6989
9289 8825
100 185
545 4889
1414 1803
1052 1765
645 8819
2559 7136
9149 2384
784 8184
4023 3030
2360 9345
2818 5347
7170 8119
6713 8675
7837 715
1790 6734
7799 4843
9457 6610
9033 4027
7179 1982
7791 1399
7605 2294
144 1032
1002 1252
506 355
4505 4062
7884 8177
1525 4391
2591 3435
8526 1171
3538 4130
550 3644
1653 1062
9349 8631
3182 3160
6523 4849
5274 2833
3768 3017
3040 2531
4959 3743
6029 1254
9219 6932
2436 7379
7761 1889
7660 8735
3884 9454
5364 7922
3468 8953
8272 2535
405 4835
9198 8634
2491 8151
3549 3935
6796 7052
1403 5097
9385 5486
3144 1635
3424 7720
6159 3166
583 2712
3167 8408
5939 2316
4166 7628
3049 3209
7407 367
7371 4224
1674 7153
7099 3350
9334 2804
1023 738
9350 5858
1218 5113
8725 1957
8088 3922
1517 779
555 4818
1387 3155
7097 1493
3432 707
6764 8367
2567 8575
3583 5289
4099 2849
9284 598
7575 9158
8389 6538
3729 7515
6183 3219
9225 5503
1519 661
5253 628
274 3592
5727 30
7645 4507
5738 2119
2545 8473
8348 1041
1776 8910
8628 2878
5484 5454
1780 2584
1337 6445
6134 2511
3221 9286
5712 3864
6931 6174
2450 3487
